ROI net sum

Spectrum               Na    Mg    Al      Si      K      Ca    Ti    Mn     Fe    Zn    Rb     Sr    Zr     Rh
---------------------------------------------------------------------------------------------------------------
002                 50771 51169 66215 5362229 143275 5324972 19988  9884 337823 52023 23808 103797 46482 464162
003                 51008 51728 66814 5395637 143095 5346503 20428 10861 340836 51630 25072 103382 45014 462556
004                 51561 52145 67056 5397657 144678 5365423 20246 10331 341801 50604 24589 106074 45378 468502
005                 51209 52239 67131 5417574 143227 5373633 20793 10160 342397 51005 23655 105938 49148 472094
006                 50420 52207 67270 5424972 143097 5382567 20834 10234 341866 52512 26042 105577 47781 465118
007                 50876 52349 66770 5420791 143585 5378713 19785 10763 343092 52827 25044 105537 47768 463938
008                 50460 52004 67076 5416170 144368 5380430 20106 10387 342015 53009 25070 104349 46859 461548
009                 50032 51320 66695 5412538 143615 5376099 19488 10371 342173 52524 25410 107608 48900 457999
010                 50328 51118 66326 5406279 143262 5368053 19704  9731 341731 52548 25839 105292 45144 454954
011                 50074 51415 66381 5404367 143701 5372559 21311 11272 342572 53700 26259 106158 46497 456911
012                 50149 51242 66600 5398805 143716 5362875 20089  9607 339934 53371 26692 105326 48514 456924
013                 49414 51168 66343 5395025 143746 5361202 20374  9724 339870 53184 26478 104414 48331 455005
014                 49333 50446 66329 5383815 142649 5354426 20412  9668 342334 54207 27393 104912 48807 450929
015                 49644 50912 66078 5386468 144037 5358878 20150  9793 339865 53131 26975 105823 48687 452360
016                 49622 51337 66793 5387819 143378 5356914 20178 10085 341025 54336 26307 104815 46001 452047
017                 49641 50935 66060 5379695 143567 5359614 20265  9700 340161 54229 26873 106356 47935 451549
018                 49225 50710 65825 5374253 143424 5355049 20052 12219 340847 54421 26947 104856 46993 449291
019                 49562 50416 65648 5371213 144017 5348659 19935 10890 341974 53774 28441 105276 46542 448879
020                 49147 50597 65826 5374638 143296 5354664 21212  9891 340714 53595 28156 105478 48815 446490
021                 49287 50909 65622 5363479 144270 5348751 20426  9841 340460 54550 28239 106821 47478 443467
022                 48944 50220 64886 5365284 143164 5344474 20445  9538 341536 53301 28249 104372 48042 444258
023                 46859 48765 65457 5440584 145075 5407954 19936 10068 343349 54366 34564 113085 49297 412670
024                 46389 48551 65454 5436375 145214 5403982 20269 10702 344721 54000 34523 111228 45822 392437
025                 46050 48332 65267 5438252 144917 5395810 20491 11059 344106 54506 35500 110714 48425 387533
026                 46046 48357 64127 5434564 144344 5395982 20249 11125 344933 53719 36589 112114 48928 388958
027                 46009 47706 64691 5419246 144822 5385653 20478  9551 340621 54684 33909 111077 47425 386416
028                 45798 47515 64584 5397110 143693 5364158 20756  9524 339789 53085 35790 111409 48167 386497
029                 45821 48043 65169 5417880 143541 5380283 19909  9581 340684 54961 36140 111879 45423 385378
030                 45818 48125 64452 5428645 144674 5391113 20266 10253 343702 54624 34753 112406 48543 387845
031                 46505 48255 64755 5425420 144224 5392062 20194  9639 341961 54417 35518 111623 47678 387825
032                 45775 47508 64562 5419787 144280 5392342 20595  9848 341574 53637 36961 112989 48928 385475
033                 46099 47870 64575 5418373 144266 5382254 20444 10393 341433 53967 36251 112537 47435 384638
034                 45637 47332 64474 5411412 144039 5381564 20525 10994 343722 54412 35427 110643 49016 384323
035                 46105 47844 64532 5401724 144220 5373311 19844 11112 342604 53999 36316 111793 47687 384241
036                 46238 47747 64301 5405007 143886 5376371 19837 10574 342283 55416 36287 110530 47827 384789
037                 45309 47717 64187 5403042 143415 5377369 20412 11285 342217 53297 35888 111333 48486 385527
038                 45626 47607 64312 5390830 143563 5360902 20085 10735 340447 53248 35716 111105 47271 383504
039                 45618 47260 64208 5387228 144779 5373084 20665 12103 343625 54049 35552 109755 46771 383541
040                 45903 47825 63993 5398543 143589 5374923 20115 10391 343941 54445 35204 113718 47889 383587
041                 45617 47590 63999 5394449 144168 5376781 20636 10218 341082 54271 35829 110448 48386 383645
042                 45990 47496 63839 5379892 144118 5353754 21011  9602 341481 54628 35373 111906 47413 382094
043                 46042 47814 64129 5388187 144119 5366029 20599  9993 340890 53948 37074 110547 46885 384610
044                 46425 48074 64975 5432050 145307 5411914 20613  9798 344896 54951 35238 114307 49658 404328
045                 45309 47828 65373 5449854 145714 5413908 20295 10570 343114 55004 36118 113074 46386 379349
046                 45392 47134 64439 5416565 145337 5410152 20495 10547 345089 54380 35829 114278 49865 375827
047                 45364 47521 64338 5437169 144340 5403652 21148 11937 345501 53371 36086 113287 47893 374301
048                 45875 47612 64785 5436376 144503 5401103 20164 10355 343276 52826 35872 112446 46573 373107
049                 44997 47432 65072 5436640 144601 5404527 20337 10147 342784 54104 35400 111942 47303 372964
050                 45220 47547 64443 5427453 144704 5403936 19958  9248 341043 53623 35822 111703 47003 372926
051                 45396 47024 63722 5420624 144277 5398436 19965  9752 342115 53495 37364 112396 46500 373274
052                 45500 47161 64294 5416662 144250 5384676 20966  9709 340816 53656 36828 114189 49386 370112
053                 45340 47067 63965 5419394 143885 5392397 20248  9922 341621 53578 35708 112727 47692 373871
054                 45304 47176 63861 5416151 144453 5387289 20134  9933 342349 54204 35885 112714 46867 371995
055                 44833 46648 64453 5400241 143435 5375035 20479 10379 342992 54283 36380 110883 46881 369760
056                 45163 46965 63263 5401476 145196 5377868 20505 10548 342446 55243 35006 112056 46161 370723
057                 45033 47245 63677 5407758 144164 5381391 20514 10526 342231 53113 35897 111949 47138 370999
058                 45095 46823 63751 5397973 144394 5379905 20266 10210 343298 53456 36370 112073 47042 370712
059                 44938 46908 63098 5388456 143415 5367596 20869  9773 341094 53559 36165 111950 46690 370000
060                 45628 46970 63532 5393383 144830 5375646 19668  9709 341719 54038 37259 112504 47760 369396
061                 45445 47063 64267 5398047 143632 5379027 20417 10694 342325 53258 36007 111202 47854 370765
062                 44805 46980 64195 5396329 143853 5373070 20278 10149 341321 53702 37919 112694 48296 370111
063                 45044 47081 63369 5385865 143885 5371368 19960  9928 340635 53575 36364 111141 46437 371061
064                 45244 47078 63875 5377519 144069 5362001 20595  9788 340597 54423 36271 113060 48231 374940
065                 46081 48591 64796 5433731 145677 5407948 20399 10051 343209 53213 35443 113108 48723 399552
066                 45550 47327 63956 5429319 145499 5402738 20390 11367 342791 52151 35899 112524 49198 376353
067                 45231 47675 64344 5434047 144512 5407346 20255  9898 343416 55596 35598 113241 47387 369566
068                 44756 46897 64227 5433439 144618 5402105 20578 10140 343181 53437 35903 111898 47561 369529
069                 44939 47415 64181 5429757 144549 5400714 20888 11043 344674 53149 34743 112107 49277 370634
070                 44582 47237 63955 5416616 144463 5396061 20476 10168 342263 54205 35589 111883 46896 369233
071                 44858 47035 63802 5417447 144514 5392853 20718 10808 343190 52548 37692 113778 47629 367347
072                 44764 46996 64373 5416570 143892 5385424 21286 10115 342968 54010 35554 111670 47580 368181
073                 45159 46730 64192 5420807 144122 5399151 20363  9516 342649 52375 35467 112748 46714 368844
074                 45124 47196 64084 5415052 144321 5401016 20187  9989 342153 54726 37311 113765 47929 369044
075                 44528 46429 63954 5419039 143471 5394758 20361  9961 342305 54726 37099 112731 47477 368346
076                 44849 46670 63840 5405810 143685 5378203 19993 11317 342969 53746 36748 112831 48138 365353
077                 45386 46896 63654 5405540 144878 5383152 20213 12220 342535 54339 35861 112277 47196 366539
078                 45058 46659 63558 5404032 144031 5380498 20867 10623 342109 54742 37375 111971 47854 368196
079                 45310 46856 63395 5400846 144324 5377484 20607 10246 341864 53730 36756 112292 47213 366420
080                 44951 46649 63673 5394907 143460 5376369 20504 10922 342843 53848 37588 110940 46818 367468
081                 44997 46704 63709 5391437 143945 5372635 20932  9826 340849 54037 37836 112733 49169 365374
082                 44445 46969 64028 5394400 143606 5372830 20287 10798 342938 54620 36033 111524 47108 367029
083                 44481 46318 63189 5355893 144074 5350425 20652 10524 340478 53893 35399 112842 46937 364462
084                 44989 46846 63310 5384437 143709 5357442 20289 10029 339950 55074 36324 111684 47215 365083
085                 44882 46809 63939 5383256 143599 5365857 20126  9629 341640 53828 36419 111916 47080 372121
086                 45922 47814 64425 5422012 145601 5402575 21212  9652 343864 53532 35562 114712 50147 398096
087                 45270 47322 64192 5432020 145257 5406296 21325 10070 343989 54880 36018 113118 48003 374950
088                 44978 47152 63927 5426944 145229 5404928 20313 10135 343341 53313 36653 113721 46956 367954
089                 44148 47058 64169 5427792 144506 5400197 20276  9660 343248 54901 36187 114563 48963 367663
090                 44919 46767 63777 5412566 144615 5390743 20089 10463 343135 53526 36532 113380 49339 367800
091                 44901 46820 64250 5416872 144273 5391985 20248 10343 342647 54120 37234 112608 48387 367132
092                 44963 46922 64423 5425918 144040 5397236 20916 11666 344991 53181 35545 112541 48212 367843
093                 44994 47151 63683 5403551 143233 5380023 19993 10192 340912 53300 36512 114009 48570 365508
094                 44945 46517 64087 5415825 144879 5387557 20377 10065 342112 53605 37019 114387 48124 367839
095                 44806 46637 63861 5406598 144553 5386428 20498 10292 343170 53855 36599 113226 47861 366597
096                 44788 46593 63773 5405918 143977 5387570 20322  9942 341565 54537 36857 113833 47912 367696
097                 44738 46718 63849 5405307 143875 5387991 19947  9625 342109 54936 36871 112897 46768 366466
098                 44919 47034 63673 5404728 144753 5378185 19798 10142 341512 54310 37255 113380 47052 365387
099                 44348 46878 63716 5402826 144303 5377425 20153  9166 341123 53900 36664 111204 47320 364761
100                 44414 46877 63926 5396907 143889 5378071 20796 10849 341263 52932 36201 112875 47207 365729
101                 44881 46550 63724 5393293 144644 5376211 20086 10518 341676 55099 35847 112697 47596 366747
102                 44887 46473 63241 5391115 144040 5369898 20174 10416 340438 54190 35781 112322 48983 364197
103                 44693 46586 63662 5384672 143720 5369229 19903 10291 340658 54503 36394 112184 48817 366065
104                 45078 46787 63203 5388412 144366 5369004 20441 10461 341976 53789 35732 111618 47242 366681
105                 44592 46279 63743 5380496 143336 5362292 20606  9683 339225 54509 36235 112006 46688 366101
106                 44787 47014 63797 5373990 142865 5358610 20004 10504 340448 53726 36014 110737 45068 372036
107                 46095 48062 64778 5432911 145568 5407073 20364 10284 344421 53440 35341 113140 47625 396180
108                 45491 47196 64547 5438410 145766 5411445 20838 10449 344611 53861 37129 112762 48234 376796
109                 44798 46974 64340 5434839 145495 5410019 20454 10683 344727 53638 35510 112705 47137 371175
110                 44904 47070 64297 5438928 145252 5413418 19974 10100 342604 52817 37202 114072 47111 368104
111                 44948 46820 63808 5431033 144344 5406159 20332 11531 346562 54856 36720 112974 47393 369746
112                 44778 46913 63776 5430572 144649 5403007 20489 10813 343982 54045 36472 113441 47952 367712
113                 45445 47055 64750 5426779 144362 5400043 20671 10373 342994 54136 36138 112805 49068 367659
114                 44953 47036 63634 5424293 144636 5399619 20359 10046 343374 54302 35142 113181 46926 367844
115                 45222 46861 64072 5417551 144473 5394863 20680 10189 343331 54070 36408 113144 46949 367201
116                 44617 46708 63614 5411993 144182 5393967 20560 11271 342006 53003 36730 112920 48797 367146
117                 44922 46557 63485 5405974 143887 5390773 20300 10169 343240 53924 36209 111466 46533 365502
118                 45325 46814 64206 5412129 144526 5390600 20255 11267 343604 54134 36807 113894 48365 366461
119                 45016 47027 64119 5408488 144581 5385609 20496 10991 341450 53849 37473 113108 47866 366117
120                 45100 46756 63692 5399949 143631 5381426 20151 10234 341847 54030 35422 112970 48098 365594
121                 45278 46719 63691 5396340 143599 5376651 20104 10754 342467 53739 36812 113474 48216 366505
122                 45222 46837 63832 5393683 144109 5375489 19813  9391 341262 53399 35956 111068 46469 365488
123                 44578 46817 64016 5389795 143326 5373519 20324  9987 341819 53988 37491 111775 47858 365433
124                 44803 46842 63533 5390009 144178 5373212 20207  9846 341937 54098 37284 113426 49999 367118
125                 44730 47036 63908 5382474 143777 5372034 20585 10406 341247 53344 36230 113611 48939 366046
126                 44973 46977 63518 5388360 143521 5374541 20183 10285 341818 54225 37476 112492 48080 365215
127                 44824 47285 63919 5384421 144100 5369281 20404 10429 340300 54283 36485 111808 48859 372464
128                 46036 47592 64678 5422527 145424 5395633 20901 10558 343530 52710 35717 113837 49011 394354
129                 45040 47375 63925 5419486 144720 5401509 21154 10216 342965 53336 35891 113960 48251 372781
130                 44704 47258 64417 5422677 145529 5393920 19650  9017 342115 54364 36109 113148 47415 369933
131                 45184 46932 64098 5425663 144909 5396179 20055 10692 344149 54197 36228 113859 47384 367657
132                 44875 46936 63692 5422887 144505 5395690 19817  9477 342225 53332 36368 113975 47015 367399
133                 45155 47317 64257 5420479 144919 5397690 20112  9875 343142 53380 36166 112391 47065 366684
134                 45017 46208 63406 5413614 143979 5396228 20201  9614 342650 53769 36927 112500 48192 367148
135                 44766 46806 63341 5406942 144984 5388389 19965  9762 342108 53364 35668 112648 47283 368193
136                 44737 46907 63606 5403779 144266 5381249 20415 11132 342747 53708 37292 112094 47569 366085
137                 44382 46984 64457 5405865 143707 5385130 20566 10408 342087 54056 36948 111500 48074 365211
138                 44482 46441 63591 5391991 144232 5370729 20966 13045 343647 54546 36249 111795 47523 365141
139                 44668 46403 63491 5398116 143706 5380314 19725 10349 340608 54100 35951 112266 47185 365948
140                 44539 46368 63650 5395228 144078 5376203 20374 10436 342551 54933 36508 112779 47707 364635
141                 45040 46909 64001 5390882 144129 5369712 20310 10708 341611 52856 36326 112227 47480 365968
142                 44989 46269 63488 5391994 144280 5373125 20107 10256 341598 53910 37326 110714 45874 364398
143                 44476 46860 63463 5399450 142664 5370200 20025 10842 340887 53550 35582 112196 47902 364977
144                 44893 46614 63375 5390904 144066 5372026 19892  9763 340630 53880 36760 113440 46864 364344
145                 44716 46551 63236 5381239 143577 5368608 20308 10401 341786 55268 37206 112137 47988 364736
146                 44511 46773 63619 5382708 143570 5360136 20170 10547 342294 54026 36404 113371 47514 364488
147                 44348 46828 63496 5379547 143548 5359167 20718 10368 342357 54025 36962 112089 47734 367081
148                 45054 47394 63373 5371645 143861 5357911 20219 10161 340575 53756 36798 111193 48174 371254
149                 45980 47961 64850 5428155 145284 5398838 20226 10263 342551 54529 35731 112769 48198 392900
150                 45593 47381 63989 5433178 144033 5400744 20895  9848 343202 53712 35875 113331 48144 373357
151                 44642 47631 63803 5428900 144790 5398011 21112 10030 342939 54099 35524 112627 48334 369086
152                 44751 46995 63809 5422831 144150 5396056 20454 10166 343269 53672 37058 113724 47673 367702
153                 44776 46617 63967 5421159 145015 5391689 20900 11072 343149 53613 35915 112839 47544 368069
154                 45101 47149 63962 5421707 144729 5394675 20626  9906 343719 53303 36317 113757 47608 369098
155                 45261 46970 63406 5425239 144840 5402167 19984  9218 342524 53116 35364 112232 48197 367133
156                 44890 46730 63541 5426224 144759 5398353 20510 10900 342185 54402 36312 111712 48372 367653
157                 44965 46145 63746 5410940 143992 5387291 20236 10320 343589 53213 36140 112568 48090 366968
158                 44875 46788 63410 5407092 143547 5383059 19873 10973 342769 53765 35992 112446 45544 365317
159                 44833 46879 63708 5413754 144250 5389726 19931 10707 343711 54502 36618 112849 49435 366388
160                 44583 46337 63141 5414893 143433 5386634 20442 10445 342416 53780 36381 112653 48710 366769
161                 44578 46921 63538 5408009 143621 5377403 20618 10617 343031 53491 36860 112284 48645 365585
162                 44546 46852 64171 5409141 144003 5383824 20164  9788 341214 54476 36235 112294 47681 366852
163                 45266 46830 63997 5403095 143750 5375577 19705  9985 341580 54999 36787 111523 47184 365948
164                 44841 46531 63324 5392503 144333 5376129 20106  9884 340736 54129 37539 111912 48284 366639
165                 44744 46473 63256 5393315 143575 5369816 20447 10027 342177 54497 36706 113241 46866 364013
166                 45006 46542 63459 5389326 143912 5365394 20645 10078 341722 53350 38175 112992 49411 366225
167                 44601 46757 63974 5385424 143832 5360322 20496  9902 341339 54268 36581 111861 47295 364946
168                 44992 46850 63767 5388466 144304 5366634 20373 10172 339942 54033 38264 111920 49325 367838
169                 45444 47125 64098 5392273 143366 5364429 20248  9878 340256 54354 36670 112191 46600 371683
170                 45667 48247 64447 5435277 144823 5399969 20595  9642 342729 52839 35727 112866 49102 392687
171                 45317 47468 64313 5439563 145329 5400637 20414 10234 344204 53350 36525 111821 47755 374824
172                 44850 46769 64197 5431222 144882 5409392 20754 10633 345082 54470 36290 113127 48366 370516
173                 44944 47079 64299 5432219 144208 5400407 20424 10972 343413 53911 35741 113273 48492 370260
174                 44912 46912 64249 5440132 144375 5403956 20462  9936 343002 53073 36994 113388 47381 367540
175                 44367 47071 64127 5432232 144847 5395312 20625  9516 343826 53792 36813 113231 48014 367870
176                 45068 47100 63576 5428228 144305 5397927 20989 11104 343004 54015 35267 114057 50115 367341
177                 44787 47071 63471 5424456 144318 5392043 20356 10287 343468 54402 37272 114080 49210 369066
178                 44673 46954 63693 5425073 144181 5395321 20189 10431 342883 54168 35854 113368 46984 366706
179                 44713 46709 63440 5421187 143153 5389299 19863  9165 342635 54518 36001 114017 47342 366634
180                 44835 46598 63722 5412404 143820 5385363 20132 10843 342197 53513 35547 113112 47130 366519
181                 44539 46990 63386 5414272 143902 5381307 19542  9984 343202 54038 37227 112521 46757 366626
182                 44766 46994 63671 5416323 144727 5384266 20202 10885 342548 53720 36108 112317 47470 367360
183                 44973 47024 63497 5409868 144200 5378980 20665 10395 343023 53241 36456 112929 48787 367153
184                 45497 46962 63943 5406602 144427 5379333 20502 10586 342109 55155 35935 112776 49302 368069
185                 44183 46502 63726 5401045 143951 5379437 20156  9991 341761 53808 36437 112928 49930 365554
186                 44108 46587 63461 5403293 143822 5373589 20228 10440 342870 53641 37377 112560 47044 363802
187                 44740 46504 62985 5401454 143055 5376111 20961 12388 342359 55004 37687 113111 48413 366832
188                 44767 46643 63536 5390881 143342 5367425 20536  9395 341239 53918 36189 112768 48831 365404
189                 45236 46734 63948 5388231 144383 5362588 20505  9926 339656 54117 35925 111659 47082 366691
190                 45270 47193 63930 5388881 143635 5361381 20491 10204 341801 54020 37407 112372 47688 371246
191                 46134 48113 64941 5445417 144360 5409983 20522 11253 344058 53784 35145 114061 47455 391876
192                 45105 47875 64520 5447339 146065 5412010 20718  9897 343232 52976 35846 113540 47533 375458
193                 44719 47409 63851 5443585 145413 5405501 20580 11037 343763 54905 37159 112542 47472 371076
194                 45173 46656 63338 5444948 144150 5410545 20250  9986 344864 52474 37499 113036 46600 369770
195                 44857 47288 63743 5418000 144418 5400303 20782 10492 344188 53893 35870 111751 47278 369101
196                 45228 47065 64437 5438952 144618 5407003 20455 10322 342986 53944 37107 114323 49002 367987
197                 45071 47182 64242 5440016 144760 5400396 20624 10097 344506 52900 37228 113839 47878 368124
198                 45282 47088 64118 5436852 144715 5401596 20336 10220 343295 53341 37176 113258 47637 368774
199                 45264 46711 64006 5427319 143909 5399514 20211 10456 342898 54867 36051 112398 48300 367012
200                 44871 47291 63621 5416707 143592 5387566 19925 11200 343749 54421 35936 111763 46959 367645
201                 44451 46875 63856 5415459 144356 5392063 20217 10078 342597 53488 36270 111495 49213 368296
202                 44951 46846 64017 5409136 143884 5373615 19537 10316 341741 54156 36581 111839 48136 367189
203                 44839 47201 63731 5413735 143949 5378913 20427 10981 343238 53466 36549 112717 47832 367015
204                 45096 46683 63305 5411903 143642 5380475 20473 10664 342348 53494 37964 114089 47728 365540
205                 44803 46689 63677 5407417 143506 5383561 19953 10925 341447 54839 36541 112067 47591 366697
206                 44724 46529 63585 5408980 143733 5375530 20171 10475 340914 54815 37116 112634 47654 366236
207                 44923 46854 63755 5407105 144241 5373402 20546 10359 340572 54583 37110 112883 47782 366930
208                 45156 46592 63956 5395754 143820 5366967 20908 10661 341129 54626 36645 111864 47033 365827
209                 44615 46497 63145 5395450 144184 5368026 20663 11481 341870 55192 36406 112044 47632 366533
210                 44865 46638 64025 5396317 144150 5370539 20558 10738 342146 54766 36958 112763 49017 367445
211                 45206 46919 64060 5391237 144662 5359125 20537  9634 339342 54000 35562 111476 46872 370916
212                 45785 47925 64610 5443026 145516 5407596 20379 11649 345928 54023 36808 113916 49042 390587
213                 45206 47835 65215 5447807 145361 5408636 19915 10627 344193 52588 35090 112913 48595 372787
214                 44790 47127 64095 5437989 144018 5404828 20195  9553 342545 53134 37364 113704 47937 369379
215                 44837 47237 64243 5441210 144775 5407076 20160 10101 343877 53508 35966 112989 48107 368977
216                 45090 46781 63801 5432386 144889 5402868 20274  9767 342180 52790 36293 113248 48355 367392
217                 44659 47458 64394 5431862 144504 5401332 20600 10055 342262 52875 36525 115133 49748 367727
218                 44914 47225 64556 5433958 144220 5401459 20434 10910 343402 53284 36283 114026 48558 367485
219                 44897 46877 63679 5425262 144586 5392021 20195 10412 342376 54579 36544 112083 46341 366253
220                 44332 46775 63659 5410600 144530 5394580 20327 10349 342310 53100 37562 114508 49257 366886
221                 44850 46658 63965 5423917 145203 5392465 20923  9702 344001 54727 36849 112881 48336 369571
222                 44838 46821 64185 5424777 144306 5389522 20096 10424 343309 53780 36263 112845 48135 366688
223                 45114 46389 63572 5424951 144888 5394810 20865 10781 343321 55417 36993 114480 48291 367360
224                 44819 47150 63772 5417329 143983 5392945 20662 10650 342013 54865 35816 113830 46629 366998
225                 44949 46608 63539 5417016 144581 5386356 19983  9645 342565 54187 36271 112977 48101 366711
226                 45541 46822 63696 5409247 144234 5388355 19505 10412 342583 54320 37254 113477 48214 366920
227                 45236 46425 64086 5408960 143798 5383357 20603 10736 341969 54966 37175 112943 47189 365880
228                 44732 46783 63976 5403872 144200 5372970 20997  8988 340369 54752 37706 113284 48079 365684
229                 44734 46827 64070 5399075 143880 5378246 20630 11653 342901 54786 36911 112083 47622 365387
230                 44703 46716 63397 5389860 144426 5367738 20481 10244 340640 53597 35701 112491 46679 365454
231                 44842 46970 63615 5396479 144482 5373367 20624 10886 342612 53745 36893 112231 47490 367929
232                 44531 47324 63516 5378193 142943 5346878 19823 10409 338352 53867 36921 111043 47159 372707
233                 45926 47866 64657 5438167 145138 5405994 20287 10113 342653 53491 36595 112147 48938 389033
234                 45232 47435 64599 5449147 145375 5416518 20401 10247 343674 54267 36885 112116 46488 373385
235                 44853 47405 64176 5447107 144704 5410419 20635 10008 343481 54926 36196 113575 48402 369199
236                 45114 47156 64453 5443705 144791 5411348 20242  9674 342221 54544 36329 114016 50273 367540
237                 45072 47202 63739 5437619 144132 5408352 20586  9589 344163 53023 36461 113506 48121 368549
238                 45220 46903 63910 5430391 143781 5398832 20532  9819 342399 54062 36417 112612 48683 368553
239                 45160 47062 63504 5431119 144893 5398973 20192  9790 342129 53895 37361 112377 49278 369000
240                 44609 47278 63893 5428110 144250 5401987 20359 10214 344457 54070 36483 113101 48833 367884
241                 44821 47114 64201 5424854 144250 5399620 20442 10805 343673 54712 36510 113290 49027 367552
242                 44713 46467 63458 5421528 143194 5397563 20670  9765 343006 52655 36715 112169 48246 366617
243                 44957 46724 63545 5420271 144903 5391106 20144 10659 342184 53294 35998 112955 47127 368078
244                 45034 46663 63633 5420615 144052 5388309 20329 10328 342834 54093 36101 112463 48334 367977
245                 44849 47014 63309 5409120 143864 5391430 20753  9604 341202 53422 35940 112070 47986 366618
246                 44896 46650 63738 5409431 143500 5386320 20407  9283 343878 53812 36203 112730 48538 366874
247                 44425 46466 64228 5405853 144197 5378523 20538 10660 343913 54179 36406 111104 46004 368007
248                 44562 46901 63226 5389409 143189 5369012 20709  8990 339939 53198 37466 113458 48588 364227
249                 44367 46901 63685 5397793 143955 5377492 20070 10169 342623 54156 37380 113087 48408 367013
250                 44410 46465 63701 5394228 144031 5376250 19694  9615 342196 55520 36035 113449 47781 366414
251                 44762 46619 63513 5399141 143526 5372803 19906  9915 341982 54542 37491 113450 49024 365635
252                 44927 46739 63467 5391817 143982 5372209 20132  9981 339477 53487 36930 112943 47910 369537
253                 44944 47407 63671 5389075 144231 5366878 20502 10344 341320 54354 37224 112838 49609 375424
254                 45949 47853 65287 5444331 145062 5409019 20281 10711 344079 54110 35748 114194 48587 391483
255                 45329 47458 64088 5442069 144972 5410115 20423 10039 344982 52909 36052 112488 48360 375073
256                 44722 47011 64681 5438613 144244 5412747 20180 11007 344751 53955 37801 113857 49204 369478
257                 45302 46649 64406 5439028 144787 5407123 21011  9902 342185 54600 36882 113323 48360 369275
258                 44308 47206 64314 5433366 144383 5398166 20227 10166 343430 53160 36448 112673 46789 368717
259                 44823 46921 64261 5430979 144245 5402140 20416 10028 343924 54869 35973 113333 47924 367038
260                 45463 47095 63893 5433125 143993 5396879 20176 11038 341898 53278 36625 111447 49802 367579
261                 45024 46780 63965 5417175 144072 5393514 21090 10175 341777 53206 36341 111679 48660 367818
262                 44499 46821 63514 5399271 143606 5374212 20049 10988 341771 54605 35385 112249 49850 365499
263                 45024 46864 63438 5410395 144728 5384875 20073 10177 343175 53544 36557 112617 48934 366904
264                 45252 46607 63805 5415892 143619 5387757 20007  9614 344035 53661 36799 113213 47883 368005
265                 44341 46528 63643 5414899 144318 5384667 19706 11274 342693 53281 37256 112489 47511 366117
266                 44527 46508 64052 5403126 143699 5376891 20392  9218 341114 53447 37460 112950 46905 366653
267                 44610 46849 64448 5409579 144414 5386196 20493  9816 341460 53738 37221 112539 48558 366217
268                 44800 46609 63728 5404329 143570 5378342 19944 10724 342286 53422 37972 112859 48348 368047
269                 44990 46794 63328 5396189 143605 5369558 19930  9721 342029 53524 36835 112954 49092 367573
270                 44850 46574 63648 5391673 144054 5370935 20833  9468 341345 54970 36677 112941 48997 365741
271                 44826 46840 63593 5393093 143896 5372514 20317 10492 341345 53414 36781 112097 46778 365263
272                 44446 47037 63982 5392318 144192 5364620 20171 10120 339892 53623 36798 113782 49185 366981
273                 44969 46894 63620 5392747 143119 5366318 20709 10330 341850 53946 36798 113143 48720 368546
274                 45396 46836 63452 5389375 144804 5363071 20158  9925 340976 54177 36042 112444 47196 373451
275                 45600 47506 64724 5438295 145506 5411714 20064 11301 344368 53350 36297 113605 49444 387528
276                 45414 47478 64166 5438393 144645 5404413 21075 10551 344880 53601 36877 113714 47278 373789
277                 45155 47402 64417 5437431 144606 5402129 20910 11376 344457 53350 36142 114139 48418 369971
278                 44820 46939 64164 5427111 143615 5404122 20086 10010 343736 54678 37508 113277 49613 368641
279                 44889 47079 64415 5431134 144737 5400924 20642 10715 344910 54018 35389 112576 48464 368066
280                 44803 46835 64265 5425936 144527 5397094 20798 10341 343470 53948 36352 112812 47900 367107
281                 44589 46743 63587 5423076 143914 5397557 20366 10322 343000 54303 36334 113998 48279 366692
282                 44638 46644 63891 5415541 143671 5392261 20205  9733 341702 53830 36833 113510 48893 366967
283                 45169 46920 64061 5411109 144495 5393461 20807 10884 344812 52605 36823 113355 48394 368300
284                 44619 46902 64168 5413944 144386 5385911 19677  9004 341342 55463 38964 113427 49071 366629
285                 44969 46591 63873 5405632 143541 5386114 20225  9757 343524 52873 36076 113854 47918 366218
286                 44537 46354 63746 5389335 144022 5364986 20008  9968 340737 54470 37547 112136 49009 363897
287                 44739 46421 63951 5409364 144568 5380606 20043 10196 342927 55233 36313 113078 48528 367076
288                 44630 46963 63589 5403076 144852 5385074 21009 10536 340977 54325 36836 114293 48110 366007
289                 45146 46701 64072 5391819 144257 5369824 20589  9690 342877 55133 36787 111734 47304 364536
290                 44524 46830 63569 5400261 144017 5380666 20530  9777 340110 54483 35914 112250 47949 364059
291                 44531 46558 63894 5391300 143455 5377708 20390 11241 341350 54274 36295 112278 47057 366947
292                 44679 46820 63615 5390082 144146 5372642 19922 10803 340195 54516 35711 113606 48369 365964
293                 44559 46534 63237 5396024 143789 5373849 20153  9818 341608 55620 36899 111991 48029 366301
294                 45083 47062 63701 5387350 143986 5367480 20891  9525 340367 55508 37679 111113 47848 367542
295                 45513 46760 63766 5383552 142922 5363709 20737  9768 342009 54684 36838 111317 46601 373659
296                 45796 48058 64653 5428760 145282 5408231 20451  9853 343887 54689 33835 112894 47209 387124
297                 45005 47364 64613 5432410 144150 5401468 20496 10563 343433 53453 36124 114257 49193 374397
298                 44848 47663 64258 5436466 144685 5404797 20115 10787 343800 54521 35697 112514 48869 369372
299                 44720 47207 63970 5431812 143905 5403411 20371 10939 342984 53408 37193 113665 46808 369572
300                 45200 47484 64219 5423848 143714 5395388 20844 10027 344409 54367 36295 114503 47245 367890
301                 44788 46918 63664 5430684 144681 5401413 20365 10472 343538 54067 37008 113099 49146 368568
302                 44475 46835 64058 5425784 144369 5399161 20549 12163 345543 54794 36726 112970 48620 366260
303                 44547 46694 63543 5426406 144692 5396428 20965 10118 343881 53863 35687 113754 48428 368154
304                 44899 46741 63506 5427131 144197 5391496 19823  9746 343335 54507 35558 112108 47406 368406
305                 44352 46761 63750 5418233 144585 5392340 20579 10414 342621 54510 36071 111877 47809 366332
306                 44982 46845 64105 5423358 144753 5396553 20390 10190 342514 53867 35890 114123 49130 367761
307                 45157 46750 64185 5419269 143439 5393604 20318  9626 341301 54853 37215 113227 48200 367555
308                 44908 46715 64425 5418701 144106 5385403 20647 10107 342366 53957 36339 112195 48901 366013
309                 45116 46868 64438 5409909 143646 5382331 20529 11196 343099 53886 35679 113032 48454 365462
310                 44466 46571 63490 5393938 144021 5372658 20033 10960 341259 53672 36877 112081 46578 366592
311                 44729 46605 64043 5401144 143882 5379618 20196 10427 342615 54511 36492 113002 48066 366578
312                 44784 46690 63576 5394021 144159 5379923 20612 10640 342066 54165 37441 112210 49038 365435
313                 45298 46755 63458 5401914 144018 5372095 19639 10338 342186 54526 36498 111015 49571 364333
314                 45245 46721 63574 5399894 143020 5368672 20437  9351 341242 54829 35666 113188 48266 366645
315                 44848 46750 63631 5388223 144254 5362389 19826 10327 342109 54283 36874 111828 47105 367882
316                 45223 47011 63947 5374859 143549 5355357 20845 10597 341530 54182 35638 111102 48019 372709
317                 45920 47965 64705 5434489 144562 5397802 20682 10346 344985 53167 34852 114692 48807 387223
318                 45296 47238 64804 5442728 145845 5406325 20697 10448 342973 54279 36360 113744 48920 372853
319                 44794 47053 64340 5437030 144972 5405880 20197 10627 343347 53435 36334 113952 47363 368937
320                 44609 47206 64374 5443962 144252 5407303 20726 11072 344259 54099 36566 113376 48488 367301
321                 45143 46850 63955 5432323 144731 5404852 20923  9928 343250 52966 36318 112850 47714 369219
322                 45015 46653 63841 5431570 144575 5399739 20780 10856 344791 52863 36565 112830 48575 367947
323                 45143 46852 64535 5425777 145087 5398145 19998 10392 341978 53547 35552 112849 48605 367256
324                 45020 46849 63972 5426683 143402 5393576 19870 10029 342143 53083 35524 113001 49023 366902
325                 44827 46969 63946 5418787 145041 5387880 19903 10881 342487 54075 36992 114105 48310 367290
326                 45251 46642 64482 5420076 143633 5387007 20533  9512 341754 53036 36563 112454 48235 366759
327                 44966 46695 63738 5417127 144354 5390724 20099  9119 340477 55437 36124 111589 47235 367869
328                 44244 46773 63739 5410484 144166 5383285 20434 10621 341880 53835 35547 112772 47149 367955
329                 44963 46689 63723 5400821 143775 5379015 20356  9976 342147 53838 36612 112261 49536 366845
330                 44577 46799 63380 5398486 143871 5381846 20583  9299 340458 54227 35872 111566 47666 366758
331                 44697 47143 63779 5399396 144014 5375132 20675 10667 343496 54823 34767 112307 47721 365613
332                 44338 46605 63920 5400902 143256 5370839 20785 10405 341411 55193 37226 112659 46427 366057
333                 44703 46486 63449 5385833 144084 5379352 20115 10576 342838 53873 37249 113827 48367 365880
334                 44492 46412 63810 5389704 143917 5368474 20608  9497 339754 54073 36330 112670 48801 365431
335                 45434 46889 63667 5384330 143280 5362666 19645  9819 342739 52911 36625 111837 46095 365012
336                 26719 28074 37834 3221095  86016 3205054 12408  7529 205109 33901 22386  66498 28609 220814
336_1               44516 47222 63101 5377735 143264 5352519 20724 11715 341244 55440 36218 110491 47808 367538
337                 45427 47043 63655 5374350 143757 5352032 20535 10098 341339 55087 36256 113237 47542 373497
338                 45959 47866 64391 5425228 145757 5396092 20783 11194 344100 53436 36032 112093 48930 389182
339                 45085 47229 63900 5432984 143613 5393872 19856 10211 343561 54532 35559 113008 48124 372460
340                 45326 47335 64601 5439405 144837 5405605 20049 10272 343206 54965 36055 113250 48050 370663
341                 45165 46995 64075 5445919 143880 5403255 20597 12256 344835 54693 37953 113630 47583 368634
342                 44739 47213 64296 5434339 144758 5405683 20449 12072 341937 54202 36091 114472 49252 367673
343                 45199 47163 64382 5429238 145022 5399481 20439  9846 341917 54029 36609 111443 49217 367772
344                 45015 46879 64052 5428764 144696 5401076 20212 10363 343753 52987 37307 114014 49490 366552
345                 44979 46886 63970 5415103 143701 5386917 20520 10423 342824 53410 36093 113273 48996 365094
346                 45056 46233 63794 5409263 144182 5383695 20654  9827 342326 53954 36317 113524 48579 365382
347                 44389 46584 64084 5407181 143425 5373975 20818 11269 342094 54203 36383 112624 47152 367047
348                 44576 46686 63947 5416183 144402 5385717 21265 10547 342486 55384 36290 112977 47820 366472
349                 45054 46586 63745 5414976 144281 5385606 20037 10554 342333 54559 38086 113887 49440 366326
350                 44979 46885 63658 5412054 144122 5383112 20062  9651 341989 53850 35886 112427 48675 367052
351                 44974 46858 63453 5400595 143836 5373144 19884 10267 341158 54023 36099 111525 48327 366317
352                 44786 47048 63429 5394810 144311 5365783 20260  9687 340266 54443 35579 112011 46581 365036
353                 44712 46330 63762 5385618 144063 5364052 20444 11256 341125 53568 36317 114865 48917 365691
354                 44794 47038 63646 5385479 142716 5366953 20201  9630 340306 54904 36127 111562 48905 365791
355                 44399 46539 63235 5390483 143373 5362260 20566 10536 340320 54107 37765 110112 47011 365805
356                 44711 46927 64034 5395210 144663 5367801 20150 11726 342032 54754 36850 112617 46310 365557
357                 45278 46608 64259 5396927 143520 5365341 21323 12334 342487 55298 36399 112432 47621 368416
358                 45534 46721 64073 5389229 144220 5362816 19959 10304 340140 53688 35599 111995 48929 376127
359                 46195 47468 64474 5398302 144864 5390600 20426  9437 343205 53115 35554 112395 49275 389424
360                 44979 46787 64060 5435988 144789 5400587 20398 10040 343048 53896 35412 113314 48280 373146
361                 45081 47480 63910 5433025 144322 5393609 19995 10965 343588 52844 37308 111650 47738 369811
362                 45284 47053 63702 5431359 144279 5390600 19850  9828 342331 54108 36286 113835 47476 367517
363                 45020 46683 64510 5431781 145004 5402389 20142  9637 343336 54034 35354 111626 47093 367881
364                 45260 46836 64255 5439211 145002 5399942 20839  9962 342757 53086 35681 113775 46236 367134
365                 44502 47100 64044 5434106 145002 5393454 20209 10246 341935 53918 37053 114195 49353 367890
366                 44891 46954 63167 5425544 144145 5391316 21143  9862 342273 53282 36362 111415 46851 366290
367                 45306 46894 64328 5419779 144390 5390483 20225 11341 344107 54294 36036 112334 47509 366571
368                 45010 46716 64047 5411712 144961 5386132 20098 10617 342880 54428 36273 113564 49137 366645
369                 44798 46917 63964 5415264 143761 5382373 20468 11323 343344 54171 37330 112092 46961 365670
370                 45159 46772 63923 5408773 144290 5383095 20849 10580 342642 53871 35807 111659 45909 366142
371                 44862 47373 63927 5413052 144297 5382512 19788  9883 341724 54012 36328 111781 47801 366939
372                 44833 46993 63976 5416265 144244 5392733 21051 10023 342942 54625 36518 111232 47645 366410
373                 44999 46749 63439 5414444 144747 5385888 19916  9914 341303 53595 37189 112616 49875 365363
374                 44879 46386 63488 5401716 144967 5380232 20563 10869 343142 55132 37192 112648 47007 366415
375                 45216 46595 63846 5392599 146000 5377309 20681 10467 342976 54791 37561 112552 47622 365271
376                 44541 46924 63699 5405786 144216 5374884 19846  9090 341177 54830 38072 113221 47620 364950
377                 44776 46675 63690 5402386 143776 5367950 20080 10850 343539 54362 36866 112352 49232 367503
378                 45199 47069 64118 5395246 144003 5373247 20640 10410 343252 54060 35551 112176 48227 368516
379                 45104 46479 63902 5374401 143863 5352160 20736  9800 340775 54192 37755 113094 47145 375202
380                 46074 48356 64419 5444949 145312 5409161 20163 10892 344927 54517 36023 111513 46997 390870
381                 45153 47229 64920 5455092 145537 5414701 20735 10723 343130 53738 36715 113554 47963 374273
382                 45310 46789 64375 5450590 145041 5411592 20703  9913 344427 54236 34905 112485 47660 369120
383                 45232 47299 64637 5449419 145483 5412760 21111  9944 344973 54116 35441 113424 47904 369267
384                 45361 47439 64754 5447382 144831 5412713 20305  9896 343909 54884 36790 113954 48941 368672
385                 44966 47439 64467 5447110 145067 5408181 20660 11023 344321 54332 35551 112786 47782 367591
386                 45453 47147 64795 5442236 144803 5403412 21041 10615 344601 55736 35973 112298 47142 368153
387                 45116 46871 63976 5443261 145420 5404231 20573 10146 344367 54532 35703 111934 48832 368059
388                 45458 47610 64821 5436032 144977 5405278 20328 10039 344411 54887 36277 112958 48755 368292
389                 45413 46917 64131 5421915 145136 5391021 20059 11027 343955 53958 36707 114664 49766 367202
390                 45469 46791 64704 5432045 145404 5397124 21143 10042 341633 52785 37280 111971 46665 368190
391                 44734 47172 63894 5429327 143868 5396245 20273  9557 341171 53923 38553 113118 50257 367099
392                 44701 46608 63709 5426961 145583 5400529 20570  9535 343829 54239 36412 112503 47791 367679
393                 44915 46984 64153 5420891 144520 5385646 19477 10623 343766 54621 36143 112282 48147 368205
394                 44865 46909 63837 5418215 144641 5389681 21114  9591 343655 54840 37169 113068 48905 366457
395                 44992 47163 64458 5416080 144271 5386125 20239 11004 343333 54532 37220 110593 48105 366095
396                 45171 47177 63410 5409403 144903 5377277 20624 10393 342464 55612 37650 112465 47909 368580
397                 45096 46889 63807 5405980 144358 5377963 20349  8976 341026 54913 36503 112670 47064 366032
398                 44960 46915 63445 5402797 144254 5374010 20143 10365 343232 55454 37433 114040 48492 365598
399                 44807 46812 63941 5397610 144345 5370730 20486 10016 341683 55001 35889 110493 46914 368051
400                 45728 46903 63684 5390667 143535 5366483 20379 10131 341582 54618 36435 110974 48102 374636


Mean value:         45248 47179 64022 5406694 144105 5379781 20361 10310 342109 53938 35854 112185 47895 374286
Std. Abw.:           1523  1421  1489  111260   2979  110185   538   639   6997  1245  2495   2969  1363  21912
Std. Abw. rel. [%]:  3.36  3.01  2.33    2.06   2.07    2.05  2.64  6.20   2.05  2.31  6.96   2.65  2.85   5.85
Conf. interval:        76    71    74    5563    149    5509    27    32    350    62   125    148    68   1096
