ROI net sum

Spectrum                                 Na   Mg    Al      Si     K      Ca   Ti    Mn    Fe    Zn   Rb    Sr    Zr    Rh
--------------------------------------------------------------------------------------------------------------------------
SRM_1831_300s_100_repeat_Rh_FE_D2_0_0  8781 9352 13021 1082963 28460 1088349 4069  2200 69386 11227 7952 23029 10422 71607
SRM_1831_300s_100_repeat_Rh_FE_D2_0_1  8796 9063 12756 1078180 28717 1084536 4199  2638 70372 10907 7592 22606 10730 72265
SRM_1831_300s_100_repeat_Rh_FE_D2_0_10 8842 9318 12825 1075552 28819 1085237 4265  2726 69732 10922 7603 22292 10568 72740
SRM_1831_300s_100_repeat_Rh_FE_D2_0_11 8768 9268 12849 1076587 29353 1083416 4345  2221 69382 11106 7942 21952 10049 71964
SRM_1831_300s_100_repeat_Rh_FE_D2_0_12 8783 9102 13030 1076086 29048 1084629 4333  2514 69906 11211 7897 23068 10449 71456
SRM_1831_300s_100_repeat_Rh_FE_D2_0_13 8702 9431 12837 1077281 28921 1082178 4209  2419 70552 11316 7883 22657 10306 72082
SRM_1831_300s_100_repeat_Rh_FE_D2_0_14 8676 9372 12660 1077475 28643 1083028 4309  2542 69920 11723 8393 22618 10869 71215
SRM_1831_300s_100_repeat_Rh_FE_D2_0_15 9069 9191 12791 1078774 28623 1085858 4643  2202 69277 11109 7741 22526  9921 71613
SRM_1831_300s_100_repeat_Rh_FE_D2_0_16 8747 9293 12728 1079486 28641 1083746 4360  2612 70405 11055 8380 22506 10770 71832
SRM_1831_300s_100_repeat_Rh_FE_D2_0_17 8848 9260 12657 1079267 28940 1084787 4314  2408 69851 11265 8167 22781 10556 72093
SRM_1831_300s_100_repeat_Rh_FE_D2_0_18 8691 9301 12798 1078684 29164 1084406 4409  2671 70384 11855 8171 23023  9921 72244
SRM_1831_300s_100_repeat_Rh_FE_D2_0_19 8883 9175 12503 1079368 28725 1087166 4303  2332 69278 11682 8173 22723  9605 72216
SRM_1831_300s_100_repeat_Rh_FE_D2_0_2  8877 9133 12994 1078768 29095 1084573 4168  2703 70422 12062 7530 22284 10033 71932
SRM_1831_300s_100_repeat_Rh_FE_D2_0_20 8820 9315 12713 1078252 28943 1084711 4027  2454 70517 11710 8047 22294 10521 72104
SRM_1831_300s_100_repeat_Rh_FE_D2_0_21 8856 9175 12825 1079486 29043 1084102 4244  2899 70648 11814 8736 22774 10582 72666
SRM_1831_300s_100_repeat_Rh_FE_D2_0_22 8954 9262 12800 1080923 28871 1085303 3946  2345 69903 11806 7251 22414 10140 71589
SRM_1831_300s_100_repeat_Rh_FE_D2_0_23 8891 9367 13014 1079898 29010 1085604 4222  2449 69879 11790 7661 22574 10142 72494
SRM_1831_300s_100_repeat_Rh_FE_D2_0_24 8865 9272 12976 1079343 28827 1084356 4425  2441 69845 11927 8299 22918 10673 72688
SRM_1831_300s_100_repeat_Rh_FE_D2_0_25 8722 9163 12761 1078554 28684 1087184 4150  2444 69932 11956 7896 22853 10449 71946
SRM_1831_300s_100_repeat_Rh_FE_D2_0_26 8969 9173 12971 1078028 28875 1084211 4297  2250 68955 11709 8322 22878 10416 71633
SRM_1831_300s_100_repeat_Rh_FE_D2_0_27 8833 9282 12788 1080637 28975 1086904 4288  2813 70012 11705 8237 23331 10855 72375
SRM_1831_300s_100_repeat_Rh_FE_D2_0_28 8669 9393 12766 1079359 29075 1085635 4268  2510 69933 11843 8211 22853 10229 71857
SRM_1831_300s_100_repeat_Rh_FE_D2_0_29 8749 9156 12638 1077692 28863 1085967 4304  2227 69813 12314 8340 23792 10372 72422
SRM_1831_300s_100_repeat_Rh_FE_D2_0_3  8780 9243 13124 1077720 28999 1085286 4318  2279 69608 11520 8077 23502 11054 71374
SRM_1831_300s_100_repeat_Rh_FE_D2_0_30 8757 9289 12566 1080373 28920 1087000 4341  2684 70351 11621 8264 22945 10940 72045
SRM_1831_300s_100_repeat_Rh_FE_D2_0_31 8922 9462 12917 1077242 28824 1082695 4130  2341 68653 11777 8161 23411 10803 71812
SRM_1831_300s_100_repeat_Rh_FE_D2_0_32 8812 9506 13040 1081650 29068 1086490 4297  2843 69773 12225 8149 22530 10345 71805
SRM_1831_300s_100_repeat_Rh_FE_D2_0_33 8685 9166 12915 1080185 28841 1087694 3921  2403 69976 11223 8014 22140 10261 71762
SRM_1831_300s_100_repeat_Rh_FE_D2_0_34 9015 9346 12971 1080035 29290 1085419 4288  2578 70438 11676 7955 23275 10644 73076
SRM_1831_300s_100_repeat_Rh_FE_D2_0_35 8822 9400 12672 1077771 28950 1085519 4303  2390 69798 11709 8241 22589 10687 71117
SRM_1831_300s_100_repeat_Rh_FE_D2_0_36 9008 9304 12744 1079198 28932 1085669 4296  2672 70336 11281 7817 23007 10136 72137
SRM_1831_300s_100_repeat_Rh_FE_D2_0_37 8822 9294 12819 1077706 28910 1087871 4271  2514 70042 11459 8396 22881 10397 71745
SRM_1831_300s_100_repeat_Rh_FE_D2_0_38 8869 9352 12679 1080154 29018 1087616 4128  2318 69778 11289 8170 22686 10253 72738
SRM_1831_300s_100_repeat_Rh_FE_D2_0_39 8805 9332 12521 1077293 28648 1084518 4200  2658 70139 11255 8103 22505 10630 71894
SRM_1831_300s_100_repeat_Rh_FE_D2_0_4  8812 9335 12989 1079242 29172 1087492 4378  2765 71091 11567 8154 23047 10895 72028
SRM_1831_300s_100_repeat_Rh_FE_D2_0_40 8836 9352 12718 1079371 28733 1086057 4169  2744 70351 11624 7656 22643 10221 72764
SRM_1831_300s_100_repeat_Rh_FE_D2_0_41 8871 9407 12687 1078170 29162 1084657 4593  2347 69677 11012 7521 22412 10755 72523
SRM_1831_300s_100_repeat_Rh_FE_D2_0_42 8662 9397 12677 1078710 29158 1085648 4289  2691 69722 11358 7906 22754 10874 71643
SRM_1831_300s_100_repeat_Rh_FE_D2_0_43 8750 9256 12905 1079130 29133 1084259 4107  2490 69909 11305 8042 22650  9508 72242
SRM_1831_300s_100_repeat_Rh_FE_D2_0_44 8746 9264 12827 1075543 29072 1084060 4274  2243 69639 11226 7651 23104 10859 71798
SRM_1831_300s_100_repeat_Rh_FE_D2_0_45 8811 9144 12703 1079358 28975 1085698 4510  2505 69865 11511 8056 22472  9963 71929
SRM_1831_300s_100_repeat_Rh_FE_D2_0_46 8775 9312 12882 1079351 29082 1086110 4216  2523 69575 11060 7808 22488 10893 72545
SRM_1831_300s_100_repeat_Rh_FE_D2_0_47 8778 9155 12635 1079332 28584 1085559 4091  2601 69538 11553 8179 22465 10222 72381
SRM_1831_300s_100_repeat_Rh_FE_D2_0_48 8923 9337 12960 1079004 29155 1085558 4218  2507 69729 11391 8882 23520 11169 72320
SRM_1831_300s_100_repeat_Rh_FE_D2_0_49 8830 9330 12812 1079119 28615 1087432 4394  2376 70238 11432 8292 23562 10831 72045
SRM_1831_300s_100_repeat_Rh_FE_D2_0_5  8957 9402 12935 1080982 29078 1088601 4182  2293 70278 11928 8617 23306 10865 72098
SRM_1831_300s_100_repeat_Rh_FE_D2_0_50 8648 9216 12689 1078992 28827 1086037 4361  2255 69680 11698 8283 22735 10602 72228
SRM_1831_300s_100_repeat_Rh_FE_D2_0_51 8837 9192 12768 1080226 28673 1085438 4197  2806 70118 11066 8194 23185  9765 72194
SRM_1831_300s_100_repeat_Rh_FE_D2_0_52 8787 9278 12883 1079519 29015 1086875 4234  2585 70586 11185 8161 22437 10513 71835
SRM_1831_300s_100_repeat_Rh_FE_D2_0_53 8797 9250 13001 1076458 28988 1084863 4311  2580 70461 11217 7036 22033 10391 70889
SRM_1831_300s_100_repeat_Rh_FE_D2_0_54 8772 9270 12911 1077786 29123 1085763 4137  2231 69974 11416 8057 22555 10012 71846
SRM_1831_300s_100_repeat_Rh_FE_D2_0_55 9016 9483 13075 1079822 28930 1085460 4274  2461 70290 12163 8095 22818  9844 71864
SRM_1831_300s_100_repeat_Rh_FE_D2_0_56 8761 9387 12717 1079693 29215 1085377 4169  2300 69810 11355 7987 22667  9842 72148
SRM_1831_300s_100_repeat_Rh_FE_D2_0_57 8933 9281 12823 1081138 28826 1087575 4399  2405 69479 11632 8390 23113 10280 71550
SRM_1831_300s_100_repeat_Rh_FE_D2_0_58 8950 9285 12532 1080579 29127 1087159 4376  2244 70327 11323 7879 22697 10345 71536
SRM_1831_300s_100_repeat_Rh_FE_D2_0_59 8982 9289 12833 1080423 29200 1087423 4229  2367 69782 11651 7927 22751 10003 72362
SRM_1831_300s_100_repeat_Rh_FE_D2_0_6  8755 9285 12815 1077303 29139 1086119 4084  1992 68984 11729 8010 22606 10981 72388
SRM_1831_300s_100_repeat_Rh_FE_D2_0_60 8863 9317 12899 1080881 28987 1087345 4442  3021 69717 11781 8050 22739 10461 73029
SRM_1831_300s_100_repeat_Rh_FE_D2_0_61 8879 9286 12586 1079861 29064 1088481 4477  2823 69381 11494 8220 22952 10844 71886
SRM_1831_300s_100_repeat_Rh_FE_D2_0_62 8779 9152 12723 1078856 28946 1087513 4357  2446 69206 11768 8210 23094 10697 71432
SRM_1831_300s_100_repeat_Rh_FE_D2_0_63 8815 9195 12907 1080324 29194 1087063 4390  2868 69848 11401 8088 23494 10769 72184
SRM_1831_300s_100_repeat_Rh_FE_D2_0_64 8836 9487 13022 1078203 28856 1084318 4362  2737 69669 11441 8100 22765 10980 72095
SRM_1831_300s_100_repeat_Rh_FE_D2_0_65 8972 9368 12599 1078646 28956 1088212 4275  2434 70043 11361 7880 22519  9790 72535
SRM_1831_300s_100_repeat_Rh_FE_D2_0_66 8701 9280 12961 1078189 28999 1084783 4575  3219 69796 11515 7707 22783 10676 71661
SRM_1831_300s_100_repeat_Rh_FE_D2_0_67 8934 9223 12669 1082241 29003 1087513 4456  1995 70330 11459 7545 22672  9684 71375
SRM_1831_300s_100_repeat_Rh_FE_D2_0_68 8771 9213 12923 1079056 29494 1086513 4259  1929 69509 11802 7640 22859  9866 72212
SRM_1831_300s_100_repeat_Rh_FE_D2_0_69 8675 9161 12454 1079201 28826 1087262 4496  2737 70043 11468 8034 22902 10462 71977
SRM_1831_300s_100_repeat_Rh_FE_D2_0_7  8796 9347 12755 1078585 29093 1084003 4264  1949 69669 11761 8148 22511 10707 72229
SRM_1831_300s_100_repeat_Rh_FE_D2_0_70 8978 9280 12546 1080772 29021 1086612 4185  2689 70149 11412 7892 23317 10300 71737
SRM_1831_300s_100_repeat_Rh_FE_D2_0_71 8937 9303 12782 1080059 28823 1087041 4577  2810 70286 11304 7972 23027 10553 73350
SRM_1831_300s_100_repeat_Rh_FE_D2_0_72 8927 9404 12967 1079384 29258 1087346 4714  3132 70333 12054 8067 22817  9926 72310
SRM_1831_300s_100_repeat_Rh_FE_D2_0_73 9090 9244 12805 1079083 28897 1086388 4193  2216 69796 11652 7737 22871 10400 72207
SRM_1831_300s_100_repeat_Rh_FE_D2_0_74 8839 9519 12886 1080138 28867 1084819 4448  2640 70069 11250 8077 22973 10377 71751
SRM_1831_300s_100_repeat_Rh_FE_D2_0_75 8821 9160 12747 1078729 28838 1085954 4292  2636 69629 11315 7783 22506 10114 72738
SRM_1831_300s_100_repeat_Rh_FE_D2_0_76 8898 9329 12879 1080545 28513 1086777 4173  2505 69725 11602 7988 22270 10416 72412
SRM_1831_300s_100_repeat_Rh_FE_D2_0_77 8831 9248 12883 1077610 29257 1085326 4072  2966 69418 11176 9325 23365 11406 71887
SRM_1831_300s_100_repeat_Rh_FE_D2_0_78 8751 9207 12796 1077329 28843 1086622 4561  2782 70104 11135 7771 22210 10676 71833
SRM_1831_300s_100_repeat_Rh_FE_D2_0_79 8899 9252 12875 1082095 29153 1087043 4467  2799 70204 11544 7486 22579 10079 72269
SRM_1831_300s_100_repeat_Rh_FE_D2_0_8  8643 9047 12617 1076345 28892 1082899 4539  2368 69641 11157 7870 23163 11365 72054
SRM_1831_300s_100_repeat_Rh_FE_D2_0_80 8805 9473 12847 1080902 28780 1086541 4387  3247 70201 11732 7938 22657 10847 71751
SRM_1831_300s_100_repeat_Rh_FE_D2_0_81 8654 9200 13058 1080478 28864 1085250 4419  2547 70189 11941 7914 22997 10266 72313
SRM_1831_300s_100_repeat_Rh_FE_D2_0_82 8744 9378 12773 1080355 29012 1086941 4478  2601 70183 11472 7888 23137 10015 71892
SRM_1831_300s_100_repeat_Rh_FE_D2_0_83 8822 9254 12732 1078956 29148 1086407 4292  2301 69589 11442 8223 23112 10176 71754
SRM_1831_300s_100_repeat_Rh_FE_D2_0_84 8731 9388 12692 1079128 28743 1084354 4408  2234 69713 11512 8029 23000 10096 72471
SRM_1831_300s_100_repeat_Rh_FE_D2_0_85 8874 9227 12739 1081124 29011 1086547 4215  2655 70086 11510 8504 22675 10180 72157
SRM_1831_300s_100_repeat_Rh_FE_D2_0_86 8805 9216 12909 1079810 28792 1085941 4256  2453 69304 11340 8456 23306 10516 71723
SRM_1831_300s_100_repeat_Rh_FE_D2_0_87 8839 9341 13018 1080641 28922 1086968 4274  2419 69610 11791 7941 22835 10701 72339
SRM_1831_300s_100_repeat_Rh_FE_D2_0_88 8889 9223 12737 1081066 29022 1087571 4468  2570 70455 11359 8499 24038 11156 71655
SRM_1831_300s_100_repeat_Rh_FE_D2_0_89 8904 9249 12643 1079214 29168 1085727 4362  2791 70028 11849 7870 22663 10584 71922
SRM_1831_300s_100_repeat_Rh_FE_D2_0_9  8770 9231 12996 1075279 28844 1082331 4344  2438 68990 11359 7817 22941 10983 72075
SRM_1831_300s_100_repeat_Rh_FE_D2_0_90 8802 9329 12727 1079740 28878 1086501 4321  2610 69967 11209 8346 23122 10260 73220
SRM_1831_300s_100_repeat_Rh_FE_D2_0_91 9070 9240 12938 1081302 28949 1085756 4325  2576 69542 10861 7966 22857 10376 72061
SRM_1831_300s_100_repeat_Rh_FE_D2_0_92 8707 9433 12946 1080518 28808 1084674 4258  2601 69829 11432 8119 22418 10413 71769
SRM_1831_300s_100_repeat_Rh_FE_D2_0_93 8802 9139 12633 1073560 28861 1081254 4403  2361 69333 11400 8410 22910 10255 71597
SRM_1831_300s_100_repeat_Rh_FE_D2_0_94 8882 9041 12531 1080651 28805 1085686 4523  2661 69731 11612 8181 22847 10448 71923
SRM_1831_300s_100_repeat_Rh_FE_D2_0_95 8609 9256 12670 1079974 28927 1085464 4341  2631 69861 11695 8463 22256  9640 71980
SRM_1831_300s_100_repeat_Rh_FE_D2_0_96 8840 9321 12800 1079651 28822 1086571 4004  2563 70323 11808 7883 22621 10341 71900
SRM_1831_300s_100_repeat_Rh_FE_D2_0_97 8767 9170 12729 1077469 29148 1087719 4282  2864 69848 11807 7886 22586  9715 71783
SRM_1831_300s_100_repeat_Rh_FE_D2_0_98 8854 9177 12398 1078593 28562 1083282 4173  2948 69933 11538 8203 23229  9896 72111
SRM_1831_300s_100_repeat_Rh_FE_D2_0_99 8796 9232 12886 1077634 28952 1084248 4130  2605 69457 11878 8174 22379 10768 71767


Mean value:                            8827 9280 12801 1079114 28945 1085764 4300  2534 69890 11518 8049 22812 10425 72050
Std. Abw.:                               99  100   151    1588   190    1495  146   254   411   298  321   374   402   430
Std. Abw. rel. [%]:                    1.12 1.08  1.18    0.15  0.66    0.14 3.41 10.03  0.59  2.59 3.99  1.64  3.86  0.60
Conf. interval:                          10   10    15     159    19     150   15    25    41    30   32    37    40    43
