ROI net sum

Spectrum                          Na    Mg    Al      Si     K      Ca    Ti    Mn     Fe    Zn    Rb    Sr    Zr     Rh
------------------------------------------------------------------------------------------------------------------------
SRM_1831_300s_20x20det_2_0_0   13639 14379 19733 1656012 44195 1641549  6464  3339 103962 17014 10989 34178 14815 110630
SRM_1831_300s_20x20det_2_0_1   13708 14124 19715 1652840 43725 1639687  6488  4563 105666 16479 11880 33885 15586 110999
SRM_1831_300s_20x20det_2_0_10  13848 14361 19645 1658659 44475 1649559  6319  4206 105685 16703 11763 35151 15582 111397
SRM_1831_300s_20x20det_2_0_11  13697 14283 19531 1659162 44451 1650692  6545  3992 105045 16393 12032 34394 17233 111120
SRM_1831_300s_20x20det_2_0_12  13593 14089 19493 1660864 43932 1652584  6222  3564 106000 16631 11055 34367 15750 111882
SRM_1831_300s_20x20det_2_0_13  13629 14156 19745 1659573 44146 1650132  6250  3254 104792 16302 11340 34506 16084 111867
SRM_1831_300s_20x20det_2_0_14  13681 14226 19800 1660400 44267 1651932  6385  3684 105669 16862 11416 34076 14568 111473
SRM_1831_300s_20x20det_2_0_15  13664 14327 19590 1656038 44562 1648864  6147  3643 105744 16182 12231 34000 15813 112053
SRM_1831_300s_20x20det_2_0_16  13669 14199 19902 1659863 44044 1649488  6321  3678 105166 16604 11865 35043 15394 111379
SRM_1831_300s_20x20det_2_0_17  13667 14379 19865 1658558 43966 1645826  6752  3244 104874 17296 11454 34152 14895 111551
SRM_1831_300s_20x20det_2_0_18  13834 14363 20202 1655988 44012 1648370  6245  3769 105046 16656 12527 34101 15349 110905
SRM_1831_300s_20x20det_2_0_19  13794 14258 19665 1660350 43784 1650119  6663  3739 105443 16567 11586 34405 15215 111378
SRM_1831_300s_20x20det_2_0_2    2542  2607  3520  300556  7920  298564  1247  1060  19401  3051  2544  6891  3361  20277
SRM_1831_300s_20x20det_2_0_3   13717 14146 19768 1655511 43950 1642400  6667  3285 104662 16723 11277 33964 15567 112156
SRM_1831_300s_20x20det_2_0_4   13769 14122 19881 1658250 43832 1646708  6617  3301 104659 16886 11840 34697 16138 111700
SRM_1831_300s_20x20det_2_0_5   13645 14425 19729 1656492 43700 1646800  6614  4003 107133 16218 11918 34134 16196 111277
SRM_1831_300s_20x20det_2_0_6   13555 14200 20084 1663642 44319 1653369  6501  3351 105681 16949 11344 33950 16213 111213
SRM_1831_300s_20x20det_2_0_7   13695 14239 19912 1661931 44115 1651974  6562  3686 105644 16889 12287 34204 15534 111962
SRM_1831_300s_20x20det_2_0_8   13776 14322 19840 1660637 44241 1651097  6378  3944 105293 17556 11525 34595 15838 111385
SRM_1831_300s_20x20det_2_0_9   13327 13846 19283 1617732 44043 1645565  6657  3826 105839 17376 11863 33951 15934 111746
SRM_1831_300s_20x20det_2_10_0  13732 14112 19996 1655619 43945 1646644  6634  4086 105704 17008 11348 34251 15297 111636
SRM_1831_300s_20x20det_2_10_1  13447 14295 19937 1654969 43950 1648318  6257  3342 105174 16696 11041 34367 15718 111562
SRM_1831_300s_20x20det_2_10_10 13113 13880 19178 1626512 44183 1642177  6244  3384 104580 17144 11698 34992 15616 111243
SRM_1831_300s_20x20det_2_10_11 13576 14224 19854 1657118 44508 1649042  6643  3637 104904 16561 12478 34507 15966 109489
SRM_1831_300s_20x20det_2_10_12 13647 14349 19759 1656542 44088 1648493  6739  3479 105168 16851 12127 34650 15442 110263
SRM_1831_300s_20x20det_2_10_13 13546 14241 19784 1653687 44208 1645424  6471  3204 105591 16468 11953 34857 15665 110654
SRM_1831_300s_20x20det_2_10_14 13547 14202 19564 1654657 43349 1647629  6285  3778 104928 16471 11576 34379 15222 111158
SRM_1831_300s_20x20det_2_10_15 13716 14037 19760 1660098 44099 1649255  6402  3398 105184 16294 11099 33856 15307 110641
SRM_1831_300s_20x20det_2_10_16 13861 14369 19888 1658089 43961 1646950  6122  3610 105793 16424 11017 34664 15023 111434
SRM_1831_300s_20x20det_2_10_17 13669 14190 19714 1652867 44293 1646413  6289  3250 104165 17019 12496 35399 15404 111028
SRM_1831_300s_20x20det_2_10_18 13497 14400 19526 1655787 44217 1648104  6578  3303 105105 17168 11177 34530 15978 111296
SRM_1831_300s_20x20det_2_10_19 13560 14183 19713 1654776 43781 1648892  6631  4316 105975 17490 11863 34363 15688 111499
SRM_1831_300s_20x20det_2_10_2  13546 14565 19771 1658578 44076 1649556  6617  4065 105616 17057 11307 33578 15809 111178
SRM_1831_300s_20x20det_2_10_3  13651 14080 19775 1658559 44551 1645462  6444  3018 105480 16077 11915 34816 15728 110973
SRM_1831_300s_20x20det_2_10_4  13561 14138 19933 1657113 43948 1647707  6518  4393 105701 16482 11604 34353 15408 111146
SRM_1831_300s_20x20det_2_10_5  13764 14124 19756 1656454 44007 1647920  6714  3620 105462 17018 11858 33869 15290 110142
SRM_1831_300s_20x20det_2_10_6  13485 13901 19724 1656083 44002 1645527  6446  3363 105069 16228 11176 34330 15401 110500
SRM_1831_300s_20x20det_2_10_7  13586 14087 19733 1657731 43983 1648676  5936  3588 104824 16986 11344 34580 16096 110300
SRM_1831_300s_20x20det_2_10_8  13785 14311 20066 1655113 44077 1648941  6611  3903 104454 16443 12140 34812 15817 111158
SRM_1831_300s_20x20det_2_10_9   8424  8957 12310 1033635 27532 1028355  4093  2324  65282 10446  8312 22135 10938  69321
SRM_1831_300s_20x20det_2_11_0  13657 14069 20080 1651897 44117 1643719  6391  3223 104544 17330 12033 34374 15342 112047
SRM_1831_300s_20x20det_2_11_1  13811 14314 19718 1654551 44033 1646389  6213  3490 104867 16856 11681 34391 15738 111327
SRM_1831_300s_20x20det_2_11_10 13608 14330 19725 1658512 43621 1648945  6582  3445 104612 17365 11569 35197 16089 110818
SRM_1831_300s_20x20det_2_11_11 13702 14185 19829 1658504 44277 1650162  6770  3378 104962 16395 12306 34342 15644 110513
SRM_1831_300s_20x20det_2_11_12 13585 14327 19679 1658469 44271 1649071  6842  3869 105511 17068 11661 33901 14753 110255
SRM_1831_300s_20x20det_2_11_13 13761 14151 19707 1655671 43780 1649310  6884  3536 105907 16553 11862 34630 15669 110545
SRM_1831_300s_20x20det_2_11_14 13444 13988 19956 1656583 43868 1650768  6584  3948 105797 16750 12032 34315 15604 110615
SRM_1831_300s_20x20det_2_11_15 13644 14245 19744 1658541 44517 1650514  6276  3499 104746 16887 11276 33865 14347 111471
SRM_1831_300s_20x20det_2_11_16  6199  6515  9231  774923 20318  772102  3149  2253  50109  8188  5705 16650  7951  52621
SRM_1831_300s_20x20det_2_11_17 13555 14103 19471 1650417 43840 1648608  6017  3929 105572 16812 12287 34091 15187 110132
SRM_1831_300s_20x20det_2_11_18 13536 14344 19673 1657604 43994 1646671  6248  3914 105649 17069 11570 34399 15179 110465
SRM_1831_300s_20x20det_2_11_19 13634 14092 19843 1653485 44398 1648825  6382  3584 104569 16991 11621 34706 16273 110973
SRM_1831_300s_20x20det_2_11_2  13617 14086 19900 1655176 44149 1647871  6237  3961 106102 16933 12324 35450 16527 111096
SRM_1831_300s_20x20det_2_11_3   4536  4812  6657  551185 14692  548257  2398  1660  35506  6430  4272 11824  5335  37097
SRM_1831_300s_20x20det_2_11_4  13890 14186 19929 1654343 44196 1648725  6537  3924 105238 16932 11673 34482 15282 110399
SRM_1831_300s_20x20det_2_11_5  13808 14276 19828 1658134 44423 1650217  6452  3813 105255 16461 11678 34717 16749 110858
SRM_1831_300s_20x20det_2_11_6  13883 14150 19737 1655420 44236 1647119  6657  3562 104866 16676 12073 34482 15385 111067
SRM_1831_300s_20x20det_2_11_7  13508 14331 19707 1658888 43825 1647012  6256  4015 105066 17406 12163 34753 15983 110493
SRM_1831_300s_20x20det_2_11_8  13461 13898 19638 1654847 43720 1647829  6696  3313 104988 16620 11393 34470 15932 110372
SRM_1831_300s_20x20det_2_11_9   8227  8491 11845  994219 26587  989558  4118  2221  63336 10318  7246 21111  9458  66637
SRM_1831_300s_20x20det_2_12_0  13750 14443 19679 1657270 43819 1647470  6568  3667 104913 16340 11593 33697 15258 111776
SRM_1831_300s_20x20det_2_12_1   5741  6140  8253  695509 18716  692360  2855  2253  44129  7300  5304 14824  7401  47018
SRM_1831_300s_20x20det_2_12_10 13537 14224 19586 1659860 44017 1650133  6706  3701 105272 16646 11744 34469 15201 110828
SRM_1831_300s_20x20det_2_12_11 13929 14294 19423 1653787 44083 1647908  6237  3327 105255 17313 11506 34773 15603 109687
SRM_1831_300s_20x20det_2_12_12 13440 14271 19624 1652426 44120 1644934  6444  3592 105219 16144 12088 34689 16135 110511
SRM_1831_300s_20x20det_2_12_13 13394 14200 19789 1657214 43933 1649643  6444  3248 103979 16586 11285 34919 15236 111226
SRM_1831_300s_20x20det_2_12_14 13770 14287 19928 1657460 44365 1649018  6268  3624 104442 16566 11670 34996 16029 109990
SRM_1831_300s_20x20det_2_12_15 13512 14230 19871 1653135 43147 1647723  6499  3681 105168 16844 11848 34280 15243 110396
SRM_1831_300s_20x20det_2_12_16 13538 14135 19489 1653678 43975 1648255  6393  3832 105175 16618 11004 34024 14812 110988
SRM_1831_300s_20x20det_2_12_17 13526 14023 19808 1656099 44030 1647069  6406  3783 105749 17005 12023 34479 15468 110619
SRM_1831_300s_20x20det_2_12_18 13765 14295 19221 1655365 44247 1648825  6470  3635 105346 17548 12440 34432 15692 110685
SRM_1831_300s_20x20det_2_12_19 10263 10573 14550 1234265 32975 1227935  4886  2768  78819 12279  8641 25574 12749  82255
SRM_1831_300s_20x20det_2_12_2  13284 14361 19922 1657091 44139 1649583  6420  3078 105024 16838 11309 34232 15712 111070
SRM_1831_300s_20x20det_2_12_3  13508 14235 19835 1656260 43993 1647816  6369  3194 105050 16741 11864 34243 16086 110591
SRM_1831_300s_20x20det_2_12_4  13503 14402 19902 1658020 43552 1648828  6061  3988 105624 17000 11277 34311 16119 111186
SRM_1831_300s_20x20det_2_12_5   9311  9773 13766 1152451 30577 1147836  4583  2873  73988 12482  8017 24222 11300  76742
SRM_1831_300s_20x20det_2_12_6  13710 14387 19967 1653407 43844 1646975  6059  3646 105245 16744 11018 34378 15692 110772
SRM_1831_300s_20x20det_2_12_7  13407 14237 19823 1655287 43592 1645355  6297  3744 105238 16797 11615 34784 16062 110424
SRM_1831_300s_20x20det_2_12_8  13514 14015 19696 1657717 43844 1648576  6733  4386 105949 16575 11691 34735 15329 112028
SRM_1831_300s_20x20det_2_12_9  13371 14451 19753 1657807 44341 1648022  6624  4103 105310 16926 11903 34597 16613 110193
SRM_1831_300s_20x20det_2_13_0   6609  6757  9489  804079 21449  799352  3242  2093  51460  8066  5536 16749  7943  54331
SRM_1831_300s_20x20det_2_13_1  13568 14232 19815 1655065 44218 1646464  6878  3849 105134 16989 11217 34625 15797 110541
SRM_1831_300s_20x20det_2_13_10 13730 14364 20000 1660858 43611 1650716  6539  3557 105547 16749 11293 34531 15684 110664
SRM_1831_300s_20x20det_2_13_11 13684 14240 19692 1660514 44286 1650832  6287  3647 106058 17237 11864 34398 16201 111362
SRM_1831_300s_20x20det_2_13_12 13449 14154 19707 1651501 44051 1648266  6264  3675 104496 16534 11303 34030 15861 111486
SRM_1831_300s_20x20det_2_13_13 13505 14152 19747 1659912 44036 1650236  6234  3332 104728 16540 11508 34606 15050 110425
SRM_1831_300s_20x20det_2_13_14 13856 14379 19584 1658873 44399 1649135  6656  3592 105826 16377 11827 35020 16196 110992
SRM_1831_300s_20x20det_2_13_15 13451 14138 20011 1658985 43774 1650788  6124  3718 105712 16303 11542 34445 15678 110585
SRM_1831_300s_20x20det_2_13_16 13711 14286 19819 1658692 43858 1649954  6354  3648 105449 17977 11886 34049 16372 110692
SRM_1831_300s_20x20det_2_13_17 13658 14112 19815 1658633 44308 1647657  6637  3464 104591 16979 12212 34950 15906 110537
SRM_1831_300s_20x20det_2_13_18 13620 14555 19810 1660439 44399 1649029  6206  3438 104802 17073 11710 34532 15464 111034
SRM_1831_300s_20x20det_2_13_19 13728 14235 19987 1659928 43767 1650588  6407  3695 104945 16785 11815 34797 15220 111478
SRM_1831_300s_20x20det_2_13_2  13612 14326 19878 1655619 44278 1645892  6415  4273 105278 16203 12153 34676 15769 110537
SRM_1831_300s_20x20det_2_13_3  13452 14190 19595 1655272 43677 1647002  6568  3691 105033 16992 12256 35100 16313 110464
SRM_1831_300s_20x20det_2_13_4  13424 14519 19748 1653469 43679 1644840  6373  3328 104735 16686 12135 34118 16364 110862
SRM_1831_300s_20x20det_2_13_5  13641 14167 19855 1658574 43796 1649176  6249  3547 104716 17009 11319 35009 16315 111337
SRM_1831_300s_20x20det_2_13_6  13761 14307 19838 1656630 44084 1649909  6155  4312 105500 16718 11765 34236 16541 110292
SRM_1831_300s_20x20det_2_13_7  13562 14220 19738 1656669 44259 1649942  6289  4117 105786 16023 11431 34885 14994 110262
SRM_1831_300s_20x20det_2_13_8  13945 14253 19665 1657527 44205 1649098  6496  3244 104574 16605 11186 34603 15387 111772
SRM_1831_300s_20x20det_2_13_9  13591 14264 19845 1659033 44072 1651541  6055  4682 105136 16613 11834 34432 15813 110654
SRM_1831_300s_20x20det_2_14_0  14052 14375 19798 1658728 43614 1650271  6191  3519 105190 16994 11981 34166 16314 111551
SRM_1831_300s_20x20det_2_14_1  13807 14389 19496 1658008 44418 1647104  6447  3483 104836 16793 12129 35146 15751 111372
SRM_1831_300s_20x20det_2_14_10 13555 14379 19782 1656947 44491 1648956  6403  4319 105084 16512 11464 34421 15765 110972
SRM_1831_300s_20x20det_2_14_11 13690 14465 19762 1657195 43958 1650080  6683  3815 106083 16998 10838 34688 15442 110880
SRM_1831_300s_20x20det_2_14_12  1337  1469  1936  162032  4272  161904   684   662  10748  2076  1738  3897  2173  11106
SRM_1831_300s_20x20det_2_14_13 13627 14351 19998 1661907 44228 1653506  6262  3794 105734 17551 11550 34725 16178 110878
SRM_1831_300s_20x20det_2_14_14 13462 14236 19515 1657532 44233 1646473  6443  3833 105190 17208 11116 33925 15891 110858
SRM_1831_300s_20x20det_2_14_15 13687 14215 19658 1658005 44301 1650391  6611  3605 104696 16999 11207 34746 15432 110635
SRM_1831_300s_20x20det_2_14_16 13676 14172 20191 1658445 44244 1648234  6470  3067 105389 16536 11506 33943 16214 110960
SRM_1831_300s_20x20det_2_14_17 13409 14282 19840 1656348 43992 1646717  6455  3534 105260 17065 11833 34172 15314 110356
SRM_1831_300s_20x20det_2_14_18 13793 13884 19616 1659867 44129 1649894  6347  3410 104463 17763 12017 34315 16026 111451
SRM_1831_300s_20x20det_2_14_19 13593 14213 19590 1657067 43949 1648744  6349  3343 104994 16113 11380 34809 15821 111139
SRM_1831_300s_20x20det_2_14_2  13526 14344 19878 1656479 44287 1644885  6689  3564 104331 16960 11586 34596 16183 110790
SRM_1831_300s_20x20det_2_14_3  13723 14402 19756 1658560 43536 1649104  6632  3531 105538 16676 11731 34750 14967 111824
SRM_1831_300s_20x20det_2_14_4  13557 14228 19687 1659121 44155 1644985  6210  3622 105210 17109 11428 34550 15393 110512
SRM_1831_300s_20x20det_2_14_5  13544 14259 19669 1657923 44217 1646283  6359  3565 105383 16640 11976 34096 15452 110557
SRM_1831_300s_20x20det_2_14_6  13574 14287 19769 1656711 44157 1645287  6533  3967 105621 16480 12204 34113 16074 110906
SRM_1831_300s_20x20det_2_14_7  13794 14374 19659 1656691 44140 1646960  6185  2741 104424 16514 11256 34203 15063 110244
SRM_1831_300s_20x20det_2_14_8  13361 14358 19759 1657301 43997 1649360  6276  3590 104756 16502 11069 34722 15746 110203
SRM_1831_300s_20x20det_2_14_9   8664  8785 12357 1043586 28352 1065206  4468  2635  68649 10744  7907 22250  9932  72326
SRM_1831_300s_20x20det_2_15_0  13796 14351 19662 1658111 44026 1648104  6472  3611 104483 16481 12132 34322 16269 112095
SRM_1831_300s_20x20det_2_15_1   7895  8273 11441  970667 25576  967034  3865  2071  61949 10118  7054 20385  9042  65399
SRM_1831_300s_20x20det_2_15_10 11231 11912 16579 1384609 36548 1378909  5099  3079  88024 14249 10406 29192 13530  91912
SRM_1831_300s_20x20det_2_15_11 13572 14216 19866 1656185 44282 1647928  6316  3623 104691 15927 11492 35268 14992 110946
SRM_1831_300s_20x20det_2_15_12 13518 14284 19919 1656909 43687 1646685  6514  4030 106374 17047 11296 33545 15335 111050
SRM_1831_300s_20x20det_2_15_13  2777  2918  3964  335590  8975  334980  1436  1078  21637  3816  3000  7621  3825  22940
SRM_1831_300s_20x20det_2_15_14 13674 13797 19593 1650592 44469 1647138  6364  3258 105562 17344 11516 33891 15384 110888
SRM_1831_300s_20x20det_2_15_15 13574 14291 20221 1664154 44319 1651370  6463  3675 105183 17875 11149 33997 15452 110905
SRM_1831_300s_20x20det_2_15_16 13511 14110 19619 1661673 44267 1650235  6528  4005 105719 17497 11450 34665 15366 111309
SRM_1831_300s_20x20det_2_15_17 13579 14193 19813 1659769 44179 1649116  6330  3330 104705 17168 11699 35350 17592 110631
SRM_1831_300s_20x20det_2_15_18 13637 14029 19677 1657729 43855 1648385  6659  3701 105732 17044 11446 34543 15589 110691
SRM_1831_300s_20x20det_2_15_19 13742 14100 19746 1659809 43808 1649601  6482  3528 104856 16865 11909 34428 15620 111174
SRM_1831_300s_20x20det_2_15_2  13683 14260 19616 1655514 43777 1645261  6701  3771 104360 17378 11534 34413 16415 110822
SRM_1831_300s_20x20det_2_15_3  13764 14338 19911 1655607 44193 1647128  6110  3595 104674 16440 11667 34150 16525 111053
SRM_1831_300s_20x20det_2_15_4  13675 14443 19784 1657412 43957 1646923  6192  3842 104947 17165 11646 35186 15549 110439
SRM_1831_300s_20x20det_2_15_5  13561 14241 19654 1658454 43944 1645115  6434  3632 105762 16800 12160 34517 15643 110240
SRM_1831_300s_20x20det_2_15_6  13658 14230 19902 1658332 44171 1648953  6751  4339 105710 16611 11532 34767 15881 110654
SRM_1831_300s_20x20det_2_15_7  13336 14126 19451 1658027 44554 1649157  6438  3945 104811 16883 12282 34421 14744 110490
SRM_1831_300s_20x20det_2_15_8  13733 14090 19926 1659076 44183 1646982  6447  3834 105605 17833 11427 34567 16539 111015
SRM_1831_300s_20x20det_2_15_9  13855 14154 19754 1658458 44174 1649964  6451  3608 104941 16725 11547 34751 15990 110925
SRM_1831_300s_20x20det_2_16_0  13900 14356 20112 1658778 44170 1648783  6215  3243 105097 16937 11433 34284 16462 111711
SRM_1831_300s_20x20det_2_16_1   1608  1670  2202  186003  4900  184799   906   566  12004  2332  1947  4712  2336  12399
SRM_1831_300s_20x20det_2_16_10 13697 14361 19444 1661362 44141 1649438  6457  3695 105776 17176 11708 34991 15588 110734
SRM_1831_300s_20x20det_2_16_11 13837 14313 20006 1658127 44082 1648066  6698  4019 105559 17078 11972 34826 16035 111371
SRM_1831_300s_20x20det_2_16_12 13679 14058 19977 1658186 43972 1649834  6322  3205 105386 16933 10988 35316 15481 111050
SRM_1831_300s_20x20det_2_16_13 13623 13981 19602 1638457 43430 1644861  6437  3668 105332 16888 11354 33537 15759 110885
SRM_1831_300s_20x20det_2_16_14 13700 14362 20109 1659988 43948 1648179  6706  3752 105319 16955 11861 35025 17021 109607
SRM_1831_300s_20x20det_2_16_15 13751 14423 19769 1658511 44026 1650912  6563  3690 105434 16688 11833 35242 16002 111129
SRM_1831_300s_20x20det_2_16_16 13724 14393 20004 1657911 43613 1648230  6357  3160 105209 17012 11830 34251 15801 110708
SRM_1831_300s_20x20det_2_16_17 13704 14416 19944 1657729 44139 1648086  6386  3525 105740 17559 11328 34564 15609 110916
SRM_1831_300s_20x20det_2_16_18  9850 10387 14418 1221820 32595 1211919  4888  2897  77421 12340  8452 25073 11115  81957
SRM_1831_300s_20x20det_2_16_19 13641 14397 20239 1661192 44593 1652452  6467  3545 105034 16628 11875 34622 16450 111458
SRM_1831_300s_20x20det_2_16_2  13834 14158 19562 1655841 44303 1647478  6552  3776 105067 16877 11722 34567 15738 110437
SRM_1831_300s_20x20det_2_16_3  10320 10740 14589 1243719 32959 1235657  4883  2714  78492 12629  8960 25789 12251  82249
SRM_1831_300s_20x20det_2_16_4  13627 14090 19627 1658373 43606 1650401  6574  4371 105188 16266 11920 35093 16288 111051
SRM_1831_300s_20x20det_2_16_5  13669 14125 19863 1658045 44100 1649806  6373  3455 104891 16415 11919 34485 16110 110911
SRM_1831_300s_20x20det_2_16_6  13567 14136 19643 1655940 44055 1647855  6483  3937 106166 16787 11635 34312 15874 110481
SRM_1831_300s_20x20det_2_16_7  13632 14362 19719 1656741 44264 1647862  6621  4264 104120 17002 12146 34196 15955 110243
SRM_1831_300s_20x20det_2_16_8  13679 14172 19658 1656506 43695 1646864  6528  3890 105331 16156 12694 35543 16200 110240
SRM_1831_300s_20x20det_2_16_9  13474 13859 19294 1625792 43118 1617139  5959  3353 103472 16285 12236 34173 16159 108942
SRM_1831_300s_20x20det_2_17_0  13871 14188 19986 1659596 43654 1650304  6352  2969 105027 17423 11947 34086 15615 112194
SRM_1831_300s_20x20det_2_17_1  13700 14188 19801 1661628 44046 1649193  6284  3501 105445 16617 11177 34383 15568 111578
SRM_1831_300s_20x20det_2_17_10 13447 14355 19812 1659296 44231 1650960  6826  3331 104744 16986 11465 35091 14651 109907
SRM_1831_300s_20x20det_2_17_11 13651 14381 19895 1662992 44431 1649730  6418  3755 105825 16699 11769 34662 14958 111762
SRM_1831_300s_20x20det_2_17_12 13781 14294 19798 1659389 44207 1647577  6302  3546 104938 16172 11677 35529 16569 110697
SRM_1831_300s_20x20det_2_17_13 13489 13908 19630 1660019 44573 1653533  6559  3419 105910 16783 11909 34283 15633 111787
SRM_1831_300s_20x20det_2_17_14  8848  9149 12735 1074658 28663 1067606  4078  2574  68366 11485  8131 22609 10566  72559
SRM_1831_300s_20x20det_2_17_15 13919 14303 19721 1657601 44142 1652416  6224  3371 104740 16761 11542 34371 15442 110482
SRM_1831_300s_20x20det_2_17_16 13730 14133 19812 1659380 44187 1649398  6316  3589 104891 16570 11765 34104 15816 110189
SRM_1831_300s_20x20det_2_17_17 13708 14137 19769 1660535 43905 1651148  6675  3268 105161 16706 11814 34572 16028 111272
SRM_1831_300s_20x20det_2_17_18 13593 14343 19770 1657945 44444 1651234  6831  3384 104971 16268 11415 33434 15348 110291
SRM_1831_300s_20x20det_2_17_19 11049 11613 16062 1352496 36404 1347396  5249  2729  85634 13862  9841 28975 13594  90569
SRM_1831_300s_20x20det_2_17_2  13832 14303 19833 1660213 44557 1650138  6439  3131 104996 16413 12213 34674 16431 111446
SRM_1831_300s_20x20det_2_17_3  13645 14304 19985 1660518 43571 1652794  6320  3426 104399 16716 11316 33746 15697 110889
SRM_1831_300s_20x20det_2_17_4  13804 14255 19739 1660910 44288 1650014  6263  3085 105067 17053 11964 34211 16238 110375
SRM_1831_300s_20x20det_2_17_5  13869 14396 19880 1661525 44218 1652006  6779  3304 106300 17313 11580 34424 16095 111668
SRM_1831_300s_20x20det_2_17_6  13806 14426 19887 1663677 43867 1651644  6290  3704 105298 16637 12182 34093 16476 110809
SRM_1831_300s_20x20det_2_17_7  13764 14346 19455 1661485 44537 1653998  6435  3345 104463 17109 12122 35066 16494 110568
SRM_1831_300s_20x20det_2_17_8  13813 14316 19751 1660588 44045 1652996  6640  3547 104945 16631 11783 34309 16947 110434
SRM_1831_300s_20x20det_2_17_9  13536 14241 19681 1656952 44105 1650137  6233  3848 106009 16602 12043 35145 15951 110515
SRM_1831_300s_20x20det_2_18_0  13776 14229 19796 1658694 44346 1648225  6440  3285 104736 16932 11831 33877 16036 112824
SRM_1831_300s_20x20det_2_18_1  13769 14191 19748 1657426 43649 1649515  6326  3472 105397 17452 11182 35115 15976 111904
SRM_1831_300s_20x20det_2_18_10 13554 14242 19781 1658144 44089 1646223  6351  3208 104784 16836 10919 34203 15295 111171
SRM_1831_300s_20x20det_2_18_11 13835 14185 19784 1661144 43815 1648287  6394  4271 105327 17563 10852 34354 16691 109798
SRM_1831_300s_20x20det_2_18_12 13589 14324 19820 1658491 44074 1651907  6537  3751 105603 16091 11308 34830 16187 110085
SRM_1831_300s_20x20det_2_18_13 13891 14196 19886 1659519 44055 1648257  6389  3954 105643 16462 11689 34342 15017 111252
SRM_1831_300s_20x20det_2_18_14 13612 14361 19653 1659670 43980 1650756  6454  3883 105014 17021 11791 34226 16770 110585
SRM_1831_300s_20x20det_2_18_15 13520 14173 19592 1658307 43975 1646940  6169  3683 105527 17479 11928 35394 17203 110852
SRM_1831_300s_20x20det_2_18_16 13677 14183 19688 1659040 44271 1649537  6500  3720 105472 16661 10959 34378 15477 111057
SRM_1831_300s_20x20det_2_18_17 13530 14370 19760 1658933 44110 1645212  6212  3569 105081 16819 11819 33996 15986 110886
SRM_1831_300s_20x20det_2_18_18 13529 14086 19829 1658115 44055 1649319  6528  3346 104861 17188 11316 33979 16230 111824
SRM_1831_300s_20x20det_2_18_19 13531 14197 20017 1651123 43629 1641086  6898  3419 104902 16978 11664 34537 16283 110524
SRM_1831_300s_20x20det_2_18_2  13767 14135 19929 1656026 43966 1646312  6127  3124 104341 16069 12029 34297 16304 111600
SRM_1831_300s_20x20det_2_18_3  13711 14244 19579 1658282 44219 1647993  6481  3323 104684 16863 11940 34618 16223 110759
SRM_1831_300s_20x20det_2_18_4  13618 14016 19721 1658053 44160 1646897  6395  3672 105342 16380 12129 34719 16314 110798
SRM_1831_300s_20x20det_2_18_5  13848 13970 19722 1651983 43925 1641867  6811  3604 104527 16746 11324 33492 15265 110250
SRM_1831_300s_20x20det_2_18_6  13621 14097 19815 1656443 43992 1646723  6325  4066 105022 16620 11439 34110 15899 110459
SRM_1831_300s_20x20det_2_18_7  13542 14114 19244 1648926 43778 1645947  6329  4018 105723 16647 12188 35288 16391 110804
SRM_1831_300s_20x20det_2_18_8  13608 14180 19779 1658242 44033 1648062  6293  3271 104690 16803 11568 34851 15626 110964
SRM_1831_300s_20x20det_2_18_9  13609 14279 20043 1656879 44340 1647822  6466  3366 104797 16144 12188 34347 15645 110970
SRM_1831_300s_20x20det_2_19_0  13920 14175 19561 1654176 43949 1647386  6389  3737 105002 16465 11355 34653 16017 111802
SRM_1831_300s_20x20det_2_19_1  13667 14292 19993 1655265 43834 1645429  6543  4417 105849 16901 11717 34672 16363 109978
SRM_1831_300s_20x20det_2_19_10 13669 14304 19798 1656208 43709 1648656  6485  3517 105518 16904 11970 34521 15943 110567
SRM_1831_300s_20x20det_2_19_11 13706 14353 19729 1660605 43772 1650619  6199  4532 105414 16878 11859 34206 15839 110202
SRM_1831_300s_20x20det_2_19_12 13655 14127 20003 1663813 44371 1652414  6510  3347 105507 16265 11930 34573 15999 111201
SRM_1831_300s_20x20det_2_19_13 13665 14174 19558 1663839 43913 1651377  6204  3411 104907 16515 11534 34091 15031 111845
SRM_1831_300s_20x20det_2_19_14 13244 13953 19633 1661645 44073 1648556  6323  3980 105964 16548 11433 34020 14954 110655
SRM_1831_300s_20x20det_2_19_15 13784 14235 19511 1658836 43946 1650515  6531  3443 104402 17363 11863 34690 16141 110112
SRM_1831_300s_20x20det_2_19_16 13588 14248 19400 1662422 44291 1647193  6434  3828 105261 16182 12320 35591 16090 111189
SRM_1831_300s_20x20det_2_19_17 13494 14244 19826 1663069 44454 1649676  6302  3613 105285 16969 11817 34910 15083 110217
SRM_1831_300s_20x20det_2_19_18 13823 14551 19983 1662080 44173 1650341  6548  3520 104521 16748 12030 34519 15786 110626
SRM_1831_300s_20x20det_2_19_19 13557 14273 19516 1661051 44106 1652229  6679  3023 105474 17426 12626 35477 16562 110126
SRM_1831_300s_20x20det_2_19_2  13779 14232 19822 1656317 44099 1647249  6147  3732 105380 16675 11744 34503 15822 111607
SRM_1831_300s_20x20det_2_19_3  13787 14416 19793 1657029 44256 1648105  6287  3390 104859 15825 11355 34473 16094 109839
SRM_1831_300s_20x20det_2_19_4  13608 14184 19750 1658436 44274 1650465  6423  3329 104941 16818 11770 33983 15278 109872
SRM_1831_300s_20x20det_2_19_5  13432 14120 20029 1657051 44606 1648931  6479  3397 105365 16578 12127 34978 15653 110181
SRM_1831_300s_20x20det_2_19_6  13630 14071 19747 1658059 44342 1650777  6393  3498 104294 16734 11423 34928 15597 110959
SRM_1831_300s_20x20det_2_19_7  13579 14291 19641 1658108 44256 1647672  6553  3577 105280 16282 11549 34696 15965 110573
SRM_1831_300s_20x20det_2_19_8  13676 13974 19850 1656375 43583 1647346  6310  3334 105356 16975 11970 34320 15401 111271
SRM_1831_300s_20x20det_2_19_9  13849 14228 19754 1659922 44125 1651142  6345  4085 105687 16792 11743 35210 16245 110652
SRM_1831_300s_20x20det_2_1_0   13567 14195 19683 1652084 44244 1648626  6445  3898 105886 16878 11227 34373 16475 111539
SRM_1831_300s_20x20det_2_1_1   13843 13979 19548 1660208 44147 1649862  6526  3106 105774 16866 11525 34790 15834 110846
SRM_1831_300s_20x20det_2_1_10  13653 14183 19914 1653561 44262 1649845  6250  4645 105776 16656 11116 34296 15384 109953
SRM_1831_300s_20x20det_2_1_11  13433 14312 19634 1655583 44138 1647842  6450  4095 105354 16014 11638 34184 16025 111489
SRM_1831_300s_20x20det_2_1_12  13531 14028 19426 1652176 43651 1646354  6132  3553 105662 16667 11217 35039 15569 110586
SRM_1831_300s_20x20det_2_1_13  13586 14134 19595 1654855 44214 1648417  6501  4030 105053 16423 12151 34770 15796 111655
SRM_1831_300s_20x20det_2_1_14  13687 14176 19791 1655435 43857 1647759  6370  3180 104843 16671 11690 34656 15742 111231
SRM_1831_300s_20x20det_2_1_15  13757 14297 19537 1658228 43974 1649570  6177  3291 104828 16586 11648 34320 15987 111152
SRM_1831_300s_20x20det_2_1_16  13773 14246 20184 1652126 44459 1646205  6399  3262 104741 16804 11266 33852 15452 110334
SRM_1831_300s_20x20det_2_1_17  13409 14121 19708 1654222 43856 1644117  6217  3821 105346 17068 11413 34107 15521 110631
SRM_1831_300s_20x20det_2_1_18  13556 14517 19823 1654355 44146 1643828  6932  4440 105847 16465 11496 34714 17064 111406
SRM_1831_300s_20x20det_2_1_19  13710 14176 19592 1656618 44045 1649385  6688  3793 105227 16623 11511 34359 15478 111083
SRM_1831_300s_20x20det_2_1_2   13818 14102 19700 1657011 44085 1652395  6610  3486 104322 17385 10800 34309 15710 110855
SRM_1831_300s_20x20det_2_1_3   13726 14326 19989 1655908 43861 1645859  6331  3393 105409 16513 11272 34131 15165 110544
SRM_1831_300s_20x20det_2_1_4    8593  8804 12341 1045184 28091 1042055  3953  2075  66587 10887  7806 22176  9851  69698
SRM_1831_300s_20x20det_2_1_5   13993 14292 19873 1653906 43988 1646667  6779  3725 104453 16598 11652 33979 15431 112443
SRM_1831_300s_20x20det_2_1_6   13488 14366 19763 1654674 44087 1648238  6510  2835 104871 17262 11667 33861 15435 110278
SRM_1831_300s_20x20det_2_1_7   13695 13973 19684 1655781 43994 1649690  6497  3569 105363 17065 11401 34789 15562 110282
SRM_1831_300s_20x20det_2_1_8   13712 14155 19915 1656464 44048 1649572  6049  3587 105216 16291 11499 34422 15544 110478
SRM_1831_300s_20x20det_2_1_9   13724 14139 19710 1654673 44182 1647092  6278  3621 104794 16353 11691 34574 15516 110923
SRM_1831_300s_20x20det_2_2_0   13682 14387 19676 1653641 44247 1645997  6481  3419 104465 16760 12066 34357 16022 112456
SRM_1831_300s_20x20det_2_2_1   13451 14373 19545 1655183 44049 1645290  6699  3416 105095 16695 12334 35588 17391 111338
SRM_1831_300s_20x20det_2_2_10  13436 14283 19236 1657148 44212 1647957  6242  3425 104878 16774 11600 34597 15064 110955
SRM_1831_300s_20x20det_2_2_11   9219  9473 13223 1101033 29310 1098937  4453  2345  70271 10934  8265 23102 11444  73727
SRM_1831_300s_20x20det_2_2_12  13526 14102 19517 1654882 44228 1646652  6336  3854 105466 17206 11923 33441 14707 110820
SRM_1831_300s_20x20det_2_2_13  13544 14149 19506 1657646 43989 1646808  6169  4163 104871 16742 11726 35214 17020 110841
SRM_1831_300s_20x20det_2_2_14  13531 14172 19540 1655740 44301 1648017  6252  3222 104605 17301 11196 34533 15141 111135
SRM_1831_300s_20x20det_2_2_15  13448 14251 19745 1656658 44043 1645764  6299  3464 105313 17394 12144 34002 15534 111118
SRM_1831_300s_20x20det_2_2_16  13506 14283 19390 1653159 43920 1647126  6283  4086 104808 16532 11740 34741 15783 110536
SRM_1831_300s_20x20det_2_2_17  13676 14291 19833 1656424 43829 1647415  6632  3471 105351 17074 12335 34611 15491 111176
SRM_1831_300s_20x20det_2_2_18  13612 14262 19812 1652936 43876 1648496  6436  3807 104894 16492 12392 34858 16916 110994
SRM_1831_300s_20x20det_2_2_19  13481 14222 19976 1656452 44376 1648984  6520  3502 105169 17222 11467 34628 15213 110329
SRM_1831_300s_20x20det_2_2_2   13505 14411 19525 1652656 43952 1645406  6648  3527 104954 16650 11003 34926 15785 110395
SRM_1831_300s_20x20det_2_2_3   13686 14437 19678 1653897 43870 1647840  6283  3358 104613 16304 12143 34864 15816 110612
SRM_1831_300s_20x20det_2_2_4   13781 14265 19465 1655880 43963 1646053  6013  3717 104302 17062 11454 34331 15439 110224
SRM_1831_300s_20x20det_2_2_5     560   647   907   71544  1944   71767   398   329   4703  1237  1000  1946  1071   4810
SRM_1831_300s_20x20det_2_2_6   13475 14354 19860 1654717 44071 1646724  6498  3512 105583 16521 11818 35018 15963 110806
SRM_1831_300s_20x20det_2_2_7    4350  4495  6351  527469 14114  524789  2160  1319  33826  5730  4876 11809  5411  35934
SRM_1831_300s_20x20det_2_2_8   13747 14281 19897 1656455 44023 1649986  6526  3962 105290 16969 10645 34426 15889 110580
SRM_1831_300s_20x20det_2_2_9   13795 13951 20030 1653865 44031 1647777  6318  4110 105218 17116 11882 33996 16508 111022
SRM_1831_300s_20x20det_2_3_0   13885 14273 19731 1658339 44400 1648062  6260  3607 105132 16459 11860 35040 15545 112608
SRM_1831_300s_20x20det_2_3_1   13826 14365 19759 1655578 44358 1647632  6431  3761 105522 17201 11602 34248 16605 111541
SRM_1831_300s_20x20det_2_3_10  13313 14441 19867 1658072 44275 1647906  6711  3892 103852 16711 12246 34582 15340 110451
SRM_1831_300s_20x20det_2_3_11  13627 14112 19473 1656181 44309 1650098  6642  4046 105719 16481 11396 34025 15620 110597
SRM_1831_300s_20x20det_2_3_12  13690 14290 19713 1654233 43893 1646558  6548  4022 104991 16489 11315 34054 15984 110914
SRM_1831_300s_20x20det_2_3_13  13811 14288 19925 1656379 44539 1649807  6706  4191 105763 17076 11292 33936 15451 110383
SRM_1831_300s_20x20det_2_3_14  13453 14164 19400 1652729 43971 1645388  6366  3011 104480 16879 12419 34867 16182 110349
SRM_1831_300s_20x20det_2_3_15  13686 14285 19673 1658175 43997 1649835  6382  3569 105776 16780 11986 34358 15676 110023
SRM_1831_300s_20x20det_2_3_16  13401 14300 19734 1656311 43983 1649839  6437  3749 105258 17040 11803 33937 16433 109741
SRM_1831_300s_20x20det_2_3_17  13735 14506 19433 1655836 44293 1649930  6236  3511 105606 17315 11605 34834 15293 110683
SRM_1831_300s_20x20det_2_3_18  13833 14205 19985 1656824 44002 1650460  6267  3437 104345 16501 11749 33795 15096 109992
SRM_1831_300s_20x20det_2_3_19  13448 14498 19541 1656872 44218 1649281  6286  4586 106266 17254 11490 34099 15523 110686
SRM_1831_300s_20x20det_2_3_2   13451 14432 19920 1656360 43861 1649774  6443  3774 105422 16835 11431 34624 15943 111943
SRM_1831_300s_20x20det_2_3_3   13714 14082 20258 1655226 43661 1647484  6738  3240 104305 17468 12125 34241 15807 110273
SRM_1831_300s_20x20det_2_3_4   10516 10903 15076 1278769 34124 1272602  5016  2764  80581 12999  9068 27294 12342  86239
SRM_1831_300s_20x20det_2_3_5   13994 14364 19885 1656847 44294 1651001  6451  3828 104979 17427 11753 34342 15629 110988
SRM_1831_300s_20x20det_2_3_6   13513 13945 19809 1654175 44032 1650063  6979  3828 105103 16888 11987 34587 15780 111011
SRM_1831_300s_20x20det_2_3_7   13575 14276 19647 1656373 44207 1648448  6714  4217 105207 16855 11497 34498 15796 111672
SRM_1831_300s_20x20det_2_3_8   13711 14307 19657 1657691 43910 1649841  6471  3897 105275 16987 11972 34638 16338 111794
SRM_1831_300s_20x20det_2_3_9   13675 14083 19579 1655913 43912 1647729  6412  3360 104652 16493 11332 33805 15704 111125
SRM_1831_300s_20x20det_2_4_0   13792 14193 19848 1656860 44043 1650405  6444  4413 105708 17072 11315 34511 15607 112315
SRM_1831_300s_20x20det_2_4_1   13584 13992 19567 1656203 44203 1649667  6617  3444 105028 16239 11567 34613 15710 111292
SRM_1831_300s_20x20det_2_4_10  13718 14290 20074 1655013 43722 1647236  6750  3426 104395 16292 11807 34545 16083 111152
SRM_1831_300s_20x20det_2_4_11  13659 14087 19796 1656339 44286 1647365  6664  3314 104729 16755 12007 34411 16152 110391
SRM_1831_300s_20x20det_2_4_12  13706 14221 19460 1652890 44444 1646769  6232  3579 105536 17229 11706 34576 14963 110396
SRM_1831_300s_20x20det_2_4_13  13566 13999 19439 1654660 43910 1646272  6364  3182 104829 16594 11848 34571 15351 110936
SRM_1831_300s_20x20det_2_4_14  13819 14412 19664 1654639 44420 1645813  6685  4115 106021 16817 11718 33895 15563 110718
SRM_1831_300s_20x20det_2_4_15  13542 14058 19619 1656916 44225 1649915  6491  3571 105587 17073 11303 34153 15583 110234
SRM_1831_300s_20x20det_2_4_16  13407 14104 19496 1629600 43845 1645950  6309  3383 105499 16514 12187 34714 15404 110774
SRM_1831_300s_20x20det_2_4_17  13756 14239 19683 1655163 44266 1648059  6147  3394 105825 17293 11423 34481 15595 110627
SRM_1831_300s_20x20det_2_4_18  13663 14273 19676 1657668 44106 1649608  6372  3587 105443 16959 11214 33913 16302 110061
SRM_1831_300s_20x20det_2_4_19  13707 14085 19660 1656734 43655 1648236  6371  3286 105606 17042 11460 34397 16313 110530
SRM_1831_300s_20x20det_2_4_2   13742 14272 19699 1652135 44076 1648074  6300  3974 105212 16398 11547 34078 16495 110707
SRM_1831_300s_20x20det_2_4_3   13475 14167 19751 1652966 43996 1645517  6527  3124 105356 16582 11484 34902 15371 110982
SRM_1831_300s_20x20det_2_4_4   13611 14188 19923 1650567 43802 1643379  6326  3546 105253 16807 12247 34330 14977 110205
SRM_1831_300s_20x20det_2_4_5   13595 14020 19642 1650556 44210 1643812  6116  3727 105701 16927 12249 34747 15693 110032
SRM_1831_300s_20x20det_2_4_6   13458 14385 19812 1654218 43986 1644477  6231  3893 104426 16382 11777 34962 16304 110765
SRM_1831_300s_20x20det_2_4_7   13565 14052 19541 1654394 43835 1646230  5941  3263 105581 16771 10778 34039 15625 110328
SRM_1831_300s_20x20det_2_4_8   13463 14057 19692 1653441 43649 1647264  6407  3995 105656 16927 11732 34356 15631 111031
SRM_1831_300s_20x20det_2_4_9   13665 14018 19762 1652037 44178 1648453  6373  3615 104177 16480 11650 33942 15894 110380
SRM_1831_300s_20x20det_2_5_0   13677 14263 19893 1653955 44459 1645935  6606  3610 105385 16611 11952 33137 15854 111310
SRM_1831_300s_20x20det_2_5_1   13736 14077 19581 1656537 44114 1648077  6464  3720 104804 16682 11491 34361 14987 111241
SRM_1831_300s_20x20det_2_5_10  13490 14319 19954 1658412 43873 1650979  6135  3636 105390 16562 11935 34599 15486 112014
SRM_1831_300s_20x20det_2_5_11  13707 14090 19711 1655979 43790 1651705  6421  3418 105100 17593 11735 34954 15752 110772
SRM_1831_300s_20x20det_2_5_12  13799 14123 20081 1653684 44063 1646503  6293  3578 104882 16431 11599 34513 16400 109807
SRM_1831_300s_20x20det_2_5_13   9115  9437 13278 1103343 29584 1099113  4363  2450  70218 12033  8178 23255 10182  74209
SRM_1831_300s_20x20det_2_5_14  13619 14181 19674 1656286 43895 1653563  6433  3540 104879 16472 10944 34262 15701 110554
SRM_1831_300s_20x20det_2_5_15  13836 14164 19644 1654864 44155 1648214  6002  3145 104845 17030 11530 34395 15458 111875
SRM_1831_300s_20x20det_2_5_16  13575 14202 19618 1656952 44014 1646476  6545  3624 104663 17111 11768 34399 15448 110345
SRM_1831_300s_20x20det_2_5_17  13821 14283 19675 1655357 44087 1646664  6380  3715 105566 16699 11310 34395 15323 111274
SRM_1831_300s_20x20det_2_5_18  13387 14121 19464 1656886 44091 1646786  6321  3758 104942 16714 11539 34738 16534 110253
SRM_1831_300s_20x20det_2_5_19  13661 14336 19484 1655783 44210 1647854  6369  3105 105285 17336 11918 34265 15440 111135
SRM_1831_300s_20x20det_2_5_2   13704 14142 19761 1652345 44396 1647258  6433  3408 104757 16272 10871 34010 15066 110902
SRM_1831_300s_20x20det_2_5_3   13606 14282 19516 1651561 44503 1644979  6861  4038 105274 16370 11566 34166 15098 110377
SRM_1831_300s_20x20det_2_5_4   12825 13821 18998 1599509 43906 1640366  6380  3259 105095 16330 11972 34391 15501 110288
SRM_1831_300s_20x20det_2_5_5   13563 13916 19843 1655524 43942 1647741  6204  3400 105583 16649 11963 33533 15578 110321
SRM_1831_300s_20x20det_2_5_6   13327 13867 19563 1657601 44014 1647680  6517  4136 105325 17102 11828 34497 15962 110343
SRM_1831_300s_20x20det_2_5_7   13472 14028 19603 1657211 44115 1647892  6615  3592 105513 16873 11405 34388 15092 110326
SRM_1831_300s_20x20det_2_5_8   13651 14396 19785 1655910 44456 1647282  6032  3472 104486 16901 11722 35706 15278 110895
SRM_1831_300s_20x20det_2_5_9   13349 14268 19662 1655650 43760 1650330  6233  3425 105568 17076 12364 35392 16597 111331
SRM_1831_300s_20x20det_2_6_0    7770  8011 11308  949629 25284  945996  3860  2022  60877 10232  6471 19621  9002  63954
SRM_1831_300s_20x20det_2_6_1   13727 14206 19981 1649735 44192 1647555  6349  3307 104185 16434 11537 34437 15416 111528
SRM_1831_300s_20x20det_2_6_10  13526 14322 19543 1654515 44307 1645830  6456  3615 104440 16946 11498 33771 15270 110140
SRM_1831_300s_20x20det_2_6_11  13543 14305 19658 1656433 44146 1647524  6603  3630 105933 16959 12154 35013 15025 110599
SRM_1831_300s_20x20det_2_6_12  13799 14311 19831 1655579 44066 1649539  6379  3816 105226 17216 11978 34928 15390 110479
SRM_1831_300s_20x20det_2_6_13  12594 13301 18211 1545419 41185 1540434  6028  3204  98214 15432 11224 32155 14923 102864
SRM_1831_300s_20x20det_2_6_14  13570 14231 19958 1657898 44152 1648943  6523  3727 105380 17305 12800 35190 14723 111165
SRM_1831_300s_20x20det_2_6_15  13580 14122 19511 1658448 44121 1649970  6505  3190 105295 16678 11854 34770 15873 110854
SRM_1831_300s_20x20det_2_6_16  13377 14095 19775 1652812 44031 1646127  6541  3088 105120 16525 11385 34949 15956 110736
SRM_1831_300s_20x20det_2_6_17  13764 14269 19672 1656832 43943 1646984  6563  3557 104580 16368 12201 34125 15465 110546
SRM_1831_300s_20x20det_2_6_18   1475  1631  2242  186041  5008  185217   882   739  12243  2606  1828  4404  2497  12775
SRM_1831_300s_20x20det_2_6_19  13441 14061 19599 1655223 44169 1649834  6653  3675 105510 17207 11516 35030 15573 110607
SRM_1831_300s_20x20det_2_6_2   13557 14317 19783 1655488 44785 1645237  6529  3496 104294 16962 11497 34367 16389 110342
SRM_1831_300s_20x20det_2_6_3   12459 13264 17746 1498905 40086 1490703  5636  3187  94980 14947 10965 31611 13704 100223
SRM_1831_300s_20x20det_2_6_4   13625 14312 19933 1655881 43497 1647182  6419  3529 105475 16872 11306 34762 16517 110609
SRM_1831_300s_20x20det_2_6_5   13649 14052 19704 1653673 43889 1643388  6259  3880 105769 16874 11591 33796 15990 110785
SRM_1831_300s_20x20det_2_6_6   13542 14258 19717 1656147 43816 1646135  6324  3186 104641 16113 10979 34447 15253 110456
SRM_1831_300s_20x20det_2_6_7   13577 14123 19929 1655666 44218 1648567  6046  3058 104352 17205 11457 34545 15441 110426
SRM_1831_300s_20x20det_2_6_8   13392 14231 19601 1655634 44078 1647717  6496  3190 104769 16469 11447 34284 15963 110144
SRM_1831_300s_20x20det_2_6_9   13870 14130 19741 1656164 44205 1649408  6109  2810 104824 16989 11796 35251 15864 109867
SRM_1831_300s_20x20det_2_7_0   13705 14163 19624 1655009 44088 1648007  6186  3253 104593 16827 12068 34645 15885 111285
SRM_1831_300s_20x20det_2_7_1   13611 14080 19518 1657935 43909 1645072  6363  3493 105633 16622 11659 34110 15955 110770
SRM_1831_300s_20x20det_2_7_10  13494 14165 19476 1659354 43967 1650727  6807  3936 104936 16604 12603 35453 17237 110846
SRM_1831_300s_20x20det_2_7_11  13823 14357 19672 1656147 44170 1646918  6202  3917 104923 16949 11653 34122 15692 111549
SRM_1831_300s_20x20det_2_7_12  13652 14237 19869 1657784 43933 1649543  5933  3445 106225 17093 12122 35196 16132 110398
SRM_1831_300s_20x20det_2_7_13  10513 10999 15201 1269568 33895 1261544  4776  3123  81186 13410  9136 26433 11787  84547
SRM_1831_300s_20x20det_2_7_14  13662 14387 19892 1658216 43966 1647853  6559  3286 105433 17059 11909 34863 16551 110893
SRM_1831_300s_20x20det_2_7_15  13511 14200 19759 1654095 44080 1650013  6245  4024 105695 17580 11892 35100 16156 110879
SRM_1831_300s_20x20det_2_7_16  13332 14004 19749 1654215 43794 1645835  6502  3222 105328 17734 11570 34451 15059 110544
SRM_1831_300s_20x20det_2_7_17  13542 14185 19817 1658134 43834 1651543  6479  3719 105024 16133 11858 34925 16045 111616
SRM_1831_300s_20x20det_2_7_18  13860 14292 19654 1654377 44303 1648040  6552  3358 104080 16729 11717 34429 15831 109782
SRM_1831_300s_20x20det_2_7_19  13615 14112 19795 1654208 44252 1647714  6312  3650 105094 16799 11019 35072 16906 110529
SRM_1831_300s_20x20det_2_7_2   13848 14424 19649 1655302 43985 1646821  6430  2999 105082 16366 11851 34976 15475 110708
SRM_1831_300s_20x20det_2_7_3   13596 14212 19575 1655582 44033 1650735  6399  3830 105175 16931 11667 33766 15319 110398
SRM_1831_300s_20x20det_2_7_4   13697 14382 20009 1656968 44083 1649697  6238  3091 105805 16924 11213 34175 15527 110516
SRM_1831_300s_20x20det_2_7_5   13506 14272 19805 1657783 44285 1647892  6473  3410 105321 16712 11385 34456 16185 110669
SRM_1831_300s_20x20det_2_7_6   13616 14204 19612 1656646 43564 1650931  6339  3554 105333 16851 11606 34164 15942 110847
SRM_1831_300s_20x20det_2_7_7   13586 14258 19665 1655169 44479 1646471  6226  3006 104992 16441 12068 33881 15963 110509
SRM_1831_300s_20x20det_2_7_8   13626 14150 19386 1658591 44113 1649123  6370  3532 105173 16291 11247 34013 16014 111347
SRM_1831_300s_20x20det_2_7_9   13529 14246 19732 1656294 43979 1646636  6433  4069 106131 17315 11953 34597 15861 110356
SRM_1831_300s_20x20det_2_8_0   13499 14477 19857 1658459 44016 1648974  6446  3661 105330 16655 11513 34152 15710 112051
SRM_1831_300s_20x20det_2_8_1   13465 14189 19849 1657681 44055 1650696  6174  3565 105868 16936 11015 33999 15755 110974
SRM_1831_300s_20x20det_2_8_10  13468 14266 19473 1656172 44265 1650899  6510  3488 105289 17156 11765 34661 16458 111076
SRM_1831_300s_20x20det_2_8_11  13615 14092 19782 1656198 44288 1645493  6259  3799 105728 16672 11766 33733 15680 111004
SRM_1831_300s_20x20det_2_8_12  13690 14328 19852 1654910 43504 1647154  6084  3725 105664 16934 11868 34666 15628 111044
SRM_1831_300s_20x20det_2_8_13  13591 13955 19537 1653686 43683 1645525  6469  4390 105448 17259 11434 34573 15091 109910
SRM_1831_300s_20x20det_2_8_14  13611 14137 19845 1653559 43916 1645960  6499  3461 104170 16259 11970 33744 15554 110541
SRM_1831_300s_20x20det_2_8_15  13744 14074 19580 1656716 43871 1651099  6137  3261 105462 16563 11184 34282 15430 111447
SRM_1831_300s_20x20det_2_8_16   4293  4503  6119  518934 13643  517295  2102  1714  33533  5590  4123 11266  5626  34975
SRM_1831_300s_20x20det_2_8_17  13493 14212 19763 1655625 44015 1644839  6066  3082 104534 15997 11184 33509 15119 110327
SRM_1831_300s_20x20det_2_8_18  13766 14364 19853 1656042 44432 1650502  6513  3538 105308 16743 12326 34043 15834 110743
SRM_1831_300s_20x20det_2_8_19  13885 14239 19879 1660574 44064 1651457  6287  3559 104571 16630 12435 34591 16345 111264
SRM_1831_300s_20x20det_2_8_2   13781 14184 19893 1655954 44054 1648733  6597  3205 105079 17356 11680 34800 15057 111999
SRM_1831_300s_20x20det_2_8_3   13299 14208 19896 1659909 43926 1649741  6095  3623 104671 16858 12102 34913 15955 111707
SRM_1831_300s_20x20det_2_8_4   13538 14090 19677 1660220 44171 1651460  6492  3401 105862 16554 11683 33933 15534 110521
SRM_1831_300s_20x20det_2_8_5   13700 14176 19719 1657966 43946 1648515  5862  4202 105451 16896 11733 33929 15025 110937
SRM_1831_300s_20x20det_2_8_6   13575 14076 19765 1657682 43778 1648339  6542  3678 106009 16869 12048 34353 16228 110816
SRM_1831_300s_20x20det_2_8_7   13718 14298 19845 1659959 44187 1650574  5977  3333 105592 17184 11979 34593 15933 111765
SRM_1831_300s_20x20det_2_8_8   13533 14090 19491 1658116 44216 1648790  6325  3216 105343 16666 11663 34150 15702 111787
SRM_1831_300s_20x20det_2_8_9   13694 14329 19639 1658090 44389 1649277  6412  3215 104318 17128 11638 34262 15331 110398
SRM_1831_300s_20x20det_2_9_0   13487 14123 19518 1653466 44050 1648890  6513  3825 104557 16581 12060 34771 15913 111287
SRM_1831_300s_20x20det_2_9_1   10967 11383 15675 1311646 34740 1304213  5189  3437  83371 13412  9511 27564 12524  88170
SRM_1831_300s_20x20det_2_9_10  13629 14301 19842 1656097 43922 1649431  6746  2975 105967 16778 11451 34304 16142 111169
SRM_1831_300s_20x20det_2_9_11  13590 14479 19706 1656817 43840 1651943  6197  3249 104594 16827 11052 34266 15701 110785
SRM_1831_300s_20x20det_2_9_12   2679  2803  3811  330991  8583  328972  1504  1073  21245  4113  2963  7351  3522  22271
SRM_1831_300s_20x20det_2_9_13  13520 14174 19603 1657672 44554 1649407  6363  3923 105219 17064 11504 34628 14720 110584
SRM_1831_300s_20x20det_2_9_14  13632 13977 20115 1655141 43997 1648094  6375  3585 105457 16940 11471 34420 15774 111259
SRM_1831_300s_20x20det_2_9_15  13364 14138 19557 1654509 43703 1643044  6238  3371 105218 15877 11848 34465 15783 110292
SRM_1831_300s_20x20det_2_9_16  13484 14334 19713 1657520 44308 1649393  6387  3497 105302 16567 11258 34285 15738 110492
SRM_1831_300s_20x20det_2_9_17  13415 14324 20003 1643847 44122 1646457  6813  3405 105534 16483 11724 34803 16348 110837
SRM_1831_300s_20x20det_2_9_18  13584 13976 19809 1657281 44034 1649435  6694  3438 105651 16774 11384 35248 15648 110471
SRM_1831_300s_20x20det_2_9_19  13562 14309 19754 1657427 43963 1648221  6450  3556 105386 16438 11930 34173 14933 110234
SRM_1831_300s_20x20det_2_9_2   12932 13393 18863 1608517 43955 1642990  6390  3979 105627 16796 11843 34091 16311 111607
SRM_1831_300s_20x20det_2_9_3   13488 13981 19802 1655767 43992 1649247  6220  3607 105468 16562 11805 34114 16165 110704
SRM_1831_300s_20x20det_2_9_4   13362 14278 19682 1652096 43891 1644252  6380  4113 105147 16786 11475 35114 15809 110184
SRM_1831_300s_20x20det_2_9_5   13736 14398 20076 1656122 44296 1648721  6369  3415 106013 16989 11612 34490 15804 111670
SRM_1831_300s_20x20det_2_9_6   13551 14358 19731 1654781 44205 1649418  6936  4013 105489 16821 11960 34590 15333 110056
SRM_1831_300s_20x20det_2_9_7   13522 14354 19743 1654597 44261 1650253  6498  3446 104773 15834 11228 34390 15032 110530
SRM_1831_300s_20x20det_2_9_8    1991  2030  2917  245680  6458  244982  1166   824  16030  2666  2341  5739  2733  16610
SRM_1831_300s_20x20det_2_9_9   13881 14380 19635 1658365 43656 1648639  6235  3808 104942 16852 11785 34759 15751 110915


Mean value:                    13076 13644 18938 1589105 42285 1581564  6168  3486 100948 16138 11244 33113 15156 106394
Std. Abw.:                      2095  2185  3037  253892  6756  252453   972   590  16047  2513  1722  5194  2372  16941
Std. Abw. rel. [%]:            16.02 16.01 16.03   15.98 15.98   15.96 15.75 16.92  15.90 15.58 15.32 15.69 15.65  15.92
Conf. interval:                  105   109   152   12695   338   12623    49    29    802   126    86   260   119    847
