ROI net sum

Spectrum               Na    Mg    Al      Si      K      Ca    Ti     Fe     Sr    Zr     Rh
---------------------------------------------------------------------------------------------
002                 50771 51169 66215 5362229 143275 5324972 19988 337823 103797 46482 464162
003                 51008 51728 66814 5395637 143095 5346503 20428 340836 103382 45014 462556
004                 51561 52145 67056 5397657 144678 5365423 20246 341801 106074 45378 468502
005                 51209 52239 67131 5417574 143227 5373633 20793 342397 105938 49148 472094
006                 50420 52207 67270 5424972 143097 5382567 20834 341866 105577 47781 465118
007                 50876 52349 66770 5420791 143585 5378713 19785 343092 105537 47768 463938
008                 50460 52004 67076 5416170 144368 5380430 20106 342015 104349 46859 461548
009                 50032 51320 66695 5412538 143615 5376099 19488 342173 107608 48900 457999
010                 50328 51118 66326 5406279 143262 5368053 19704 341731 105292 45144 454954
011                 50074 51415 66381 5404367 143701 5372559 21311 342572 106158 46497 456911
012                 50149 51242 66600 5398805 143716 5362875 20089 339934 105326 48514 456924
013                 49414 51168 66343 5395025 143746 5361202 20374 339870 104414 48331 455005
014                 49333 50446 66329 5383815 142649 5354426 20412 342334 104912 48807 450929
015                 49644 50912 66078 5386468 144037 5358878 20150 339865 105823 48687 452360
016                 49622 51337 66793 5387819 143378 5356914 20178 341025 104815 46001 452047
017                 49641 50935 66060 5379695 143567 5359614 20265 340161 106356 47935 451549
018                 49225 50710 65825 5374253 143424 5355049 20052 340847 104856 46993 449291
019                 49562 50416 65648 5371213 144017 5348659 19935 341974 105276 46542 448879
020                 49147 50597 65826 5374638 143296 5354664 21212 340714 105478 48815 446490
021                 49287 50909 65622 5363479 144270 5348751 20426 340460 106821 47478 443467
022                 48944 50220 64886 5365284 143164 5344474 20445 341536 104372 48042 444258
023                 46859 48765 65457 5440584 145075 5407954 19936 343349 113085 49297 412670
024                 46389 48551 65454 5436375 145214 5403982 20269 344721 111228 45822 392437
025                 46050 48332 65267 5438252 144917 5395810 20491 344106 110714 48425 387533
026                 46046 48357 64127 5434564 144344 5395982 20249 344933 112114 48928 388958
027                 46009 47706 64691 5419246 144822 5385653 20478 340621 111077 47425 386416
028                 45798 47515 64584 5397110 143693 5364158 20756 339789 111409 48167 386497
029                 45821 48043 65169 5417880 143541 5380283 19909 340684 111879 45423 385378
030                 45818 48125 64452 5428645 144674 5391113 20266 343702 112406 48543 387845
031                 46505 48255 64755 5425420 144224 5392062 20194 341961 111623 47678 387825
032                 45775 47508 64562 5419787 144280 5392342 20595 341574 112989 48928 385475
033                 46099 47870 64575 5418373 144266 5382254 20444 341433 112537 47435 384638
034                 45637 47332 64474 5411412 144039 5381564 20525 343722 110643 49016 384323
035                 46105 47844 64532 5401724 144220 5373311 19844 342604 111793 47687 384241
036                 46238 47747 64301 5405007 143886 5376371 19837 342283 110530 47827 384789
037                 45309 47717 64187 5403042 143415 5377369 20412 342217 111333 48486 385527
038                 45626 47607 64312 5390830 143563 5360902 20085 340447 111105 47271 383504
039                 45618 47260 64208 5387228 144779 5373084 20665 343625 109755 46771 383541
040                 45903 47825 63993 5398543 143589 5374923 20115 343941 113718 47889 383587
041                 45617 47590 63999 5394449 144168 5376781 20636 341082 110448 48386 383645
042                 45990 47496 63839 5379892 144118 5353754 21011 341481 111906 47413 382094
043                 46042 47814 64129 5388187 144119 5366029 20599 340890 110547 46885 384610
044                 46425 48074 64975 5432050 145307 5411914 20613 344896 114307 49658 404328
045                 45309 47828 65373 5449854 145714 5413908 20295 343114 113074 46386 379349
046                 45392 47134 64439 5416565 145337 5410152 20495 345089 114278 49865 375827
047                 45364 47521 64338 5437169 144340 5403652 21148 345501 113287 47893 374301
048                 45875 47612 64785 5436376 144503 5401103 20164 343276 112446 46573 373107
049                 44997 47432 65072 5436640 144601 5404527 20337 342784 111942 47303 372964
050                 45220 47547 64443 5427453 144704 5403936 19958 341043 111703 47003 372926
051                 45396 47024 63722 5420624 144277 5398436 19965 342115 112396 46500 373274
052                 45500 47161 64294 5416662 144250 5384676 20966 340816 114189 49386 370112
053                 45340 47067 63965 5419394 143885 5392397 20248 341621 112727 47692 373871
054                 45304 47176 63861 5416151 144453 5387289 20134 342349 112714 46867 371995
055                 44833 46648 64453 5400241 143435 5375035 20479 342992 110883 46881 369760
056                 45163 46965 63263 5401476 145196 5377868 20505 342446 112056 46161 370723
057                 45033 47245 63677 5407758 144164 5381391 20514 342231 111949 47138 370999
058                 45095 46823 63751 5397973 144394 5379905 20266 343298 112073 47042 370712
059                 44938 46908 63098 5388456 143415 5367596 20869 341094 111950 46690 370000
060                 45628 46970 63532 5393383 144830 5375646 19668 341719 112504 47760 369396
061                 45445 47063 64267 5398047 143632 5379027 20417 342325 111202 47854 370765
062                 44805 46980 64195 5396329 143853 5373070 20278 341321 112694 48296 370111
063                 45044 47081 63369 5385865 143885 5371368 19960 340635 111141 46437 371061
064                 45244 47078 63875 5377519 144069 5362001 20595 340597 113060 48231 374940
065                 46081 48591 64796 5433731 145677 5407948 20399 343209 113108 48723 399552
066                 45550 47327 63956 5429319 145499 5402738 20390 342791 112524 49198 376353
067                 45231 47675 64344 5434047 144512 5407346 20255 343416 113241 47387 369566
068                 44756 46897 64227 5433439 144618 5402105 20578 343181 111898 47561 369529
069                 44939 47415 64181 5429757 144549 5400714 20888 344674 112107 49277 370634
070                 44582 47237 63955 5416616 144463 5396061 20476 342263 111883 46896 369233
071                 44858 47035 63802 5417447 144514 5392853 20718 343190 113778 47629 367347
072                 44764 46996 64373 5416570 143892 5385424 21286 342968 111670 47580 368181
073                 45159 46730 64192 5420807 144122 5399151 20363 342649 112748 46714 368844
074                 45124 47196 64084 5415052 144321 5401016 20187 342153 113765 47929 369044
075                 44528 46429 63954 5419039 143471 5394758 20361 342305 112731 47477 368346
076                 44849 46670 63840 5405810 143685 5378203 19993 342969 112831 48138 365353
077                 45386 46896 63654 5405540 144878 5383152 20213 342535 112277 47196 366539
078                 45058 46659 63558 5404032 144031 5380498 20867 342109 111971 47854 368196
079                 45310 46856 63395 5400846 144324 5377484 20607 341864 112292 47213 366420
080                 44951 46649 63673 5394907 143460 5376369 20504 342843 110940 46818 367468
081                 44997 46704 63709 5391437 143945 5372635 20932 340849 112733 49169 365374
082                 44445 46969 64028 5394400 143606 5372830 20287 342938 111524 47108 367029
083                 44481 46318 63189 5355893 144074 5350425 20652 340478 112842 46937 364462
084                 44989 46846 63310 5384437 143709 5357442 20289 339950 111684 47215 365083
085                 44882 46809 63939 5383256 143599 5365857 20126 341640 111916 47080 372121
086                 45922 47814 64425 5422012 145601 5402575 21212 343864 114712 50147 398096
087                 45270 47322 64192 5432020 145257 5406296 21325 343989 113118 48003 374950
088                 44978 47152 63927 5426944 145229 5404928 20313 343341 113721 46956 367954
089                 44148 47058 64169 5427792 144506 5400197 20276 343248 114563 48963 367663
090                 44919 46767 63777 5412566 144615 5390743 20089 343135 113380 49339 367800
091                 44901 46820 64250 5416872 144273 5391985 20248 342647 112608 48387 367132
092                 44963 46922 64423 5425918 144040 5397236 20916 344991 112541 48212 367843
093                 44994 47151 63683 5403551 143233 5380023 19993 340912 114009 48570 365508
094                 44945 46517 64087 5415825 144879 5387557 20377 342112 114387 48124 367839
095                 44806 46637 63861 5406598 144553 5386428 20498 343170 113226 47861 366597
096                 44788 46593 63773 5405918 143977 5387570 20322 341565 113833 47912 367696
097                 44738 46718 63849 5405307 143875 5387991 19947 342109 112897 46768 366466
098                 44919 47034 63673 5404728 144753 5378185 19798 341512 113380 47052 365387
099                 44348 46878 63716 5402826 144303 5377425 20153 341123 111204 47320 364761
100                 44414 46877 63926 5396907 143889 5378071 20796 341263 112875 47207 365729
101                 44881 46550 63724 5393293 144644 5376211 20086 341676 112697 47596 366747
102                 44887 46473 63241 5391115 144040 5369898 20174 340438 112322 48983 364197
103                 44693 46586 63662 5384672 143720 5369229 19903 340658 112184 48817 366065
104                 45078 46787 63203 5388412 144366 5369004 20441 341976 111618 47242 366681
105                 44592 46279 63743 5380496 143336 5362292 20606 339225 112006 46688 366101
106                 44787 47014 63797 5373990 142865 5358610 20004 340448 110737 45068 372036
107                 46095 48062 64778 5432911 145568 5407073 20364 344421 113140 47625 396180
108                 45491 47196 64547 5438410 145766 5411445 20838 344611 112762 48234 376796
109                 44798 46974 64340 5434839 145495 5410019 20454 344727 112705 47137 371175
110                 44904 47070 64297 5438928 145252 5413418 19974 342604 114072 47111 368104
111                 44948 46820 63808 5431033 144344 5406159 20332 346562 112974 47393 369746
112                 44778 46913 63776 5430572 144649 5403007 20489 343982 113441 47952 367712
113                 45445 47055 64750 5426779 144362 5400043 20671 342994 112805 49068 367659
114                 44953 47036 63634 5424293 144636 5399619 20359 343374 113181 46926 367844
115                 45222 46861 64072 5417551 144473 5394863 20680 343331 113144 46949 367201
116                 44617 46708 63614 5411993 144182 5393967 20560 342006 112920 48797 367146
117                 44922 46557 63485 5405974 143887 5390773 20300 343240 111466 46533 365502
118                 45325 46814 64206 5412129 144526 5390600 20255 343604 113894 48365 366461
119                 45016 47027 64119 5408488 144581 5385609 20496 341450 113108 47866 366117
120                 45100 46756 63692 5399949 143631 5381426 20151 341847 112970 48098 365594
121                 45278 46719 63691 5396340 143599 5376651 20104 342467 113474 48216 366505
122                 45222 46837 63832 5393683 144109 5375489 19813 341262 111068 46469 365488
123                 44578 46817 64016 5389795 143326 5373519 20324 341819 111775 47858 365433
124                 44803 46842 63533 5390009 144178 5373212 20207 341937 113426 49999 367118
125                 44730 47036 63908 5382474 143777 5372034 20585 341247 113611 48939 366046
126                 44973 46977 63518 5388360 143521 5374541 20183 341818 112492 48080 365215
127                 44824 47285 63919 5384421 144100 5369281 20404 340300 111808 48859 372464
128                 46036 47592 64678 5422527 145424 5395633 20901 343530 113837 49011 394354
129                 45040 47375 63925 5419486 144720 5401509 21154 342965 113960 48251 372781
130                 44704 47258 64417 5422677 145529 5393920 19650 342115 113148 47415 369933
131                 45184 46932 64098 5425663 144909 5396179 20055 344149 113859 47384 367657
132                 44875 46936 63692 5422887 144505 5395690 19817 342225 113975 47015 367399
133                 45155 47317 64257 5420479 144919 5397690 20112 343142 112391 47065 366684
134                 45017 46208 63406 5413614 143979 5396228 20201 342650 112500 48192 367148
135                 44766 46806 63341 5406942 144984 5388389 19965 342108 112648 47283 368193
136                 44737 46907 63606 5403779 144266 5381249 20415 342747 112094 47569 366085
137                 44382 46984 64457 5405865 143707 5385130 20566 342087 111500 48074 365211
138                 44482 46441 63591 5391991 144232 5370729 20966 343647 111795 47523 365141
139                 44668 46403 63491 5398116 143706 5380314 19725 340608 112266 47185 365948
140                 44539 46368 63650 5395228 144078 5376203 20374 342551 112779 47707 364635
141                 45040 46909 64001 5390882 144129 5369712 20310 341611 112227 47480 365968
142                 44989 46269 63488 5391994 144280 5373125 20107 341598 110714 45874 364398
143                 44476 46860 63463 5399450 142664 5370200 20025 340887 112196 47902 364977
144                 44893 46614 63375 5390904 144066 5372026 19892 340630 113440 46864 364344
145                 44716 46551 63236 5381239 143577 5368608 20308 341786 112137 47988 364736
146                 44511 46773 63619 5382708 143570 5360136 20170 342294 113371 47514 364488
147                 44348 46828 63496 5379547 143548 5359167 20718 342357 112089 47734 367081
148                 45054 47394 63373 5371645 143861 5357911 20219 340575 111193 48174 371254
149                 45980 47961 64850 5428155 145284 5398838 20226 342551 112769 48198 392900
150                 45593 47381 63989 5433178 144033 5400744 20895 343202 113331 48144 373357
151                 44642 47631 63803 5428900 144790 5398011 21112 342939 112627 48334 369086
152                 44751 46995 63809 5422831 144150 5396056 20454 343269 113724 47673 367702
153                 44776 46617 63967 5421159 145015 5391689 20900 343149 112839 47544 368069
154                 45101 47149 63962 5421707 144729 5394675 20626 343719 113757 47608 369098
155                 45261 46970 63406 5425239 144840 5402167 19984 342524 112232 48197 367133
156                 44890 46730 63541 5426224 144759 5398353 20510 342185 111712 48372 367653
157                 44965 46145 63746 5410940 143992 5387291 20236 343589 112568 48090 366968
158                 44875 46788 63410 5407092 143547 5383059 19873 342769 112446 45544 365317
159                 44833 46879 63708 5413754 144250 5389726 19931 343711 112849 49435 366388
160                 44583 46337 63141 5414893 143433 5386634 20442 342416 112653 48710 366769
161                 44578 46921 63538 5408009 143621 5377403 20618 343031 112284 48645 365585
162                 44546 46852 64171 5409141 144003 5383824 20164 341214 112294 47681 366852
163                 45266 46830 63997 5403095 143750 5375577 19705 341580 111523 47184 365948
164                 44841 46531 63324 5392503 144333 5376129 20106 340736 111912 48284 366639
165                 44744 46473 63256 5393315 143575 5369816 20447 342177 113241 46866 364013
166                 45006 46542 63459 5389326 143912 5365394 20645 341722 112992 49411 366225
167                 44601 46757 63974 5385424 143832 5360322 20496 341339 111861 47295 364946
168                 44992 46850 63767 5388466 144304 5366634 20373 339942 111920 49325 367838
169                 45444 47125 64098 5392273 143366 5364429 20248 340256 112191 46600 371683
170                 45667 48247 64447 5435277 144823 5399969 20595 342729 112866 49102 392687
171                 45317 47468 64313 5439563 145329 5400637 20414 344204 111821 47755 374824
172                 44850 46769 64197 5431222 144882 5409392 20754 345082 113127 48366 370516
173                 44944 47079 64299 5432219 144208 5400407 20424 343413 113273 48492 370260
174                 44912 46912 64249 5440132 144375 5403956 20462 343002 113388 47381 367540
175                 44367 47071 64127 5432232 144847 5395312 20625 343826 113231 48014 367870
176                 45068 47100 63576 5428228 144305 5397927 20989 343004 114057 50115 367341
177                 44787 47071 63471 5424456 144318 5392043 20356 343468 114080 49210 369066
178                 44673 46954 63693 5425073 144181 5395321 20189 342883 113368 46984 366706
179                 44713 46709 63440 5421187 143153 5389299 19863 342635 114017 47342 366634
180                 44835 46598 63722 5412404 143820 5385363 20132 342197 113112 47130 366519
181                 44539 46990 63386 5414272 143902 5381307 19542 343202 112521 46757 366626
182                 44766 46994 63671 5416323 144727 5384266 20202 342548 112317 47470 367360
183                 44973 47024 63497 5409868 144200 5378980 20665 343023 112929 48787 367153
184                 45497 46962 63943 5406602 144427 5379333 20502 342109 112776 49302 368069
185                 44183 46502 63726 5401045 143951 5379437 20156 341761 112928 49930 365554
186                 44108 46587 63461 5403293 143822 5373589 20228 342870 112560 47044 363802
187                 44740 46504 62985 5401454 143055 5376111 20961 342359 113111 48413 366832
188                 44767 46643 63536 5390881 143342 5367425 20536 341239 112768 48831 365404
189                 45236 46734 63948 5388231 144383 5362588 20505 339656 111659 47082 366691
190                 45270 47193 63930 5388881 143635 5361381 20491 341801 112372 47688 371246
191                 46134 48113 64941 5445417 144360 5409983 20522 344058 114061 47455 391876
192                 45105 47875 64520 5447339 146065 5412010 20718 343232 113540 47533 375458
193                 44719 47409 63851 5443585 145413 5405501 20580 343763 112542 47472 371076
194                 45173 46656 63338 5444948 144150 5410545 20250 344864 113036 46600 369770
195                 44857 47288 63743 5418000 144418 5400303 20782 344188 111751 47278 369101
196                 45228 47065 64437 5438952 144618 5407003 20455 342986 114323 49002 367987
197                 45071 47182 64242 5440016 144760 5400396 20624 344506 113839 47878 368124
198                 45282 47088 64118 5436852 144715 5401596 20336 343295 113258 47637 368774
199                 45264 46711 64006 5427319 143909 5399514 20211 342898 112398 48300 367012
200                 44871 47291 63621 5416707 143592 5387566 19925 343749 111763 46959 367645
201                 44451 46875 63856 5415459 144356 5392063 20217 342597 111495 49213 368296
202                 44951 46846 64017 5409136 143884 5373615 19537 341741 111839 48136 367189
203                 44839 47201 63731 5413735 143949 5378913 20427 343238 112717 47832 367015
204                 45096 46683 63305 5411903 143642 5380475 20473 342348 114089 47728 365540
205                 44803 46689 63677 5407417 143506 5383561 19953 341447 112067 47591 366697
206                 44724 46529 63585 5408980 143733 5375530 20171 340914 112634 47654 366236
207                 44923 46854 63755 5407105 144241 5373402 20546 340572 112883 47782 366930
208                 45156 46592 63956 5395754 143820 5366967 20908 341129 111864 47033 365827
209                 44615 46497 63145 5395450 144184 5368026 20663 341870 112044 47632 366533
210                 44865 46638 64025 5396317 144150 5370539 20558 342146 112763 49017 367445
211                 45206 46919 64060 5391237 144662 5359125 20537 339342 111476 46872 370916
212                 45785 47925 64610 5443026 145516 5407596 20379 345928 113916 49042 390587
213                 45206 47835 65215 5447807 145361 5408636 19915 344193 112913 48595 372787
214                 44790 47127 64095 5437989 144018 5404828 20195 342545 113704 47937 369379
215                 44837 47237 64243 5441210 144775 5407076 20160 343877 112989 48107 368977
216                 45090 46781 63801 5432386 144889 5402868 20274 342180 113248 48355 367392
217                 44659 47458 64394 5431862 144504 5401332 20600 342262 115133 49748 367727
218                 44914 47225 64556 5433958 144220 5401459 20434 343402 114026 48558 367485
219                 44897 46877 63679 5425262 144586 5392021 20195 342376 112083 46341 366253
220                 44332 46775 63659 5410600 144530 5394580 20327 342310 114508 49257 366886
221                 44850 46658 63965 5423917 145203 5392465 20923 344001 112881 48336 369571
222                 44838 46821 64185 5424777 144306 5389522 20096 343309 112845 48135 366688
223                 45114 46389 63572 5424951 144888 5394810 20865 343321 114480 48291 367360
224                 44819 47150 63772 5417329 143983 5392945 20662 342013 113830 46629 366998
225                 44949 46608 63539 5417016 144581 5386356 19983 342565 112977 48101 366711
226                 45541 46822 63696 5409247 144234 5388355 19505 342583 113477 48214 366920
227                 45236 46425 64086 5408960 143798 5383357 20603 341969 112943 47189 365880
228                 44732 46783 63976 5403872 144200 5372970 20997 340369 113284 48079 365684
229                 44734 46827 64070 5399075 143880 5378246 20630 342901 112083 47622 365387
230                 44703 46716 63397 5389860 144426 5367738 20481 340640 112491 46679 365454
231                 44842 46970 63615 5396479 144482 5373367 20624 342612 112231 47490 367929
232                 44531 47324 63516 5378193 142943 5346878 19823 338352 111043 47159 372707
233                 45926 47866 64657 5438167 145138 5405994 20287 342653 112147 48938 389033
234                 45232 47435 64599 5449147 145375 5416518 20401 343674 112116 46488 373385
235                 44853 47405 64176 5447107 144704 5410419 20635 343481 113575 48402 369199
236                 45114 47156 64453 5443705 144791 5411348 20242 342221 114016 50273 367540
237                 45072 47202 63739 5437619 144132 5408352 20586 344163 113506 48121 368549
238                 45220 46903 63910 5430391 143781 5398832 20532 342399 112612 48683 368553
239                 45160 47062 63504 5431119 144893 5398973 20192 342129 112377 49278 369000
240                 44609 47278 63893 5428110 144250 5401987 20359 344457 113101 48833 367884
241                 44821 47114 64201 5424854 144250 5399620 20442 343673 113290 49027 367552
242                 44713 46467 63458 5421528 143194 5397563 20670 343006 112169 48246 366617
243                 44957 46724 63545 5420271 144903 5391106 20144 342184 112955 47127 368078
244                 45034 46663 63633 5420615 144052 5388309 20329 342834 112463 48334 367977
245                 44849 47014 63309 5409120 143864 5391430 20753 341202 112070 47986 366618
246                 44896 46650 63738 5409431 143500 5386320 20407 343878 112730 48538 366874
247                 44425 46466 64228 5405853 144197 5378523 20538 343913 111104 46004 368007
248                 44562 46901 63226 5389409 143189 5369012 20709 339939 113458 48588 364227
249                 44367 46901 63685 5397793 143955 5377492 20070 342623 113087 48408 367013
250                 44410 46465 63701 5394228 144031 5376250 19694 342196 113449 47781 366414
251                 44762 46619 63513 5399141 143526 5372803 19906 341982 113450 49024 365635
252                 44927 46739 63467 5391817 143982 5372209 20132 339477 112943 47910 369537
253                 44944 47407 63671 5389075 144231 5366878 20502 341320 112838 49609 375424
254                 45949 47853 65287 5444331 145062 5409019 20281 344079 114194 48587 391483
255                 45329 47458 64088 5442069 144972 5410115 20423 344982 112488 48360 375073
256                 44722 47011 64681 5438613 144244 5412747 20180 344751 113857 49204 369478
257                 45302 46649 64406 5439028 144787 5407123 21011 342185 113323 48360 369275
258                 44308 47206 64314 5433366 144383 5398166 20227 343430 112673 46789 368717
259                 44823 46921 64261 5430979 144245 5402140 20416 343924 113333 47924 367038
260                 45463 47095 63893 5433125 143993 5396879 20176 341898 111447 49802 367579
261                 45024 46780 63965 5417175 144072 5393514 21090 341777 111679 48660 367818
262                 44499 46821 63514 5399271 143606 5374212 20049 341771 112249 49850 365499
263                 45024 46864 63438 5410395 144728 5384875 20073 343175 112617 48934 366904
264                 45252 46607 63805 5415892 143619 5387757 20007 344035 113213 47883 368005
265                 44341 46528 63643 5414899 144318 5384667 19706 342693 112489 47511 366117
266                 44527 46508 64052 5403126 143699 5376891 20392 341114 112950 46905 366653
267                 44610 46849 64448 5409579 144414 5386196 20493 341460 112539 48558 366217
268                 44800 46609 63728 5404329 143570 5378342 19944 342286 112859 48348 368047
269                 44990 46794 63328 5396189 143605 5369558 19930 342029 112954 49092 367573
270                 44850 46574 63648 5391673 144054 5370935 20833 341345 112941 48997 365741
271                 44826 46840 63593 5393093 143896 5372514 20317 341345 112097 46778 365263
272                 44446 47037 63982 5392318 144192 5364620 20171 339892 113782 49185 366981
273                 44969 46894 63620 5392747 143119 5366318 20709 341850 113143 48720 368546
274                 45396 46836 63452 5389375 144804 5363071 20158 340976 112444 47196 373451
275                 45600 47506 64724 5438295 145506 5411714 20064 344368 113605 49444 387528
276                 45414 47478 64166 5438393 144645 5404413 21075 344880 113714 47278 373789
277                 45155 47402 64417 5437431 144606 5402129 20910 344457 114139 48418 369971
278                 44820 46939 64164 5427111 143615 5404122 20086 343736 113277 49613 368641
279                 44889 47079 64415 5431134 144737 5400924 20642 344910 112576 48464 368066
280                 44803 46835 64265 5425936 144527 5397094 20798 343470 112812 47900 367107
281                 44589 46743 63587 5423076 143914 5397557 20366 343000 113998 48279 366692
282                 44638 46644 63891 5415541 143671 5392261 20205 341702 113510 48893 366967
283                 45169 46920 64061 5411109 144495 5393461 20807 344812 113355 48394 368300
284                 44619 46902 64168 5413944 144386 5385911 19677 341342 113427 49071 366629
285                 44969 46591 63873 5405632 143541 5386114 20225 343524 113854 47918 366218
286                 44537 46354 63746 5389335 144022 5364986 20008 340737 112136 49009 363897
287                 44739 46421 63951 5409364 144568 5380606 20043 342927 113078 48528 367076
288                 44630 46963 63589 5403076 144852 5385074 21009 340977 114293 48110 366007
289                 45146 46701 64072 5391819 144257 5369824 20589 342877 111734 47304 364536
290                 44524 46830 63569 5400261 144017 5380666 20530 340110 112250 47949 364059
291                 44531 46558 63894 5391300 143455 5377708 20390 341350 112278 47057 366947
292                 44679 46820 63615 5390082 144146 5372642 19922 340195 113606 48369 365964
293                 44559 46534 63237 5396024 143789 5373849 20153 341608 111991 48029 366301
294                 45083 47062 63701 5387350 143986 5367480 20891 340367 111113 47848 367542
295                 45513 46760 63766 5383552 142922 5363709 20737 342009 111317 46601 373659
296                 45796 48058 64653 5428760 145282 5408231 20451 343887 112894 47209 387124
297                 45005 47364 64613 5432410 144150 5401468 20496 343433 114257 49193 374397
298                 44848 47663 64258 5436466 144685 5404797 20115 343800 112514 48869 369372
299                 44720 47207 63970 5431812 143905 5403411 20371 342984 113665 46808 369572
300                 45200 47484 64219 5423848 143714 5395388 20844 344409 114503 47245 367890
301                 44788 46918 63664 5430684 144681 5401413 20365 343538 113099 49146 368568
302                 44475 46835 64058 5425784 144369 5399161 20549 345543 112970 48620 366260
303                 44547 46694 63543 5426406 144692 5396428 20965 343881 113754 48428 368154
304                 44899 46741 63506 5427131 144197 5391496 19823 343335 112108 47406 368406
305                 44352 46761 63750 5418233 144585 5392340 20579 342621 111877 47809 366332
306                 44982 46845 64105 5423358 144753 5396553 20390 342514 114123 49130 367761
307                 45157 46750 64185 5419269 143439 5393604 20318 341301 113227 48200 367555
308                 44908 46715 64425 5418701 144106 5385403 20647 342366 112195 48901 366013
309                 45116 46868 64438 5409909 143646 5382331 20529 343099 113032 48454 365462
310                 44466 46571 63490 5393938 144021 5372658 20033 341259 112081 46578 366592
311                 44729 46605 64043 5401144 143882 5379618 20196 342615 113002 48066 366578
312                 44784 46690 63576 5394021 144159 5379923 20612 342066 112210 49038 365435
313                 45298 46755 63458 5401914 144018 5372095 19639 342186 111015 49571 364333
314                 45245 46721 63574 5399894 143020 5368672 20437 341242 113188 48266 366645
315                 44848 46750 63631 5388223 144254 5362389 19826 342109 111828 47105 367882
316                 45223 47011 63947 5374859 143549 5355357 20845 341530 111102 48019 372709
317                 45920 47965 64705 5434489 144562 5397802 20682 344985 114692 48807 387223
318                 45296 47238 64804 5442728 145845 5406325 20697 342973 113744 48920 372853
319                 44794 47053 64340 5437030 144972 5405880 20197 343347 113952 47363 368937
320                 44609 47206 64374 5443962 144252 5407303 20726 344259 113376 48488 367301
321                 45143 46850 63955 5432323 144731 5404852 20923 343250 112850 47714 369219
322                 45015 46653 63841 5431570 144575 5399739 20780 344791 112830 48575 367947
323                 45143 46852 64535 5425777 145087 5398145 19998 341978 112849 48605 367256
324                 45020 46849 63972 5426683 143402 5393576 19870 342143 113001 49023 366902
325                 44827 46969 63946 5418787 145041 5387880 19903 342487 114105 48310 367290
326                 45251 46642 64482 5420076 143633 5387007 20533 341754 112454 48235 366759
327                 44966 46695 63738 5417127 144354 5390724 20099 340477 111589 47235 367869
328                 44244 46773 63739 5410484 144166 5383285 20434 341880 112772 47149 367955
329                 44963 46689 63723 5400821 143775 5379015 20356 342147 112261 49536 366845
330                 44577 46799 63380 5398486 143871 5381846 20583 340458 111566 47666 366758
331                 44697 47143 63779 5399396 144014 5375132 20675 343496 112307 47721 365613
332                 44338 46605 63920 5400902 143256 5370839 20785 341411 112659 46427 366057
333                 44703 46486 63449 5385833 144084 5379352 20115 342838 113827 48367 365880
334                 44492 46412 63810 5389704 143917 5368474 20608 339754 112670 48801 365431
335                 45434 46889 63667 5384330 143280 5362666 19645 342739 111837 46095 365012
336                 26719 28074 37834 3221095  86016 3205054 12408 205109  66498 28609 220814
336_1               44516 47222 63101 5377735 143264 5352519 20724 341244 110491 47808 367538
337                 45427 47043 63655 5374350 143757 5352032 20535 341339 113237 47542 373497
338                 45959 47866 64391 5425228 145757 5396092 20783 344100 112093 48930 389182
339                 45085 47229 63900 5432984 143613 5393872 19856 343561 113008 48124 372460
340                 45326 47335 64601 5439405 144837 5405605 20049 343206 113250 48050 370663
341                 45165 46995 64075 5445919 143880 5403255 20597 344835 113630 47583 368634
342                 44739 47213 64296 5434339 144758 5405683 20449 341937 114472 49252 367673
343                 45199 47163 64382 5429238 145022 5399481 20439 341917 111443 49217 367772
344                 45015 46879 64052 5428764 144696 5401076 20212 343753 114014 49490 366552
345                 44979 46886 63970 5415103 143701 5386917 20520 342824 113273 48996 365094
346                 45056 46233 63794 5409263 144182 5383695 20654 342326 113524 48579 365382
347                 44389 46584 64084 5407181 143425 5373975 20818 342094 112624 47152 367047
348                 44576 46686 63947 5416183 144402 5385717 21265 342486 112977 47820 366472
349                 45054 46586 63745 5414976 144281 5385606 20037 342333 113887 49440 366326
350                 44979 46885 63658 5412054 144122 5383112 20062 341989 112427 48675 367052
351                 44974 46858 63453 5400595 143836 5373144 19884 341158 111525 48327 366317
352                 44786 47048 63429 5394810 144311 5365783 20260 340266 112011 46581 365036
353                 44712 46330 63762 5385618 144063 5364052 20444 341125 114865 48917 365691
354                 44794 47038 63646 5385479 142716 5366953 20201 340306 111562 48905 365791
355                 44399 46539 63235 5390483 143373 5362260 20566 340320 110112 47011 365805
356                 44711 46927 64034 5395210 144663 5367801 20150 342032 112617 46310 365557
357                 45278 46608 64259 5396927 143520 5365341 21323 342487 112432 47621 368416
358                 45534 46721 64073 5389229 144220 5362816 19959 340140 111995 48929 376127
359                 46195 47468 64474 5398302 144864 5390600 20426 343205 112395 49275 389424
360                 44979 46787 64060 5435988 144789 5400587 20398 343048 113314 48280 373146
361                 45081 47480 63910 5433025 144322 5393609 19995 343588 111650 47738 369811
362                 45284 47053 63702 5431359 144279 5390600 19850 342331 113835 47476 367517
363                 45020 46683 64510 5431781 145004 5402389 20142 343336 111626 47093 367881
364                 45260 46836 64255 5439211 145002 5399942 20839 342757 113775 46236 367134
365                 44502 47100 64044 5434106 145002 5393454 20209 341935 114195 49353 367890
366                 44891 46954 63167 5425544 144145 5391316 21143 342273 111415 46851 366290
367                 45306 46894 64328 5419779 144390 5390483 20225 344107 112334 47509 366571
368                 45010 46716 64047 5411712 144961 5386132 20098 342880 113564 49137 366645
369                 44798 46917 63964 5415264 143761 5382373 20468 343344 112092 46961 365670
370                 45159 46772 63923 5408773 144290 5383095 20849 342642 111659 45909 366142
371                 44862 47373 63927 5413052 144297 5382512 19788 341724 111781 47801 366939
372                 44833 46993 63976 5416265 144244 5392733 21051 342942 111232 47645 366410
373                 44999 46749 63439 5414444 144747 5385888 19916 341303 112616 49875 365363
374                 44879 46386 63488 5401716 144967 5380232 20563 343142 112648 47007 366415
375                 45216 46595 63846 5392599 146000 5377309 20681 342976 112552 47622 365271
376                 44541 46924 63699 5405786 144216 5374884 19846 341177 113221 47620 364950
377                 44776 46675 63690 5402386 143776 5367950 20080 343539 112352 49232 367503
378                 45199 47069 64118 5395246 144003 5373247 20640 343252 112176 48227 368516
379                 45104 46479 63902 5374401 143863 5352160 20736 340775 113094 47145 375202
380                 46074 48356 64419 5444949 145312 5409161 20163 344927 111513 46997 390870
381                 45153 47229 64920 5455092 145537 5414701 20735 343130 113554 47963 374273
382                 45310 46789 64375 5450590 145041 5411592 20703 344427 112485 47660 369120
383                 45232 47299 64637 5449419 145483 5412760 21111 344973 113424 47904 369267
384                 45361 47439 64754 5447382 144831 5412713 20305 343909 113954 48941 368672
385                 44966 47439 64467 5447110 145067 5408181 20660 344321 112786 47782 367591
386                 45453 47147 64795 5442236 144803 5403412 21041 344601 112298 47142 368153
387                 45116 46871 63976 5443261 145420 5404231 20573 344367 111934 48832 368059
388                 45458 47610 64821 5436032 144977 5405278 20328 344411 112958 48755 368292
389                 45413 46917 64131 5421915 145136 5391021 20059 343955 114664 49766 367202
390                 45469 46791 64704 5432045 145404 5397124 21143 341633 111971 46665 368190
391                 44734 47172 63894 5429327 143868 5396245 20273 341171 113118 50257 367099
392                 44701 46608 63709 5426961 145583 5400529 20570 343829 112503 47791 367679
393                 44915 46984 64153 5420891 144520 5385646 19477 343766 112282 48147 368205
394                 44865 46909 63837 5418215 144641 5389681 21114 343655 113068 48905 366457
395                 44992 47163 64458 5416080 144271 5386125 20239 343333 110593 48105 366095
396                 45171 47177 63410 5409403 144903 5377277 20624 342464 112465 47909 368580
397                 45096 46889 63807 5405980 144358 5377963 20349 341026 112670 47064 366032
398                 44960 46915 63445 5402797 144254 5374010 20143 343232 114040 48492 365598
399                 44807 46812 63941 5397610 144345 5370730 20486 341683 110493 46914 368051
400                 45728 46903 63684 5390667 143535 5366483 20379 341582 110974 48102 374636


Mean value:         45248 47179 64022 5406694 144105 5379781 20361 342109 112185 47895 374286
Std. Abw.:           1523  1421  1489  111260   2979  110185   538   6997   2969  1363  21912
Std. Abw. rel. [%]:  3.36  3.01  2.33    2.06   2.07    2.05  2.64   2.05   2.65  2.85   5.85
Conf. interval:        76    71    74    5563    149    5509    27    350    148    68   1096
