ROI net sum

Spectrum                          Na    Mg    Al      Si     K      Ca   Ti    Mn    Fe    Zn    Rb    Sr    Zr     Rh
----------------------------------------------------------------------------------------------------------------------
SRM_1831_300s_20x20det_1_0_0   12814 13307 18321 1531720 40392 1516896 5887  3544 96621 15566 10529 31898 14333 103162
SRM_1831_300s_20x20det_1_0_1   12965 13387 17960 1527607 40923 1514254 6086  3734 96184 16010 10131 32620 15140 104443
SRM_1831_300s_20x20det_1_0_10  12848 13472 18068 1532341 40364 1518082 5625  3259 96786 15450 10602 31967 14636 103754
SRM_1831_300s_20x20det_1_0_11  12644 13301 18145 1531946 40964 1524469 5832  3197 96547 15659 10359 31867 13940 103629
SRM_1831_300s_20x20det_1_0_12  12631 13478 17934 1533820 41374 1523903 5752  4598 97420 15416 10925 32862 15028 103624
SRM_1831_300s_20x20det_1_0_13  13044 13446 18325 1530885 40854 1523586 6339  3747 97734 15935 11382 31717 14241 103774
SRM_1831_300s_20x20det_1_0_14  12957 13132 17947 1529245 40965 1521678 5974  3937 96992 15079 10573 32671 14728 103957
SRM_1831_300s_20x20det_1_0_15  13045 13255 17801 1531207 40631 1523453 5806  3272 96508 15804 10527 31743 14366 103611
SRM_1831_300s_20x20det_1_0_16  13008 13498 18006 1531485 40923 1523177 5681  3772 96977 16270 10747 32076 14976 103784
SRM_1831_300s_20x20det_1_0_17  13010 13431 17849 1530392 40889 1520350 5816  3458 97091 16000 10544 32457 13968 104384
SRM_1831_300s_20x20det_1_0_18  12724 13161 17665 1533338 40829 1524105 6003  3667 97347 16058 10294 32591 14157 103948
SRM_1831_300s_20x20det_1_0_19  12882 13194 18146 1531993 40747 1522716 5864  3184 95993 15994 10785 32781 14998 104233
SRM_1831_300s_20x20det_1_0_2   12724 13162 17786 1524405 40412 1513150 6067  3885 96975 15707 10610 31850 14450 103212
SRM_1831_300s_20x20det_1_0_3   12932 13197 17838 1534381 40745 1518920 5834  3556 97116 15306 10410 31822 15235 103753
SRM_1831_300s_20x20det_1_0_4   12707 13318 17969 1528534 40419 1518875 5792  3829 96995 15751 10801 32086 14134 103419
SRM_1831_300s_20x20det_1_0_5   12812 13276 18086 1528489 40615 1520097 5899  3148 96189 15545 10282 31467 14162 103827
SRM_1831_300s_20x20det_1_0_6   12812 13269 18104 1534006 40749 1526424 5894  3862 98031 15644 10564 31972 15437 103950
SRM_1831_300s_20x20det_1_0_7   12817 13487 17925 1532502 40712 1523432 5940  3156 96665 15145 10686 31722 14730 103648
SRM_1831_300s_20x20det_1_0_8   12812 13359 17942 1535671 40728 1525547 6013  4026 97248 15262 10893 32480 13992 104350
SRM_1831_300s_20x20det_1_0_9   12310 13195 17220 1492444 40374 1516522 5816  3415 96257 15581  9992 31939 14260 103283
SRM_1831_300s_20x20det_1_10_0  13039 13729 18045 1533211 40868 1524589 5580  3253 97161 15665 11086 32145 14586 104616
SRM_1831_300s_20x20det_1_10_1   1897  1842  2583  220658  5956  220108  966   553 14124  2493  2224  5360  2962  15295
SRM_1831_300s_20x20det_1_10_10 12588 13228 17670 1516233 40524 1518854 6239  3651 96820 15431 10427 32088 14796 105173
SRM_1831_300s_20x20det_1_10_11 12828 13373 17894 1527763 40631 1521105 5426  3240 96683 15546 11175 31824 14923 103201
SRM_1831_300s_20x20det_1_10_12 12865 13059 17838 1529448 40839 1522683 5929  3804 97191 16438 10260 31843 14308 103543
SRM_1831_300s_20x20det_1_10_13 12903 13403 18093 1527561 40689 1521184 6132  3650 97605 15820 11069 32677 14193 104502
SRM_1831_300s_20x20det_1_10_14 12916 13326 18000 1532027 40664 1523592 5945  3771 97738 15550 10089 32040 13716 103726
SRM_1831_300s_20x20det_1_10_15 12552 13641 17669 1528704 40877 1520576 5792  3288 96191 15885 10583 32267 15251 103986
SRM_1831_300s_20x20det_1_10_16 12938 13364 18033 1530719 40698 1521675 5941  4082 96648 15769 10888 32443 14896 104017
SRM_1831_300s_20x20det_1_10_17 12796 13133 17809 1528881 40538 1520598 5938  3219 97252 15782 10309 32226 14229 104476
SRM_1831_300s_20x20det_1_10_18 12562 13120 17963 1524267 40681 1519864 5723  3135 96423 16416 10412 32392 13911 104326
SRM_1831_300s_20x20det_1_10_19 12670 13418 18027 1532331 40911 1521630 5926  3456 96502 15500 10358 31706 14558 104775
SRM_1831_300s_20x20det_1_10_2  12735 13422 17948 1531481 40549 1520277 6185  3489 96851 15414 10484 31356 14006 104201
SRM_1831_300s_20x20det_1_10_3  12780 13143 17865 1528903 40419 1522191 5856  4412 98660 15146 10686 32540 15154 104463
SRM_1831_300s_20x20det_1_10_4  12722 13382 17913 1530569 40488 1516952 5687  3002 96354 15772 10435 32659 14891 103941
SRM_1831_300s_20x20det_1_10_5  12702 13325 18170 1530899 40718 1519357 5917  3448 96732 15205 10674 32209 15044 104894
SRM_1831_300s_20x20det_1_10_6  13017 13288 18038 1528437 40805 1521837 5753  3381 96436 15982 10502 31613 13438 103845
SRM_1831_300s_20x20det_1_10_7  12589 13119 17862 1528773 41034 1521136 6177  3275 96432 15607 10779 31969 15260 104083
SRM_1831_300s_20x20det_1_10_8  12551 12992 17901 1531883 40524 1519344 6024  3781 98113 16012 10568 32044 13434 103826
SRM_1831_300s_20x20det_1_10_9  12578 13397 17991 1531014 40682 1521659 5623  3814 96936 16501 10030 32143 14615 104421
SRM_1831_300s_20x20det_1_11_0  12767 13365 17940 1524400 40582 1516353 6237  2503 96632 15233 10270 32496 13635 105717
SRM_1831_300s_20x20det_1_11_1  12707 13461 17932 1530172 40440 1521079 6155  3483 96213 15742 10502 31641 13965 104856
SRM_1831_300s_20x20det_1_11_10 12706 13251 17872 1529769 40599 1521703 5379  3383 96950 16145 10808 32175 14773 104911
SRM_1831_300s_20x20det_1_11_11 12897 13327 18108 1531520 40904 1522808 6034  3788 96935 15186 11212 31952 14826 104020
SRM_1831_300s_20x20det_1_11_12 12901 13206 17987 1529650 40823 1519839 5856  3205 96830 14993 10631 32033 14051 103941
SRM_1831_300s_20x20det_1_11_13 12795 13229 18080 1531986 41005 1521223 5732  2966 96733 15154 10994 32053 14277 103608
SRM_1831_300s_20x20det_1_11_14 12871 13579 17740 1532064 40690 1521905 5833  2764 96677 16402 10043 31514 13809 103672
SRM_1831_300s_20x20det_1_11_15 12667 13332 17733 1527275 40782 1521820 6197  3235 96219 15598 10870 31944 13928 103988
SRM_1831_300s_20x20det_1_11_16 12666 13375 17623 1528042 40604 1521897 6271  3074 96762 15523 10665 31956 14192 103736
SRM_1831_300s_20x20det_1_11_17 12117 12612 17030 1477635 40692 1515447 5991  3442 96961 15392 10203 31666 14784 103954
SRM_1831_300s_20x20det_1_11_18 12566 13137 18090 1530840 41006 1523423 5646  4043 97198 15660 10110 32324 14020 103959
SRM_1831_300s_20x20det_1_11_19 12529 13111 17889 1528433 40876 1520848 5797  3697 96780 15562 10017 31280 14229 103314
SRM_1831_300s_20x20det_1_11_2  12845 13425 18050 1524546 40896 1518976 6133  3795 96192 15820 10993 32894 14423 103385
SRM_1831_300s_20x20det_1_11_3  12646 13179 17880 1528384 41014 1522210 6030  3376 96785 15676 10667 32051 14159 104176
SRM_1831_300s_20x20det_1_11_4  12845 13080 17879 1525177 40479 1517188 5951  3476 96806 15885 11175 32041 15438 103989
SRM_1831_300s_20x20det_1_11_5  12866 13379 17949 1530703 40897 1521106 5985  3441 97223 15520 10379 31918 13940 104055
SRM_1831_300s_20x20det_1_11_6  13060 13280 17694 1530153 40721 1521832 5973  3513 96812 15499  9977 31650 14061 103796
SRM_1831_300s_20x20det_1_11_7  12865 13285 17976 1531037 40833 1520490 5928  3159 96281 15459  9822 31757 13857 103244
SRM_1831_300s_20x20det_1_11_8  12629 13231 18096 1530364 40804 1519958 5732  3156 97169 16100 10344 31951 14401 104084
SRM_1831_300s_20x20det_1_11_9  12495 13133 17653 1521553 40755 1514456 5909  3115 96957 15677 10681 31616 14491 103774
SRM_1831_300s_20x20det_1_12_0  12838 13403 18245 1528116 40655 1519465 6030  2893 96442 15921 10317 31628 14471 105214
SRM_1831_300s_20x20det_1_12_1  12792 13380 17902 1530560 40722 1523591 6130  2998 96516 15356 11047 31925 14367 104546
SRM_1831_300s_20x20det_1_12_10 12698 13390 17736 1534263 40783 1524143 6049  3660 97586 15740 10365 31883 14940 104054
SRM_1831_300s_20x20det_1_12_11 12764 13317 17792 1525938 40446 1518149 6127  3154 96361 16091 10881 32170 14652 103443
SRM_1831_300s_20x20det_1_12_12 13072 13337 17998 1529406 40086 1519598 5627  2648 96715 15531 10268 32498 15052 103872
SRM_1831_300s_20x20det_1_12_13 12679 13118 17925 1531388 40669 1521336 5905  3153 96457 14822 10280 31748 14770 103570
SRM_1831_300s_20x20det_1_12_14 12986 13090 17954 1528283 41098 1520688 6080  3570 96383 15725 10839 32120 14600 103903
SRM_1831_300s_20x20det_1_12_15 12315 13275 17684 1528925 40304 1519574 6051  3652 97292 15977 10705 32060 14658 104081
SRM_1831_300s_20x20det_1_12_16 12799 13376 17875 1527426 41104 1519355 5788  3150 96578 15631 10218 32086 14794 103018
SRM_1831_300s_20x20det_1_12_17 12754 13204 18310 1527245 40736 1522030 6028  3340 96830 16036 10250 31919 14914 103564
SRM_1831_300s_20x20det_1_12_18 12650 13082 17643 1526047 40661 1520763 6039  3314 97079 15832 10314 31834 13650 104593
SRM_1831_300s_20x20det_1_12_19 12818 12994 17569 1517167 40690 1519421 5727  3320 95973 15138 10838 32369 14308 104051
SRM_1831_300s_20x20det_1_12_2  12695 13146 17638 1532386 40888 1523197 6021  3696 97555 16101 10935 32550 14817 104336
SRM_1831_300s_20x20det_1_12_3  12769 13174 17763 1529577 40714 1523909 6100  3048 96894 15989 10513 31818 14658 104088
SRM_1831_300s_20x20det_1_12_4  13049 13306 18063 1527173 40591 1519855 6002  3616 96438 15413 10902 32008 14060 104943
SRM_1831_300s_20x20det_1_12_5  12557 13503 17880 1528429 40796 1520336 5805  3146 96702 15248 11195 32878 14908 103721
SRM_1831_300s_20x20det_1_12_6  12453 13225 18150 1529819 40644 1520869 5971  3507 97531 15810 10524 32293 14732 104149
SRM_1831_300s_20x20det_1_12_7  12734 13180 17851 1531838 40430 1521126 5570  3282 96709 16680 10610 31741 14928 103728
SRM_1831_300s_20x20det_1_12_8  12791 13264 17831 1529391 41171 1518341 5916  3144 97465 15778 10826 32709 14608 104315
SRM_1831_300s_20x20det_1_12_9  12594 13367 18136 1528790 41284 1522949 5731  3293 96831 15564 10059 31587 14579 103061
SRM_1831_300s_20x20det_1_13_0  12846 13356 18284 1529487 41238 1520574 5904  3027 96132 16287 10149 32136 15017 105054
SRM_1831_300s_20x20det_1_13_1  13057 13236 17965 1528949 40735 1521929 6049  4234 97386 16236 10108 31306 13816 104499
SRM_1831_300s_20x20det_1_13_10 12590 13384 17998 1534231 41232 1523334 5835  3665 97468 15244 10145 32693 14710 103622
SRM_1831_300s_20x20det_1_13_11 12913 13302 17938 1534361 40759 1524328 5917  3510 97336 15151 10864 32591 15054 103994
SRM_1831_300s_20x20det_1_13_12 12788 13360 17689 1520929 40431 1518586 5599  3381 96517 15681 10630 31444 14554 103285
SRM_1831_300s_20x20det_1_13_13 12772 13104 18179 1533081 40425 1522487 5830  3378 96326 15548 10572 31274 14065 104200
SRM_1831_300s_20x20det_1_13_14 12990 13436 18221 1530473 40666 1522668 5667  3695 97068 15901 10593 31858 14171 104099
SRM_1831_300s_20x20det_1_13_15 12819 13402 17925 1531202 40848 1519839 6002  3049 96589 15972 10619 32424 14709 103785
SRM_1831_300s_20x20det_1_13_16 12608 13356 17872 1530818 40916 1525960 6135  3219 97616 16279 10853 32562 14187 104204
SRM_1831_300s_20x20det_1_13_17 12742 13384 17785 1529659 40852 1518712 6007  3347 96437 15570 10640 32699 14373 103738
SRM_1831_300s_20x20det_1_13_18 12986 13350 18172 1534248 40931 1523722 5602  3373 97359 15781 10854 31854 14331 104168
SRM_1831_300s_20x20det_1_13_19 12872 13196 17715 1531905 40786 1523187 5760  3685 97979 15354 10124 31808 14317 104743
SRM_1831_300s_20x20det_1_13_2  12688 13289 18139 1528500 40398 1522594 6244  3607 97107 15526 10589 32254 14411 104061
SRM_1831_300s_20x20det_1_13_3  12789 13154 17771 1530283 40859 1518630 5746  3189 96649 15108 10597 32109 14589 103427
SRM_1831_300s_20x20det_1_13_4  12856 13132 17914 1527436 40500 1519412 5614  3094 96552 15258 10350 32459 14145 103723
SRM_1831_300s_20x20det_1_13_5  12782 13281 17853 1528600 40768 1519130 5953  2992 96754 15780 10493 32302 14647 104049
SRM_1831_300s_20x20det_1_13_6  12663 13292 17897 1530249 40599 1521529 5968  3397 97023 15727 10790 32250 14372 104499
SRM_1831_300s_20x20det_1_13_7  12871 13344 17926 1524441 40820 1521499 5871  3863 97017 15609 11163 32139 13310 103513
SRM_1831_300s_20x20det_1_13_8  12672 13057 18190 1531280 40867 1522177 6092  3442 97133 15083 10812 31831 14104 103191
SRM_1831_300s_20x20det_1_13_9  12765 13266 17992 1528388 40813 1521437 5890  3643 97438 15920 10972 32404 14653 104531
SRM_1831_300s_20x20det_1_14_0  12767 13537 18073 1534402 40624 1522893 6000  3187 96196 15748  9821 32081 13536 105544
SRM_1831_300s_20x20det_1_14_1  12711 13461 18091 1528964 40590 1521864 6055  3876 97049 15642 10524 31318 14065 105158
SRM_1831_300s_20x20det_1_14_10 12745 13360 18031 1532298 40513 1522359 5733  3071 96187 15986 11051 32951 14372 104517
SRM_1831_300s_20x20det_1_14_11 12751 13415 18169 1530921 40654 1521813 6010  2743 96115 15283 10055 32241 13865 104411
SRM_1831_300s_20x20det_1_14_12 12743 13072 17908 1532748 40841 1521282 6046  3240 96894 16453 10259 31571 14271 104625
SRM_1831_300s_20x20det_1_14_13 12864 13279 17932 1534056 40680 1522824 5972  3650 96409 15976 10612 31832 14396 104574
SRM_1831_300s_20x20det_1_14_14 12593 13292 17877 1533496 40885 1523185 5911  3845 96861 15181 10994 32548 14457 104366
SRM_1831_300s_20x20det_1_14_15 12924 13476 18280 1530718 41049 1519851 6075  3152 96937 15199 10929 32493 14814 103197
SRM_1831_300s_20x20det_1_14_16 12743 13455 17823 1532344 40621 1523239 6126  3581 97062 15998 10360 32039 14388 103542
SRM_1831_300s_20x20det_1_14_17 12823 13438 17918 1531132 39867 1521432 5754  2883 97215 15496 10417 31794 14928 104120
SRM_1831_300s_20x20det_1_14_18 12888 13358 17962 1531278 40604 1522928 5810  3681 96330 16150 10072 31440 13600 103853
SRM_1831_300s_20x20det_1_14_19 12645 13225 17735 1532226 41153 1522581 6215  3334 96558 15482 10472 32383 14754 104135
SRM_1831_300s_20x20det_1_14_2  12700 13427 17986 1527520 40778 1522497 6299  3738 96535 15961 10148 31331 14711 103869
SRM_1831_300s_20x20det_1_14_3  12628 13350 17977 1531014 40797 1520705 5739  3561 96742 15220 10701 31957 14264 104593
SRM_1831_300s_20x20det_1_14_4  12834 13237 17856 1529268 41025 1520626 5823  3215 96194 15554 10546 32583 13574 103933
SRM_1831_300s_20x20det_1_14_5  12682 13270 18054 1530354 40356 1519127 6019  3912 96779 15309 11107 32648 14722 103664
SRM_1831_300s_20x20det_1_14_6  12628 13425 17771 1530901 40873 1521242 5838  3201 96475 15142 10373 31654 14256 104708
SRM_1831_300s_20x20det_1_14_7  12882 13373 17917 1525606 40566 1521198 5836  3159 96717 15797 10505 31931 14286 104112
SRM_1831_300s_20x20det_1_14_8  12885 13136 18190 1529554 41050 1519774 6361  3689 97046 15766 10884 31908 15385 103392
SRM_1831_300s_20x20det_1_14_9  12029 12984 17274 1480409 39952 1512912 5561  3419 96304 15584 10534 31768 14695 103684
SRM_1831_300s_20x20det_1_15_0  12908 13382 18139 1532787 40832 1522796 6050  3302 96799 15555 10487 32626 14496 105532
SRM_1831_300s_20x20det_1_15_1  13018 13505 17989 1532813 41187 1522714 6273  3321 96919 16175 10738 32275 14779 104302
SRM_1831_300s_20x20det_1_15_10 12891 13360 17891 1530090 40588 1519280 6029  3238 96732 15724 10592 31988 13887 103456
SRM_1831_300s_20x20det_1_15_11 12649 13390 17927 1527036 41061 1518748 5965  3062 96445 15515 10416 31611 14354 103384
SRM_1831_300s_20x20det_1_15_12 12767 13191 18044 1526832 40936 1520174 5693  3094 96850 16007 11082 31632 13942 104671
SRM_1831_300s_20x20det_1_15_13 12740 13450 17938 1530298 40240 1519267 5887  3675 96658 15448 10175 31457 14958 103784
SRM_1831_300s_20x20det_1_15_14 12962 13221 17932 1526065 40844 1519904 5926  2926 96520 15899 10503 32045 14502 104643
SRM_1831_300s_20x20det_1_15_15 12871 13301 17839 1528875 40936 1523991 6082  2740 96701 15759 10614 32132 14353 103657
SRM_1831_300s_20x20det_1_15_16 12648 13423 18074 1531823 40674 1523460 6085  3594 97289 15786 10739 31783 15313 104822
SRM_1831_300s_20x20det_1_15_17 12712 13140 18241 1533262 40625 1523820 5863  3284 97302 15392 10434 32103 14598 103506
SRM_1831_300s_20x20det_1_15_18 12721 13519 18218 1530239 40538 1520934 5885  3565 96567 15769 10050 31823 15064 103717
SRM_1831_300s_20x20det_1_15_19 12764 13367 17500 1533956 40823 1524030 5793  2905 96339 16012 10787 32639 14791 103698
SRM_1831_300s_20x20det_1_15_2  12662 13517 17819 1529041 40856 1526448 5890  3851 97355 15784 10463 32093 14075 104371
SRM_1831_300s_20x20det_1_15_3  12689 13149 17913 1530610 40822 1522175 6051  3487 96606 15302 10337 32302 14539 104137
SRM_1831_300s_20x20det_1_15_4  12844 13346 17591 1527394 41158 1521910 5603  3307 97302 15244 10102 32420 14002 103482
SRM_1831_300s_20x20det_1_15_5  12815 13355 17857 1530932 40526 1522088 5723  3906 97566 15452 11061 33396 14506 104013
SRM_1831_300s_20x20det_1_15_6  12832 13260 17708 1531374 40879 1524792 6123  3796 96940 15645 10596 31989 15357 104032
SRM_1831_300s_20x20det_1_15_7  12685 13264 17824 1531117 40788 1521536 5657  3771 96995 16471 10415 31519 14171 104556
SRM_1831_300s_20x20det_1_15_8  12657 13342 17683 1528885 40578 1519571 6102  3496 96632 16071 10765 31926 14096 104769
SRM_1831_300s_20x20det_1_15_9  12811 13099 17794 1528936 40761 1518414 5546  3337 95684 16015  9890 32122 14404 104079
SRM_1831_300s_20x20det_1_16_0  12820 13359 18268 1532837 41026 1523532 5875  3206 96879 16204 10971 31770 14288 104947
SRM_1831_300s_20x20det_1_16_1  12729 13590 18282 1530674 40472 1522843 6223  3450 97157 15600 10367 31831 14701 103654
SRM_1831_300s_20x20det_1_16_10 12690 13021 17771 1530710 40668 1521994 6134  3328 96970 15352 10170 32262 14492 104514
SRM_1831_300s_20x20det_1_16_11 12761 13358 17942 1533260 41216 1524630 6012  2993 97300 15688 11259 32203 14333 103499
SRM_1831_300s_20x20det_1_16_12 12652 13360 17843 1530465 40871 1523961 5833  3664 96832 15017  9845 31927 14726 103729
SRM_1831_300s_20x20det_1_16_13 11229 11870 16404 1410212 40256 1505289 5839  2837 96460 16048 10842 32490 15608 103714
SRM_1831_300s_20x20det_1_16_14 12831 13400 17986 1531255 40657 1520592 6052  3138 96554 15790 10569 32120 15098 104376
SRM_1831_300s_20x20det_1_16_15 13009 13275 18039 1530118 40916 1522182 5744  3410 96058 15838 10617 31798 14602 103809
SRM_1831_300s_20x20det_1_16_16 12825 13484 17900 1532937 40756 1521834 5835  3004 96809 16338 10427 32007 14557 103992
SRM_1831_300s_20x20det_1_16_17 12527 13204 18208 1530241 40475 1522640 6067  3616 96891 15285 11218 31909 13542 103905
SRM_1831_300s_20x20det_1_16_18 12956 13226 17991 1534734 40956 1524795 6014  3041 96129 15769 10627 32558 15100 103840
SRM_1831_300s_20x20det_1_16_19 12692 13456 18065 1530847 40907 1522581 5708  3443 96261 15533 10467 32078 14511 104699
SRM_1831_300s_20x20det_1_16_2  12940 13547 18309 1533622 40744 1522286 5801  3529 97143 15644 10824 32657 15010 104300
SRM_1831_300s_20x20det_1_16_3  12827 13176 17841 1525568 40836 1518827 5876  3747 97345 15594 10414 31649 14885 103721
SRM_1831_300s_20x20det_1_16_4  12744 13208 17920 1532009 40528 1523073 6164  2751 96469 16111 10527 31977 13910 104262
SRM_1831_300s_20x20det_1_16_5  12639 13317 17669 1532405 40772 1519793 5983  3626 96988 15252 10828 32325 14307 103626
SRM_1831_300s_20x20det_1_16_6  12521 13319 17662 1529787 41009 1521322 5979  3589 96807 16253 10280 32555 15187 103224
SRM_1831_300s_20x20det_1_16_7  12866 13113 17737 1528854 40481 1521395 5892  3643 96792 15878 10479 31725 14952 104909
SRM_1831_300s_20x20det_1_16_8  12835 13287 17696 1529710 40523 1521986 5726  4048 97536 15398 10580 32261 14337 104663
SRM_1831_300s_20x20det_1_16_9  12685 13230 18182 1529514 40834 1519895 6276  3815 96748 15353 10167 32638 15232 104646
SRM_1831_300s_20x20det_1_17_0  12984 13392 17953 1534041 40739 1527194 5884  3526 96576 15629 10463 31841 14743 104832
SRM_1831_300s_20x20det_1_17_1  12933 13436 18184 1531577 40549 1524361 5917  3774 96994 15587 10206 31150 14344 104570
SRM_1831_300s_20x20det_1_17_10 12725 13298 17875 1533445 40960 1522886 6177  3452 97709 15852 10622 32154 14785 103679
SRM_1831_300s_20x20det_1_17_11 12694 13366 17756 1534353 40808 1523369 5862  3596 97255 15665 11200 32621 15134 105021
SRM_1831_300s_20x20det_1_17_12 12786 13300 18189 1533187 40369 1523561 6003  3695 97117 15594  9814 31686 14734 104667
SRM_1831_300s_20x20det_1_17_13 12663 13304 17984 1531997 40143 1521426 6150  3377 96849 16031 10520 32827 15480 103902
SRM_1831_300s_20x20det_1_17_14 12864 13244 17757 1533905 40834 1524478 5807  3833 96758 15762 10057 31969 14015 104221
SRM_1831_300s_20x20det_1_17_15 12921 13454 17735 1528983 40603 1520309 5674  3549 96937 15302 10426 31627 14596 105158
SRM_1831_300s_20x20det_1_17_16 12886 13338 18193 1533964 40496 1521537 5727  3297 97407 14491 11241 32128 14875 103648
SRM_1831_300s_20x20det_1_17_17 12775 13630 18081 1531438 40680 1519394 5831  3303 97412 15728 11227 32318 14086 104251
SRM_1831_300s_20x20det_1_17_18 12557 13405 17929 1530992 40792 1521891 6078  3718 96628 15578 10352 32217 14169 103961
SRM_1831_300s_20x20det_1_17_19 13002 13366 18023 1532399 40522 1520892 6224  4419 97570 15590 10051 32144 14288 104025
SRM_1831_300s_20x20det_1_17_2  12822 13416 17668 1533758 40823 1523145 5761  3480 97120 15674 10688 31907 14900 104168
SRM_1831_300s_20x20det_1_17_3  12722 13411 17875 1534985 40636 1524799 6028  3441 96578 15480 10924 32123 14308 103874
SRM_1831_300s_20x20det_1_17_4  12832 13204 17923 1527825 40684 1517357 6176  3765 96740 14976 11188 31606 14671 104407
SRM_1831_300s_20x20det_1_17_5  12872 13286 17992 1533988 40714 1526027 5607  3152 97932 15610 10428 31834 14705 103656
SRM_1831_300s_20x20det_1_17_6  12917 13326 18067 1534587 40851 1522036 5971  4483 97133 15486 10058 31889 14244 104651
SRM_1831_300s_20x20det_1_17_7  12823 13461 17622 1531975 40889 1520709 6024  2919 96622 15148 10285 31389 14627 104374
SRM_1831_300s_20x20det_1_17_8  12995 13410 17760 1531755 40652 1520007 5863  3034 96538 15724 10539 32504 14959 105441
SRM_1831_300s_20x20det_1_17_9  12671 13530 17789 1534135 41033 1526425 6164  3717 97200 15612 10372 31910 14328 104169
SRM_1831_300s_20x20det_1_18_0  12813 13228 18281 1531844 40591 1523625 5919  3349 96858 15378 10312 31706 14737 105440
SRM_1831_300s_20x20det_1_18_1  12760 13372 18215 1529182 40655 1520661 5611  3213 97221 16003 10596 31985 14768 104753
SRM_1831_300s_20x20det_1_18_10 12669 13304 17824 1530444 40841 1518391 5719  2973 96655 14618 10745 31562 14127 103986
SRM_1831_300s_20x20det_1_18_11 12897 13268 18194 1531572 41017 1523135 5569  3072 96638 15901 10958 31973 13946 103874
SRM_1831_300s_20x20det_1_18_12 12762 13359 18010 1532251 40656 1517739 6154  3395 96401 15624 10282 32594 13545 103954
SRM_1831_300s_20x20det_1_18_13 12988 13486 17984 1531363 40970 1520633 6346  3666 96787 15801 10851 32427 15533 103686
SRM_1831_300s_20x20det_1_18_14 12731 13215 17921 1529202 40350 1520310 6031  3328 96821 15281 11056 31748 14171 104971
SRM_1831_300s_20x20det_1_18_15 12597 13298 17750 1528004 40671 1518395 5769  2811 96761 15670 10335 32157 14983 104767
SRM_1831_300s_20x20det_1_18_16 12821 13382 17898 1527054 40377 1519155 5930  3676 96721 15395 10751 31745 14339 103846
SRM_1831_300s_20x20det_1_18_17 12787 13522 17615 1530142 40631 1519442 5937  3889 96703 15622 10436 30908 14611 104362
SRM_1831_300s_20x20det_1_18_18 12537 13351 17999 1529356 40869 1520733 5972  3430 97326 15153 10626 31561 13673 104149
SRM_1831_300s_20x20det_1_18_19 12751 13539 18185 1528989 40917 1519192 5998  3839 97118 15885  9999 31999 14345 104614
SRM_1831_300s_20x20det_1_18_2  12691 13341 18091 1532042 40846 1524494 6146  3162 96370 15703 11014 32323 14782 104149
SRM_1831_300s_20x20det_1_18_3  12653 13240 17479 1529581 40390 1518473 6132  3222 96908 15933 10265 32847 15597 103751
SRM_1831_300s_20x20det_1_18_4  12917 13611 18059 1533533 40714 1522021 5621  3504 97176 16055 10661 32095 14276 104986
SRM_1831_300s_20x20det_1_18_5  12737 13346 17798 1527094 40385 1522909 5919  3180 96423 15456  9744 32555 14335 103310
SRM_1831_300s_20x20det_1_18_6  12753 13209 17946 1530488 40685 1518988 5726  3324 96389 14921 10392 31418 14088 104121
SRM_1831_300s_20x20det_1_18_7  12583 13177 17839 1522918 40501 1520104 5538  3267 97217 15868  9758 32094 15073 103497
SRM_1831_300s_20x20det_1_18_8  12716 13296 18037 1531905 41008 1519492 6028  3419 96450 15531 10659 32258 14534 103978
SRM_1831_300s_20x20det_1_18_9  12844 13281 17954 1530578 40737 1520533 5923  3526 97096 15584 11066 32315 14531 104166
SRM_1831_300s_20x20det_1_19_0  13092 13419 18106 1530614 40746 1519535 5925  2998 96538 15077 10440 32030 14627 105325
SRM_1831_300s_20x20det_1_19_1  12804 13382 18304 1528877 40434 1518865 5906  2859 96412 15890 10370 31281 14893 104147
SRM_1831_300s_20x20det_1_19_10 12907 13278 17798 1528370 40731 1519368 5628  3271 96629 16064  9448 31721 14406 104695
SRM_1831_300s_20x20det_1_19_11 12682 13158 17812 1532875 40726 1521156 5814  3801 96592 15001 10258 31548 13730 103986
SRM_1831_300s_20x20det_1_19_12 13001 13267 17718 1532103 40516 1520368 5571  3206 96555 14986 10716 31867 14959 104254
SRM_1831_300s_20x20det_1_19_13 12745 13297 17944 1534782 41131 1522841 6284  3333 96845 15800 10826 32478 15090 104120
SRM_1831_300s_20x20det_1_19_14 12848 13285 18180 1530551 40876 1522593 5891  3586 98424 15458 10448 32723 14121 104309
SRM_1831_300s_20x20det_1_19_15 12898 13266 17860 1526499 40643 1515907 5886  3027 96883 16026 10725 32018 14227 104207
SRM_1831_300s_20x20det_1_19_16 12991 13273 18182 1532060 40570 1519742 5898  3580 96668 16144 10919 31987 14592 104938
SRM_1831_300s_20x20det_1_19_17 12691 13490 18071 1530251 40941 1519069 5779  3662 96223 15306 10305 31838 14843 103769
SRM_1831_300s_20x20det_1_19_18 12817 13321 18027 1535008 41099 1523271 5977  3530 96971 15631 10755 33105 15194 104521
SRM_1831_300s_20x20det_1_19_19 12892 13399 18085 1533293 40422 1524740 5868  2874 97078 15547 10232 31767 14563 104375
SRM_1831_300s_20x20det_1_19_2  12481 13227 17902 1528964 40390 1519906 5616  3208 96525 15843 10819 32855 14410 104642
SRM_1831_300s_20x20det_1_19_3  12691 13573 17867 1527502 40904 1518784 5885  3107 97016 16328 10933 32637 14818 104297
SRM_1831_300s_20x20det_1_19_4  12921 13479 18026 1528994 40444 1520783 5735  3302 96857 15727  9837 31594 14434 103517
SRM_1831_300s_20x20det_1_19_5  12873 13460 17886 1533435 41261 1522491 6157  3601 96895 15712 10186 32175 15358 103305
SRM_1831_300s_20x20det_1_19_6  12868 13485 18012 1528802 40598 1520113 5771  3541 97210 15859 10721 31235 14035 103940
SRM_1831_300s_20x20det_1_19_7  12838 13438 18054 1528586 40721 1520236 6036  4149 97649 15155 10877 32297 13970 104509
SRM_1831_300s_20x20det_1_19_8  12626 13510 17764 1528321 41094 1519390 5828  3435 96991 15181 10208 32134 13933 104032
SRM_1831_300s_20x20det_1_19_9  12658 13561 18051 1532501 40325 1521676 5752  3501 95874 15993 10769 32052 14217 104381
SRM_1831_300s_20x20det_1_1_0   12896 13635 17949 1528110 41035 1526020 5738  3216 97427 15818 11057 31622 14240 105728
SRM_1831_300s_20x20det_1_1_1   12565 13507 18062 1531649 40852 1524808 6122  3060 96740 15808 10418 32583 14906 105089
SRM_1831_300s_20x20det_1_1_10  12800 13374 17812 1529643 41073 1522691 5689  2724 96584 16680 10982 32110 14072 103976
SRM_1831_300s_20x20det_1_1_11  12886 13240 18094 1530041 40740 1522932 5870  3110 96625 15811 10255 32096 14360 104300
SRM_1831_300s_20x20det_1_1_12  12506 13431 17677 1527909 40883 1521755 5616  2605 96948 15872 10256 31709 14166 104227
SRM_1831_300s_20x20det_1_1_13  12884 13391 17785 1529512 40626 1522872 6095  3604 97148 15888 10380 32337 15362 103200
SRM_1831_300s_20x20det_1_1_14  12915 13316 17625 1529127 40083 1521629 5950  3396 96712 15425 10418 32602 14202 104220
SRM_1831_300s_20x20det_1_1_15  12593 13192 17672 1529614 40815 1522504 6197  3017 96635 15366 10514 32203 14044 104724
SRM_1831_300s_20x20det_1_1_16  12594 13179 18470 1530577 41126 1522581 6355  3007 96806 14998 10381 32563 14704 103676
SRM_1831_300s_20x20det_1_1_17  12748 13268 18007 1527966 40822 1517338 5881  3449 96797 15037 10229 32699 14435 104884
SRM_1831_300s_20x20det_1_1_18  12845 13178 17828 1528977 40950 1521516 5645  3647 96381 15489 10447 32318 14335 103661
SRM_1831_300s_20x20det_1_1_19  12806 13465 18038 1526656 40985 1519729 6036  3666 97416 16113 10625 31370 14147 104375
SRM_1831_300s_20x20det_1_1_2   12983 13566 18216 1533112 40616 1522203 6138  2993 97181 15811 10501 32523 14872 104620
SRM_1831_300s_20x20det_1_1_3   12645 13524 17888 1529344 40463 1520985 5598  3355 97420 15280 10706 32686 15132 104377
SRM_1831_300s_20x20det_1_1_4   12613 13509 17881 1530510 40755 1524098 5990  3038 97467 15368  9909 31377 13157 104482
SRM_1831_300s_20x20det_1_1_5   12801 13488 17746 1529337 40767 1520676 5760  3061 97080 15780 10972 32192 13840 104317
SRM_1831_300s_20x20det_1_1_6   12729 13270 18131 1531011 40573 1520155 5780  3151 96851 15318 10561 32183 14297 103577
SRM_1831_300s_20x20det_1_1_7   12692 13233 17793 1527396 40849 1520233 5884  3560 97017 15188 11047 33030 14419 103914
SRM_1831_300s_20x20det_1_1_8   12730 13369 18026 1529293 41193 1522474 5969  3211 96209 16084  9684 32198 14052 103719
SRM_1831_300s_20x20det_1_1_9   12922 13231 17765 1528372 40787 1521892 5924  3703 97283 15272 10594 32283 14561 104378
SRM_1831_300s_20x20det_1_2_0   12812 13270 18056 1530180 41028 1524408 5889  3396 97071 15998 10524 32369 14409 105289
SRM_1831_300s_20x20det_1_2_1   12988 13223 18030 1530173 40606 1522527 6032  3523 96352 15661 11096 32869 14553 104549
SRM_1831_300s_20x20det_1_2_10  12722 13243 17801 1528820 40542 1523297 5952  3186 96610 15759 10465 31355 14843 104028
SRM_1831_300s_20x20det_1_2_11  12856 13572 17920 1523950 40877 1520437 5934  3789 96450 15381 10369 32305 14538 104190
SRM_1831_300s_20x20det_1_2_12  12682 13252 17820 1529178 40758 1521313 5916  3331 96894 15305 10417 32399 14541 103301
SRM_1831_300s_20x20det_1_2_13  12773 13388 17933 1530956 40910 1523508 5770  3683 97766 15676 10087 31862 14620 105412
SRM_1831_300s_20x20det_1_2_14  12798 13264 17927 1526816 41159 1518455 5974  3083 96809 15803  9872 31606 13651 103769
SRM_1831_300s_20x20det_1_2_15  12586 13313 17778 1525667 40531 1517814 5796  3404 97155 15258 10640 32595 14942 103186
SRM_1831_300s_20x20det_1_2_16  12566 13300 18028 1518313 40647 1512803 5864  3061 95777 14620 10501 32100 13965 104454
SRM_1831_300s_20x20det_1_2_17  12768 13392 17881 1527182 40827 1516854 5993  3200 96807 15949 10463 32320 14370 103898
SRM_1831_300s_20x20det_1_2_18  12649 13353 17633 1528149 40500 1522444 5761  2734 97014 16167 10151 31582 14011 104043
SRM_1831_300s_20x20det_1_2_19  13033 13098 17915 1530102 40795 1525364 5885  2867 96898 15708 10962 32314 13744 104869
SRM_1831_300s_20x20det_1_2_2   12766 13438 18179 1527014 40532 1520572 5656  3473 96987 15021 10975 31908 14992 104273
SRM_1831_300s_20x20det_1_2_3   12795 13468 17932 1531485 41061 1524511 6052  3398 96941 16197 11154 32114 14664 103928
SRM_1831_300s_20x20det_1_2_4   12977 13158 18213 1525781 40962 1519061 5658  4120 97588 15948 10105 31948 15004 103687
SRM_1831_300s_20x20det_1_2_5   12878 13270 17962 1527582 40817 1519467 5985  3435 96270 15662 10970 32558 14996 103858
SRM_1831_300s_20x20det_1_2_6   12821 13273 17886 1530706 40627 1521286 5975  3040 96500 15946 10568 32111 14545 104136
SRM_1831_300s_20x20det_1_2_7   12750 13272 17800 1526003 40515 1518732 5956  3191 96476 16228 11012 31888 14544 103651
SRM_1831_300s_20x20det_1_2_8   12882 13301 17821 1529051 40391 1519239 5916  3150 96982 15571 10696 32817 14959 104030
SRM_1831_300s_20x20det_1_2_9   12788 13220 17897 1530229 40655 1520489 5860  3013 97329 15910 10943 31929 13991 104147
SRM_1831_300s_20x20det_1_3_0   12799 13421 18107 1527061 40581 1523657 5923  3129 97164 15505 10401 31854 13878 105227
SRM_1831_300s_20x20det_1_3_1   12972 13337 18043 1529095 40926 1523101 5981  3332 96613 15978 10755 31518 14563 104394
SRM_1831_300s_20x20det_1_3_10  12771 13486 17864 1528694 41021 1522569 5644  3757 97297 15462 10085 31112 13760 103494
SRM_1831_300s_20x20det_1_3_11  12854 13482 17889 1530074 40789 1523505 6180  3159 96027 15869 10484 31616 13198 103365
SRM_1831_300s_20x20det_1_3_12  12733 13309 17868 1532200 40896 1522057 6029  3256 96226 15309 10059 32475 13839 103992
SRM_1831_300s_20x20det_1_3_13  12862 13141 18040 1527471 41122 1519578 6059  3515 96625 15969 10870 32742 14566 104066
SRM_1831_300s_20x20det_1_3_14  12789 13271 18054 1527537 41248 1520561 5831  3395 96637 15478 11579 32096 15316 102918
SRM_1831_300s_20x20det_1_3_15  12768 13444 17855 1532155 41014 1518131 5962  3367 97396 15339 10534 31875 14266 103793
SRM_1831_300s_20x20det_1_3_16  12783 13223 17955 1529280 40832 1521809 6032  3524 97008 15506 10475 32429 13727 102633
SRM_1831_300s_20x20det_1_3_17  12623 13525 17820 1529045 40417 1517980 5795  3528 96686 15191 10151 31848 14566 104777
SRM_1831_300s_20x20det_1_3_18  12858 13476 18073 1528625 40724 1523004 5767  3391 97167 15598 11447 33128 14380 103921
SRM_1831_300s_20x20det_1_3_19  12702 13598 17850 1529230 40835 1522945 6032  3493 96672 15289 10278 32001 14749 103554
SRM_1831_300s_20x20det_1_3_2   12986 13424 18178 1528369 40714 1522721 5964  3311 97807 15323  9930 31663 14876 104210
SRM_1831_300s_20x20det_1_3_3   12818 13457 17931 1532050 40721 1522248 5903  3351 97065 16178 11124 32145 14637 104932
SRM_1831_300s_20x20det_1_3_4   12773 13003 17968 1529872 41257 1521616 6211  3151 96217 15565 11421 33281 14516 104666
SRM_1831_300s_20x20det_1_3_5   13012 13276 18291 1529168 40843 1522766 5723  3549 97183 15360 10712 32329 13911 104339
SRM_1831_300s_20x20det_1_3_6   12899 13438 17763 1531011 40781 1520033 6137  2885 96922 15697 10968 31876 14907 103885
SRM_1831_300s_20x20det_1_3_7   12711 13195 17731 1526949 40785 1521854 6306  3326 96440 15467 10470 32894 14733 103501
SRM_1831_300s_20x20det_1_3_8   12946 13199 17677 1528734 40455 1521764 5872  3447 96423 15253 10746 31894 14744 104022
SRM_1831_300s_20x20det_1_3_9   12888 13154 17859 1531380 40766 1522816 5799  3454 97312 15815 10612 31878 14104 103672
SRM_1831_300s_20x20det_1_4_0   12961 13526 18094 1528425 40610 1523390 5816  3384 97430 15556 10903 31882 14619 105463
SRM_1831_300s_20x20det_1_4_1   12892 13294 17885 1528928 40603 1521593 6098  3431 96159 16108  9978 32123 13850 104756
SRM_1831_300s_20x20det_1_4_10  12644 13502 17886 1528029 41331 1518481 6259  3090 96024 16630 10816 31401 14394 104935
SRM_1831_300s_20x20det_1_4_11  12708 13402 18122 1526611 40667 1516619 6041  3697 96500 15261 10588 32299 14517 103742
SRM_1831_300s_20x20det_1_4_12  12890 13717 18029 1526696 40731 1519984 6226  3332 97561 15346  9597 31688 14810 103110
SRM_1831_300s_20x20det_1_4_13  12687 13225 17783 1527834 40700 1521089 6077  3281 96848 16433 10785 31591 14377 104157
SRM_1831_300s_20x20det_1_4_14  12635 13268 17741 1527251 40588 1519513 5999  3611 96901 15389 10874 32887 14103 103469
SRM_1831_300s_20x20det_1_4_15  12786 13508 17805 1526614 40475 1519975 6136  3591 97545 16098 10536 32243 14859 103833
SRM_1831_300s_20x20det_1_4_16  12458 13037 17142 1504251 40502 1520421 5972  3865 97099 15600 10485 32245 14337 103311
SRM_1831_300s_20x20det_1_4_17  12874 13269 17888 1526283 40436 1518418 6055  3072 96672 15900 10755 31856 15003 104283
SRM_1831_300s_20x20det_1_4_18  12678 13306 17954 1528685 40505 1521346 6039  2924 96791 15583 10828 31838 13860 104499
SRM_1831_300s_20x20det_1_4_19  12635 13210 18105 1531719 40602 1523873 5728  3474 97199 14989 10384 32546 14495 104385
SRM_1831_300s_20x20det_1_4_2   12698 13390 17745 1527422 40746 1522806 5886  3342 96918 15557 11036 32077 14611 105474
SRM_1831_300s_20x20det_1_4_3   12742 13233 17804 1528605 40657 1519495 6046  3310 96754 15857 10183 32000 13873 102959
SRM_1831_300s_20x20det_1_4_4   12547 13411 17974 1522440 40741 1514338 5440  3030 96267 15718 10698 31917 14505 103317
SRM_1831_300s_20x20det_1_4_5   12862 13330 17869 1524859 40837 1518501 6054  3461 96520 15546 10238 32305 15286 103225
SRM_1831_300s_20x20det_1_4_6   12771 13417 17932 1524027 40498 1518375 5893  2853 96149 15204 10957 32064 14709 103264
SRM_1831_300s_20x20det_1_4_7   12742 13200 17729 1527394 40981 1520739 5776  3670 96538 15856 10173 32292 14477 104031
SRM_1831_300s_20x20det_1_4_8   12641 13419 17668 1525687 40600 1520408 6058  3760 96829 15981 10911 31232 14653 104222
SRM_1831_300s_20x20det_1_4_9   12703 13654 18057 1527593 41044 1515852 5770  3590 96655 15887 10777 32024 14521 103101
SRM_1831_300s_20x20det_1_5_0   12997 13345 18207 1530830 40729 1522775 5894  3403 97468 16260 10420 31465 14462 105064
SRM_1831_300s_20x20det_1_5_1   12899 13577 18021 1529730 40360 1524546 5676  2976 96856 15370 10387 31589 14569 103662
SRM_1831_300s_20x20det_1_5_10  12698 13323 17836 1527237 40785 1518986 6070  3616 97147 16120 10457 32145 15126 103526
SRM_1831_300s_20x20det_1_5_11  12837 13170 18047 1533409 40944 1525629 6026  3960 98111 15919 10329 32305 15247 104163
SRM_1831_300s_20x20det_1_5_12  12723 13248 18025 1528213 40340 1520129 5694  3507 96644 15006 10133 31308 13668 104245
SRM_1831_300s_20x20det_1_5_13  12782 13303 18064 1528317 40651 1520136 5794  3382 96541 15315 10992 32147 13403 103983
SRM_1831_300s_20x20det_1_5_14  12851 13538 17833 1532373 41246 1525448 6225  3417 97466 15828 10494 32229 14984 104048
SRM_1831_300s_20x20det_1_5_15  12788 13161 18171 1529989 40599 1522815 5500  3166 96306 15640 10374 31978 14389 104148
SRM_1831_300s_20x20det_1_5_16  12797 13231 17938 1524815 40695 1517625 6045  4143 97684 15501 10078 31936 13754 104565
SRM_1831_300s_20x20det_1_5_17  12866 13283 17740 1527772 40623 1521312 5596  3390 96793 15037 10714 31249 14382 103746
SRM_1831_300s_20x20det_1_5_18  12870 13381 17839 1529361 40787 1518785 6118  3305 97295 15206 10512 32461 14793 103634
SRM_1831_300s_20x20det_1_5_19  12718 13220 17593 1526926 40605 1520627 5958  3173 96468 15716 10655 32091 14364 104138
SRM_1831_300s_20x20det_1_5_2   12623 13268 17959 1529427 40520 1520282 5870  3849 97030 15835 10537 32172 14136 103668
SRM_1831_300s_20x20det_1_5_3   12739 13405 17815 1525484 40738 1521532 5799  2734 96801 15663 10258 32055 14037 104401
SRM_1831_300s_20x20det_1_5_4   13107 13334 17882 1530164 40723 1521508 6202  3309 96827 16032 10249 31608 14169 103977
SRM_1831_300s_20x20det_1_5_5   12603 13281 18112 1524190 41166 1518355 6207  3640 97662 16047 10276 31997 13792 104775
SRM_1831_300s_20x20det_1_5_6   12389 13116 17735 1527380 40716 1520586 5995  3411 96392 15381 10264 31809 13703 104665
SRM_1831_300s_20x20det_1_5_7    1812  1975  2608  217806  5770  216832  944   811 14183  2744  1837  5117  2545  15518
SRM_1831_300s_20x20det_1_5_8   12845 13016 17882 1527715 40601 1519301 5955  3703 96735 15012 10729 32200 14894 104220
SRM_1831_300s_20x20det_1_5_9   12537 13286 18087 1526671 40712 1518648 5813  3135 96716 15794 10187 31271 13246 103788
SRM_1831_300s_20x20det_1_6_0   12852 13422 18199 1530137 40725 1524125 5821  3316 96719 15525 10246 31731 15449 105695
SRM_1831_300s_20x20det_1_6_1   12808 13058 17908 1528237 40339 1521081 5713  2993 97235 15477 10075 32220 14275 105087
SRM_1831_300s_20x20det_1_6_10  12576 13446 17877 1529210 40374 1520320 5770  3620 96970 15037  9788 32204 14181 103596
SRM_1831_300s_20x20det_1_6_11  12615 13543 17686 1526268 40672 1520805 5730  3245 96185 15441 10289 32295 14016 103862
SRM_1831_300s_20x20det_1_6_12  12715 13319 18121 1532074 41115 1522663 5670  3047 96924 16081 10654 32297 14421 103639
SRM_1831_300s_20x20det_1_6_13  12839 13380 18097 1528304 41196 1518287 6138  3255 96986 15976 10085 32419 14810 103837
SRM_1831_300s_20x20det_1_6_14  12654 13384 18063 1532897 40783 1523999 5822  3693 97100 15713 10355 31582 14510 103467
SRM_1831_300s_20x20det_1_6_15  12625 13356 17933 1530892 40832 1521460 5887  3368 97328 16008 10499 31662 15020 104227
SRM_1831_300s_20x20det_1_6_16  12552 13320 17889 1528730 40562 1519771 5969  3365 96337 16101 11175 31742 14329 104274
SRM_1831_300s_20x20det_1_6_17  12795 13222 17908 1526997 40702 1519298 6191  4135 96481 15837 11124 31852 14445 103076
SRM_1831_300s_20x20det_1_6_18  12698 13518 18244 1530834 40765 1521918 6133  3431 96656 15730 11094 33576 14733 104234
SRM_1831_300s_20x20det_1_6_19  12640 13252 17667 1529429 41079 1521132 6018  3363 96113 15094 10950 32094 14082 103586
SRM_1831_300s_20x20det_1_6_2   12712 13257 17991 1529074 40718 1520630 6040  3654 96874 15498 10500 31306 14352 103175
SRM_1831_300s_20x20det_1_6_3   12752 13429 17989 1527790 41270 1518730 5526  2980 96572 15478 10784 32289 14111 103715
SRM_1831_300s_20x20det_1_6_4   12641 13546 17738 1530072 40755 1520878 5864  3578 96976 15781 11011 31856 14666 104270
SRM_1831_300s_20x20det_1_6_5   12753 13387 18208 1526519 40747 1516511 5878  3401 96736 15472 10508 32689 14687 103604
SRM_1831_300s_20x20det_1_6_6   12629 13359 17727 1526869 40406 1520025 5786  3675 96561 16093 10484 32187 15567 103413
SRM_1831_300s_20x20det_1_6_7   12702 13316 17962 1527810 40961 1518930 5918  3256 96672 15760 10443 32079 14172 103592
SRM_1831_300s_20x20det_1_6_8   12685 13312 18024 1530804 40616 1522888 5752  4325 97491 15609 10914 32128 14482 103936
SRM_1831_300s_20x20det_1_6_9   12465 13291 17885 1527471 40833 1519508 5968  3315 95931 15385 11218 32899 14502 104533
SRM_1831_300s_20x20det_1_7_0   12767 13417 18226 1528865 40513 1518781 6099  3591 96620 15343 10688 32474 14398 105115
SRM_1831_300s_20x20det_1_7_1   12763 13702 17733 1531929 40993 1522499 5933  3703 97029 15771 10565 31587 14039 105150
SRM_1831_300s_20x20det_1_7_10  12915 13515 17615 1528999 40599 1520511 5765  3255 96745 15670 10463 31931 14180 103931
SRM_1831_300s_20x20det_1_7_11  12741 13487 17701 1529964 41189 1523414 6427  3282 97180 16449 10170 31597 14607 104647
SRM_1831_300s_20x20det_1_7_12  12908 13386 18003 1530939 40566 1524071 5603  3097 96796 15738 10467 32137 14412 104311
SRM_1831_300s_20x20det_1_7_13  12750 13264 18040 1528699 40650 1521560 5734  3057 97379 16049 10272 31776 13590 104112
SRM_1831_300s_20x20det_1_7_14  12699 13555 18028 1529869 40947 1521871 5656  3233 96509 15525 10377 32688 14003 103982
SRM_1831_300s_20x20det_1_7_15  12749 13244 17843 1527494 40896 1521119 6260  2872 96692 15064 10119 32433 14993 104176
SRM_1831_300s_20x20det_1_7_16  12611 13111 17745 1529410 40833 1520856 5767  3362 96620 15303 10320 31756 14583 103184
SRM_1831_300s_20x20det_1_7_17  12779 13157 17949 1524956 40620 1516509 6387  3587 96977 15596 10402 31895 15297 103417
SRM_1831_300s_20x20det_1_7_18  12721 13234 17869 1529649 40665 1521721 5965  3886 96899 15654 10923 32003 14636 105078
SRM_1831_300s_20x20det_1_7_19  12863 13373 17566 1530706 40868 1523656 5690  3361 96805 16221 10617 31313 14444 104432
SRM_1831_300s_20x20det_1_7_2   12877 13164 17995 1528998 40657 1522750 5757  3538 96612 15688 10040 31729 14420 104442
SRM_1831_300s_20x20det_1_7_3   12461 13579 17947 1530941 40595 1522451 5836  3872 96808 15455 11106 32167 14201 104425
SRM_1831_300s_20x20det_1_7_4   12693 13486 17903 1530799 41034 1521106 6297  3897 97399 15244 10413 31805 15554 104213
SRM_1831_300s_20x20det_1_7_5   12856 13343 18138 1531134 40906 1522998 5961  3107 96581 15555 10751 33185 15225 103538
SRM_1831_300s_20x20det_1_7_6   12648 13549 17788 1529279 40256 1519990 6007  3659 97026 15526 10292 32212 13793 103622
SRM_1831_300s_20x20det_1_7_7   12757 13260 17927 1528183 40594 1520411 5841  3058 95869 15459 10547 32065 14764 103536
SRM_1831_300s_20x20det_1_7_8   12653 13170 17913 1532222 40752 1522666 5756  4010 97709 15470 10258 32367 14540 103931
SRM_1831_300s_20x20det_1_7_9   13005 13425 18085 1532639 40913 1522880 6222  3069 97188 15766 11231 32871 15400 103982
SRM_1831_300s_20x20det_1_8_0   12882 13390 17987 1529638 40733 1523127 6304  2920 96372 15965  9874 31835 13641 104726
SRM_1831_300s_20x20det_1_8_1   12780 13483 18086 1529840 40484 1522031 5924  3746 97057 15484 10718 33187 14430 103950
SRM_1831_300s_20x20det_1_8_10  12957 13329 18106 1530429 40572 1521827 6150  3576 96911 15420 10259 31817 14172 104000
SRM_1831_300s_20x20det_1_8_11  12685 13226 18125 1530316 40723 1522842 5658  2665 96454 15932 10427 32308 14489 103740
SRM_1831_300s_20x20det_1_8_12  13105 13194 17940 1529601 40935 1519839 5725  3184 96407 15652 10464 31477 14400 103942
SRM_1831_300s_20x20det_1_8_13  12713 13339 17836 1530149 40813 1521977 5602  3141 96948 15748 10443 32557 14315 104690
SRM_1831_300s_20x20det_1_8_14  12745 13433 18207 1529535 40630 1522919 5961  3657 97001 15311 10417 31964 13815 103656
SRM_1831_300s_20x20det_1_8_15  13089 13303 17456 1528913 40444 1522958 5809  3118 96721 16122 10818 31670 13949 104084
SRM_1831_300s_20x20det_1_8_16  12655 13127 17958 1528065 40794 1519630 6316  3524 97065 15289 10188 32288 13887 103180
SRM_1831_300s_20x20det_1_8_17  12775 13183 17931 1524470 40691 1519197 6336  3542 96806 15685 11532 31882 13630 103397
SRM_1831_300s_20x20det_1_8_18  12650 13083 18000 1529168 41001 1521296 5981  3380 96378 16142 10437 32325 15578 103744
SRM_1831_300s_20x20det_1_8_19  12549 13196 17957 1528441 40498 1520897 6080  4324 97165 16383 10345 32214 14659 103437
SRM_1831_300s_20x20det_1_8_2   12894 13301 18121 1529062 40574 1522000 5891  3005 96573 15493 10573 32109 14484 103624
SRM_1831_300s_20x20det_1_8_3   12640 13212 17494 1528875 40709 1520640 5678  3101 97602 15209 11054 31952 14411 103459
SRM_1831_300s_20x20det_1_8_4   12681 13391 18101 1530951 40354 1520932 5605  3599 96413 16203 11406 31244 14103 103622
SRM_1831_300s_20x20det_1_8_5   12729 13349 17903 1531812 40461 1525241 5768  3287 97466 15799 10852 32419 14391 104401
SRM_1831_300s_20x20det_1_8_6   12989 13462 18226 1531542 40824 1523660 5802  3059 97003 15205 10390 32291 14053 104668
SRM_1831_300s_20x20det_1_8_7   12655 13266 17889 1530911 40973 1521504 5618  3032 95971 15380 10675 32538 15103 103779
SRM_1831_300s_20x20det_1_8_8   12763 13247 17847 1531276 41035 1520936 5843  3200 96720 15752 10900 32075 13977 104361
SRM_1831_300s_20x20det_1_8_9   12642 13181 18023 1533299 40693 1524727 6341  3334 96844 15505 10643 32033 14165 104317
SRM_1831_300s_20x20det_1_9_0   12926 13527 18171 1532795 41153 1523807 5989  3450 97055 15302  9754 31980 14451 105383
SRM_1831_300s_20x20det_1_9_1   12917 13459 18074 1528935 40738 1523602 5891  3606 96847 15207 10616 32320 13990 104946
SRM_1831_300s_20x20det_1_9_10  12689 13325 18009 1529679 40860 1522206 6002  3811 97067 14758 10581 32183 14158 103855
SRM_1831_300s_20x20det_1_9_11  12801 13239 18101 1530610 40748 1520906 5854  3346 96740 15118 10830 32281 14610 103690
SRM_1831_300s_20x20det_1_9_12  12921 13455 18121 1530782 40426 1521255 6118  3379 96806 16022 10659 31990 14482 103910
SRM_1831_300s_20x20det_1_9_13  12781 13340 17926 1527419 40659 1518533 5595  2926 96596 15569 10754 32543 14757 103815
SRM_1831_300s_20x20det_1_9_14  12759 13372 18066 1528019 40832 1520680 5783  3080 96549 15783 10898 31992 14742 103004
SRM_1831_300s_20x20det_1_9_15  12743 13324 17706 1528087 40393 1517019 6005  3095 96494 16338 11055 31657 14722 103635
SRM_1831_300s_20x20det_1_9_16  12745 13299 17597 1530367 40874 1524132 6372  3675 97531 15007 11177 32770 14975 104658
SRM_1831_300s_20x20det_1_9_17  12287 12840 17190 1490487 40296 1513487 5642  3163 97099 15475 10263 31773 14554 103553
SRM_1831_300s_20x20det_1_9_18  12892 13584 18028 1529676 40814 1520892 6207  3200 96182 15251 10282 31717 15168 104011
SRM_1831_300s_20x20det_1_9_19  12874 13339 17538 1531337 40765 1520744 5785  3298 96408 15891 11292 32033 14309 103772
SRM_1831_300s_20x20det_1_9_2   12762 13421 18138 1528555 40694 1520659 6128  4258 97019 15613 10282 31933 14519 104241
SRM_1831_300s_20x20det_1_9_3   12760 13310 17784 1531724 41007 1523661 6091  3984 97539 15530 10326 32756 14492 104166
SRM_1831_300s_20x20det_1_9_4   13011 13435 18128 1532231 41239 1519019 6194  3770 96876 15499  9973 31210 13979 104227
SRM_1831_300s_20x20det_1_9_5   12676 13387 18014 1529164 40797 1520729 5982  3238 96436 14913 10343 31892 14410 104447
SRM_1831_300s_20x20det_1_9_6   12785 13446 17936 1532584 40409 1523501 5808  3680 96103 15835 10263 31780 14365 103964
SRM_1831_300s_20x20det_1_9_7   12741 13261 17783 1527557 40549 1521332 6122  3086 97487 16251 10730 32913 14879 103689
SRM_1831_300s_20x20det_1_9_8   12644 13189 17873 1531377 40684 1522288 6106  3458 96469 15406 11044 31668 14576 104725
SRM_1831_300s_20x20det_1_9_9   12819 13220 18122 1527204 40735 1521787 6124  3499 96262 16126 10661 31810 14118 104352


Mean value:                    12711 13265 17848 1522327 40562 1514628 5898  3389 96433 15582 10512 31946 14408 103652
Std. Abw.:                       788   822  1102   92835  2474   92029  400   384  5857   990   702  1943   948   6288
Std. Abw. rel. [%]:             6.20  6.19  6.17    6.10  6.10    6.08 6.79 11.34  6.07  6.35  6.68  6.08  6.58   6.07
Conf. interval:                   39    41    55    4642   124    4601   20    19   293    49    35    97    47    314
