ROI net sum

Spectrum                          Na    Mg    Al      Si     S     K      Ca   Ti    Fe    Sr     Rh
----------------------------------------------------------------------------------------------------
SRM_1831_300s_20x20det_1_0_0   12814 13307 18321 1531720 11804 40392 1516896 5887 96621 31898 103162
SRM_1831_300s_20x20det_1_0_1   12965 13387 17960 1527607 12122 40923 1514254 6086 96184 32620 104443
SRM_1831_300s_20x20det_1_0_10  12848 13472 18068 1532341 12121 40364 1518082 5625 96786 31967 103754
SRM_1831_300s_20x20det_1_0_11  12644 13301 18145 1531946 11925 40964 1524469 5832 96547 31867 103629
SRM_1831_300s_20x20det_1_0_12  12631 13478 17934 1533820 11826 41374 1523903 5752 97420 32862 103624
SRM_1831_300s_20x20det_1_0_13  13044 13446 18325 1530885 12213 40854 1523586 6339 97734 31717 103774
SRM_1831_300s_20x20det_1_0_14  12957 13132 17947 1529245 11879 40965 1521678 5974 96992 32671 103957
SRM_1831_300s_20x20det_1_0_15  13045 13255 17801 1531207 12016 40631 1523453 5806 96508 31743 103611
SRM_1831_300s_20x20det_1_0_16  13008 13498 18006 1531485 12221 40923 1523177 5681 96977 32076 103784
SRM_1831_300s_20x20det_1_0_17  13010 13431 17849 1530392 11826 40889 1520350 5816 97091 32457 104384
SRM_1831_300s_20x20det_1_0_18  12724 13161 17665 1533338 11960 40829 1524105 6003 97347 32591 103948
SRM_1831_300s_20x20det_1_0_19  12882 13194 18146 1531993 12069 40747 1522716 5864 95993 32781 104233
SRM_1831_300s_20x20det_1_0_2   12724 13162 17786 1524405 11909 40412 1513150 6067 96975 31850 103212
SRM_1831_300s_20x20det_1_0_3   12932 13197 17838 1534381 11795 40745 1518920 5834 97116 31822 103753
SRM_1831_300s_20x20det_1_0_4   12707 13318 17969 1528534 11886 40419 1518875 5792 96995 32086 103419
SRM_1831_300s_20x20det_1_0_5   12812 13276 18086 1528489 11976 40615 1520097 5899 96189 31467 103827
SRM_1831_300s_20x20det_1_0_6   12812 13269 18104 1534006 12096 40749 1526424 5894 98031 31972 103950
SRM_1831_300s_20x20det_1_0_7   12817 13487 17925 1532502 11968 40712 1523432 5940 96665 31722 103648
SRM_1831_300s_20x20det_1_0_8   12812 13359 17942 1535671 11909 40728 1525547 6013 97248 32480 104350
SRM_1831_300s_20x20det_1_0_9   12310 13195 17220 1492444 12047 40374 1516522 5816 96257 31939 103283
SRM_1831_300s_20x20det_1_10_0  13039 13729 18045 1533211 12021 40868 1524589 5580 97161 32145 104616
SRM_1831_300s_20x20det_1_10_1   1897  1842  2583  220658  1718  5956  220108  966 14124  5360  15295
SRM_1831_300s_20x20det_1_10_10 12588 13228 17670 1516233 12243 40524 1518854 6239 96820 32088 105173
SRM_1831_300s_20x20det_1_10_11 12828 13373 17894 1527763 12023 40631 1521105 5426 96683 31824 103201
SRM_1831_300s_20x20det_1_10_12 12865 13059 17838 1529448 11994 40839 1522683 5929 97191 31843 103543
SRM_1831_300s_20x20det_1_10_13 12903 13403 18093 1527561 12144 40689 1521184 6132 97605 32677 104502
SRM_1831_300s_20x20det_1_10_14 12916 13326 18000 1532027 12310 40664 1523592 5945 97738 32040 103726
SRM_1831_300s_20x20det_1_10_15 12552 13641 17669 1528704 11879 40877 1520576 5792 96191 32267 103986
SRM_1831_300s_20x20det_1_10_16 12938 13364 18033 1530719 12043 40698 1521675 5941 96648 32443 104017
SRM_1831_300s_20x20det_1_10_17 12796 13133 17809 1528881 12165 40538 1520598 5938 97252 32226 104476
SRM_1831_300s_20x20det_1_10_18 12562 13120 17963 1524267 12057 40681 1519864 5723 96423 32392 104326
SRM_1831_300s_20x20det_1_10_19 12670 13418 18027 1532331 12098 40911 1521630 5926 96502 31706 104775
SRM_1831_300s_20x20det_1_10_2  12735 13422 17948 1531481 11871 40549 1520277 6185 96851 31356 104201
SRM_1831_300s_20x20det_1_10_3  12780 13143 17865 1528903 11874 40419 1522191 5856 98660 32540 104463
SRM_1831_300s_20x20det_1_10_4  12722 13382 17913 1530569 12237 40488 1516952 5687 96354 32659 103941
SRM_1831_300s_20x20det_1_10_5  12702 13325 18170 1530899 11995 40718 1519357 5917 96732 32209 104894
SRM_1831_300s_20x20det_1_10_6  13017 13288 18038 1528437 12102 40805 1521837 5753 96436 31613 103845
SRM_1831_300s_20x20det_1_10_7  12589 13119 17862 1528773 11937 41034 1521136 6177 96432 31969 104083
SRM_1831_300s_20x20det_1_10_8  12551 12992 17901 1531883 11992 40524 1519344 6024 98113 32044 103826
SRM_1831_300s_20x20det_1_10_9  12578 13397 17991 1531014 12337 40682 1521659 5623 96936 32143 104421
SRM_1831_300s_20x20det_1_11_0  12767 13365 17940 1524400 11951 40582 1516353 6237 96632 32496 105717
SRM_1831_300s_20x20det_1_11_1  12707 13461 17932 1530172 12089 40440 1521079 6155 96213 31641 104856
SRM_1831_300s_20x20det_1_11_10 12706 13251 17872 1529769 11779 40599 1521703 5379 96950 32175 104911
SRM_1831_300s_20x20det_1_11_11 12897 13327 18108 1531520 12198 40904 1522808 6034 96935 31952 104020
SRM_1831_300s_20x20det_1_11_12 12901 13206 17987 1529650 11698 40823 1519839 5856 96830 32033 103941
SRM_1831_300s_20x20det_1_11_13 12795 13229 18080 1531986 12186 41005 1521223 5732 96733 32053 103608
SRM_1831_300s_20x20det_1_11_14 12871 13579 17740 1532064 12239 40690 1521905 5833 96677 31514 103672
SRM_1831_300s_20x20det_1_11_15 12667 13332 17733 1527275 11929 40782 1521820 6197 96219 31944 103988
SRM_1831_300s_20x20det_1_11_16 12666 13375 17623 1528042 12099 40604 1521897 6271 96762 31956 103736
SRM_1831_300s_20x20det_1_11_17 12117 12612 17030 1477635 11887 40692 1515447 5991 96961 31666 103954
SRM_1831_300s_20x20det_1_11_18 12566 13137 18090 1530840 12211 41006 1523423 5646 97198 32324 103959
SRM_1831_300s_20x20det_1_11_19 12529 13111 17889 1528433 11937 40876 1520848 5797 96780 31280 103314
SRM_1831_300s_20x20det_1_11_2  12845 13425 18050 1524546 11837 40896 1518976 6133 96192 32894 103385
SRM_1831_300s_20x20det_1_11_3  12646 13179 17880 1528384 12018 41014 1522210 6030 96785 32051 104176
SRM_1831_300s_20x20det_1_11_4  12845 13080 17879 1525177 12163 40479 1517188 5951 96806 32041 103989
SRM_1831_300s_20x20det_1_11_5  12866 13379 17949 1530703 12066 40897 1521106 5985 97223 31918 104055
SRM_1831_300s_20x20det_1_11_6  13060 13280 17694 1530153 11894 40721 1521832 5973 96812 31650 103796
SRM_1831_300s_20x20det_1_11_7  12865 13285 17976 1531037 12053 40833 1520490 5928 96281 31757 103244
SRM_1831_300s_20x20det_1_11_8  12629 13231 18096 1530364 12055 40804 1519958 5732 97169 31951 104084
SRM_1831_300s_20x20det_1_11_9  12495 13133 17653 1521553 11664 40755 1514456 5909 96957 31616 103774
SRM_1831_300s_20x20det_1_12_0  12838 13403 18245 1528116 11834 40655 1519465 6030 96442 31628 105214
SRM_1831_300s_20x20det_1_12_1  12792 13380 17902 1530560 11919 40722 1523591 6130 96516 31925 104546
SRM_1831_300s_20x20det_1_12_10 12698 13390 17736 1534263 12122 40783 1524143 6049 97586 31883 104054
SRM_1831_300s_20x20det_1_12_11 12764 13317 17792 1525938 11784 40446 1518149 6127 96361 32170 103443
SRM_1831_300s_20x20det_1_12_12 13072 13337 17998 1529406 12023 40086 1519598 5627 96715 32498 103872
SRM_1831_300s_20x20det_1_12_13 12679 13118 17925 1531388 12075 40669 1521336 5905 96457 31748 103570
SRM_1831_300s_20x20det_1_12_14 12986 13090 17954 1528283 12247 41098 1520688 6080 96383 32120 103903
SRM_1831_300s_20x20det_1_12_15 12315 13275 17684 1528925 11967 40304 1519574 6051 97292 32060 104081
SRM_1831_300s_20x20det_1_12_16 12799 13376 17875 1527426 11945 41104 1519355 5788 96578 32086 103018
SRM_1831_300s_20x20det_1_12_17 12754 13204 18310 1527245 11959 40736 1522030 6028 96830 31919 103564
SRM_1831_300s_20x20det_1_12_18 12650 13082 17643 1526047 12074 40661 1520763 6039 97079 31834 104593
SRM_1831_300s_20x20det_1_12_19 12818 12994 17569 1517167 11836 40690 1519421 5727 95973 32369 104051
SRM_1831_300s_20x20det_1_12_2  12695 13146 17638 1532386 12030 40888 1523197 6021 97555 32550 104336
SRM_1831_300s_20x20det_1_12_3  12769 13174 17763 1529577 12072 40714 1523909 6100 96894 31818 104088
SRM_1831_300s_20x20det_1_12_4  13049 13306 18063 1527173 12378 40591 1519855 6002 96438 32008 104943
SRM_1831_300s_20x20det_1_12_5  12557 13503 17880 1528429 11823 40796 1520336 5805 96702 32878 103721
SRM_1831_300s_20x20det_1_12_6  12453 13225 18150 1529819 12038 40644 1520869 5971 97531 32293 104149
SRM_1831_300s_20x20det_1_12_7  12734 13180 17851 1531838 11927 40430 1521126 5570 96709 31741 103728
SRM_1831_300s_20x20det_1_12_8  12791 13264 17831 1529391 12134 41171 1518341 5916 97465 32709 104315
SRM_1831_300s_20x20det_1_12_9  12594 13367 18136 1528790 11740 41284 1522949 5731 96831 31587 103061
SRM_1831_300s_20x20det_1_13_0  12846 13356 18284 1529487 12162 41238 1520574 5904 96132 32136 105054
SRM_1831_300s_20x20det_1_13_1  13057 13236 17965 1528949 12000 40735 1521929 6049 97386 31306 104499
SRM_1831_300s_20x20det_1_13_10 12590 13384 17998 1534231 12165 41232 1523334 5835 97468 32693 103622
SRM_1831_300s_20x20det_1_13_11 12913 13302 17938 1534361 11916 40759 1524328 5917 97336 32591 103994
SRM_1831_300s_20x20det_1_13_12 12788 13360 17689 1520929 11951 40431 1518586 5599 96517 31444 103285
SRM_1831_300s_20x20det_1_13_13 12772 13104 18179 1533081 11964 40425 1522487 5830 96326 31274 104200
SRM_1831_300s_20x20det_1_13_14 12990 13436 18221 1530473 12147 40666 1522668 5667 97068 31858 104099
SRM_1831_300s_20x20det_1_13_15 12819 13402 17925 1531202 11982 40848 1519839 6002 96589 32424 103785
SRM_1831_300s_20x20det_1_13_16 12608 13356 17872 1530818 12059 40916 1525960 6135 97616 32562 104204
SRM_1831_300s_20x20det_1_13_17 12742 13384 17785 1529659 12259 40852 1518712 6007 96437 32699 103738
SRM_1831_300s_20x20det_1_13_18 12986 13350 18172 1534248 12178 40931 1523722 5602 97359 31854 104168
SRM_1831_300s_20x20det_1_13_19 12872 13196 17715 1531905 12241 40786 1523187 5760 97979 31808 104743
SRM_1831_300s_20x20det_1_13_2  12688 13289 18139 1528500 12269 40398 1522594 6244 97107 32254 104061
SRM_1831_300s_20x20det_1_13_3  12789 13154 17771 1530283 11662 40859 1518630 5746 96649 32109 103427
SRM_1831_300s_20x20det_1_13_4  12856 13132 17914 1527436 11877 40500 1519412 5614 96552 32459 103723
SRM_1831_300s_20x20det_1_13_5  12782 13281 17853 1528600 11864 40768 1519130 5953 96754 32302 104049
SRM_1831_300s_20x20det_1_13_6  12663 13292 17897 1530249 11784 40599 1521529 5968 97023 32250 104499
SRM_1831_300s_20x20det_1_13_7  12871 13344 17926 1524441 12079 40820 1521499 5871 97017 32139 103513
SRM_1831_300s_20x20det_1_13_8  12672 13057 18190 1531280 11963 40867 1522177 6092 97133 31831 103191
SRM_1831_300s_20x20det_1_13_9  12765 13266 17992 1528388 12201 40813 1521437 5890 97438 32404 104531
SRM_1831_300s_20x20det_1_14_0  12767 13537 18073 1534402 12240 40624 1522893 6000 96196 32081 105544
SRM_1831_300s_20x20det_1_14_1  12711 13461 18091 1528964 11995 40590 1521864 6055 97049 31318 105158
SRM_1831_300s_20x20det_1_14_10 12745 13360 18031 1532298 12068 40513 1522359 5733 96187 32951 104517
SRM_1831_300s_20x20det_1_14_11 12751 13415 18169 1530921 12198 40654 1521813 6010 96115 32241 104411
SRM_1831_300s_20x20det_1_14_12 12743 13072 17908 1532748 12109 40841 1521282 6046 96894 31571 104625
SRM_1831_300s_20x20det_1_14_13 12864 13279 17932 1534056 12104 40680 1522824 5972 96409 31832 104574
SRM_1831_300s_20x20det_1_14_14 12593 13292 17877 1533496 11745 40885 1523185 5911 96861 32548 104366
SRM_1831_300s_20x20det_1_14_15 12924 13476 18280 1530718 12542 41049 1519851 6075 96937 32493 103197
SRM_1831_300s_20x20det_1_14_16 12743 13455 17823 1532344 12327 40621 1523239 6126 97062 32039 103542
SRM_1831_300s_20x20det_1_14_17 12823 13438 17918 1531132 11981 39867 1521432 5754 97215 31794 104120
SRM_1831_300s_20x20det_1_14_18 12888 13358 17962 1531278 11849 40604 1522928 5810 96330 31440 103853
SRM_1831_300s_20x20det_1_14_19 12645 13225 17735 1532226 11971 41153 1522581 6215 96558 32383 104135
SRM_1831_300s_20x20det_1_14_2  12700 13427 17986 1527520 12317 40778 1522497 6299 96535 31331 103869
SRM_1831_300s_20x20det_1_14_3  12628 13350 17977 1531014 12298 40797 1520705 5739 96742 31957 104593
SRM_1831_300s_20x20det_1_14_4  12834 13237 17856 1529268 12002 41025 1520626 5823 96194 32583 103933
SRM_1831_300s_20x20det_1_14_5  12682 13270 18054 1530354 11570 40356 1519127 6019 96779 32648 103664
SRM_1831_300s_20x20det_1_14_6  12628 13425 17771 1530901 11762 40873 1521242 5838 96475 31654 104708
SRM_1831_300s_20x20det_1_14_7  12882 13373 17917 1525606 12307 40566 1521198 5836 96717 31931 104112
SRM_1831_300s_20x20det_1_14_8  12885 13136 18190 1529554 12323 41050 1519774 6361 97046 31908 103392
SRM_1831_300s_20x20det_1_14_9  12029 12984 17274 1480409 11780 39952 1512912 5561 96304 31768 103684
SRM_1831_300s_20x20det_1_15_0  12908 13382 18139 1532787 12143 40832 1522796 6050 96799 32626 105532
SRM_1831_300s_20x20det_1_15_1  13018 13505 17989 1532813 11983 41187 1522714 6273 96919 32275 104302
SRM_1831_300s_20x20det_1_15_10 12891 13360 17891 1530090 12386 40588 1519280 6029 96732 31988 103456
SRM_1831_300s_20x20det_1_15_11 12649 13390 17927 1527036 11956 41061 1518748 5965 96445 31611 103384
SRM_1831_300s_20x20det_1_15_12 12767 13191 18044 1526832 12028 40936 1520174 5693 96850 31632 104671
SRM_1831_300s_20x20det_1_15_13 12740 13450 17938 1530298 12243 40240 1519267 5887 96658 31457 103784
SRM_1831_300s_20x20det_1_15_14 12962 13221 17932 1526065 12438 40844 1519904 5926 96520 32045 104643
SRM_1831_300s_20x20det_1_15_15 12871 13301 17839 1528875 11867 40936 1523991 6082 96701 32132 103657
SRM_1831_300s_20x20det_1_15_16 12648 13423 18074 1531823 12191 40674 1523460 6085 97289 31783 104822
SRM_1831_300s_20x20det_1_15_17 12712 13140 18241 1533262 12018 40625 1523820 5863 97302 32103 103506
SRM_1831_300s_20x20det_1_15_18 12721 13519 18218 1530239 12157 40538 1520934 5885 96567 31823 103717
SRM_1831_300s_20x20det_1_15_19 12764 13367 17500 1533956 12028 40823 1524030 5793 96339 32639 103698
SRM_1831_300s_20x20det_1_15_2  12662 13517 17819 1529041 12080 40856 1526448 5890 97355 32093 104371
SRM_1831_300s_20x20det_1_15_3  12689 13149 17913 1530610 12216 40822 1522175 6051 96606 32302 104137
SRM_1831_300s_20x20det_1_15_4  12844 13346 17591 1527394 12030 41158 1521910 5603 97302 32420 103482
SRM_1831_300s_20x20det_1_15_5  12815 13355 17857 1530932 12229 40526 1522088 5723 97566 33396 104013
SRM_1831_300s_20x20det_1_15_6  12832 13260 17708 1531374 11969 40879 1524792 6123 96940 31989 104032
SRM_1831_300s_20x20det_1_15_7  12685 13264 17824 1531117 12094 40788 1521536 5657 96995 31519 104556
SRM_1831_300s_20x20det_1_15_8  12657 13342 17683 1528885 11628 40578 1519571 6102 96632 31926 104769
SRM_1831_300s_20x20det_1_15_9  12811 13099 17794 1528936 11946 40761 1518414 5546 95684 32122 104079
SRM_1831_300s_20x20det_1_16_0  12820 13359 18268 1532837 12105 41026 1523532 5875 96879 31770 104947
SRM_1831_300s_20x20det_1_16_1  12729 13590 18282 1530674 12049 40472 1522843 6223 97157 31831 103654
SRM_1831_300s_20x20det_1_16_10 12690 13021 17771 1530710 11841 40668 1521994 6134 96970 32262 104514
SRM_1831_300s_20x20det_1_16_11 12761 13358 17942 1533260 12098 41216 1524630 6012 97300 32203 103499
SRM_1831_300s_20x20det_1_16_12 12652 13360 17843 1530465 11819 40871 1523961 5833 96832 31927 103729
SRM_1831_300s_20x20det_1_16_13 11229 11870 16404 1410212 15878 40256 1505289 5839 96460 32490 103714
SRM_1831_300s_20x20det_1_16_14 12831 13400 17986 1531255 12160 40657 1520592 6052 96554 32120 104376
SRM_1831_300s_20x20det_1_16_15 13009 13275 18039 1530118 11866 40916 1522182 5744 96058 31798 103809
SRM_1831_300s_20x20det_1_16_16 12825 13484 17900 1532937 11996 40756 1521834 5835 96809 32007 103992
SRM_1831_300s_20x20det_1_16_17 12527 13204 18208 1530241 12212 40475 1522640 6067 96891 31909 103905
SRM_1831_300s_20x20det_1_16_18 12956 13226 17991 1534734 11971 40956 1524795 6014 96129 32558 103840
SRM_1831_300s_20x20det_1_16_19 12692 13456 18065 1530847 12190 40907 1522581 5708 96261 32078 104699
SRM_1831_300s_20x20det_1_16_2  12940 13547 18309 1533622 11872 40744 1522286 5801 97143 32657 104300
SRM_1831_300s_20x20det_1_16_3  12827 13176 17841 1525568 12000 40836 1518827 5876 97345 31649 103721
SRM_1831_300s_20x20det_1_16_4  12744 13208 17920 1532009 12086 40528 1523073 6164 96469 31977 104262
SRM_1831_300s_20x20det_1_16_5  12639 13317 17669 1532405 11733 40772 1519793 5983 96988 32325 103626
SRM_1831_300s_20x20det_1_16_6  12521 13319 17662 1529787 11959 41009 1521322 5979 96807 32555 103224
SRM_1831_300s_20x20det_1_16_7  12866 13113 17737 1528854 12183 40481 1521395 5892 96792 31725 104909
SRM_1831_300s_20x20det_1_16_8  12835 13287 17696 1529710 12102 40523 1521986 5726 97536 32261 104663
SRM_1831_300s_20x20det_1_16_9  12685 13230 18182 1529514 12073 40834 1519895 6276 96748 32638 104646
SRM_1831_300s_20x20det_1_17_0  12984 13392 17953 1534041 12009 40739 1527194 5884 96576 31841 104832
SRM_1831_300s_20x20det_1_17_1  12933 13436 18184 1531577 12026 40549 1524361 5917 96994 31150 104570
SRM_1831_300s_20x20det_1_17_10 12725 13298 17875 1533445 11950 40960 1522886 6177 97709 32154 103679
SRM_1831_300s_20x20det_1_17_11 12694 13366 17756 1534353 11997 40808 1523369 5862 97255 32621 105021
SRM_1831_300s_20x20det_1_17_12 12786 13300 18189 1533187 12124 40369 1523561 6003 97117 31686 104667
SRM_1831_300s_20x20det_1_17_13 12663 13304 17984 1531997 11828 40143 1521426 6150 96849 32827 103902
SRM_1831_300s_20x20det_1_17_14 12864 13244 17757 1533905 11999 40834 1524478 5807 96758 31969 104221
SRM_1831_300s_20x20det_1_17_15 12921 13454 17735 1528983 11815 40603 1520309 5674 96937 31627 105158
SRM_1831_300s_20x20det_1_17_16 12886 13338 18193 1533964 12250 40496 1521537 5727 97407 32128 103648
SRM_1831_300s_20x20det_1_17_17 12775 13630 18081 1531438 11957 40680 1519394 5831 97412 32318 104251
SRM_1831_300s_20x20det_1_17_18 12557 13405 17929 1530992 11796 40792 1521891 6078 96628 32217 103961
SRM_1831_300s_20x20det_1_17_19 13002 13366 18023 1532399 12183 40522 1520892 6224 97570 32144 104025
SRM_1831_300s_20x20det_1_17_2  12822 13416 17668 1533758 12004 40823 1523145 5761 97120 31907 104168
SRM_1831_300s_20x20det_1_17_3  12722 13411 17875 1534985 12181 40636 1524799 6028 96578 32123 103874
SRM_1831_300s_20x20det_1_17_4  12832 13204 17923 1527825 11720 40684 1517357 6176 96740 31606 104407
SRM_1831_300s_20x20det_1_17_5  12872 13286 17992 1533988 12134 40714 1526027 5607 97932 31834 103656
SRM_1831_300s_20x20det_1_17_6  12917 13326 18067 1534587 12051 40851 1522036 5971 97133 31889 104651
SRM_1831_300s_20x20det_1_17_7  12823 13461 17622 1531975 11913 40889 1520709 6024 96622 31389 104374
SRM_1831_300s_20x20det_1_17_8  12995 13410 17760 1531755 11928 40652 1520007 5863 96538 32504 105441
SRM_1831_300s_20x20det_1_17_9  12671 13530 17789 1534135 12224 41033 1526425 6164 97200 31910 104169
SRM_1831_300s_20x20det_1_18_0  12813 13228 18281 1531844 11893 40591 1523625 5919 96858 31706 105440
SRM_1831_300s_20x20det_1_18_1  12760 13372 18215 1529182 12148 40655 1520661 5611 97221 31985 104753
SRM_1831_300s_20x20det_1_18_10 12669 13304 17824 1530444 11982 40841 1518391 5719 96655 31562 103986
SRM_1831_300s_20x20det_1_18_11 12897 13268 18194 1531572 12004 41017 1523135 5569 96638 31973 103874
SRM_1831_300s_20x20det_1_18_12 12762 13359 18010 1532251 12038 40656 1517739 6154 96401 32594 103954
SRM_1831_300s_20x20det_1_18_13 12988 13486 17984 1531363 12112 40970 1520633 6346 96787 32427 103686
SRM_1831_300s_20x20det_1_18_14 12731 13215 17921 1529202 12119 40350 1520310 6031 96821 31748 104971
SRM_1831_300s_20x20det_1_18_15 12597 13298 17750 1528004 12213 40671 1518395 5769 96761 32157 104767
SRM_1831_300s_20x20det_1_18_16 12821 13382 17898 1527054 12072 40377 1519155 5930 96721 31745 103846
SRM_1831_300s_20x20det_1_18_17 12787 13522 17615 1530142 12019 40631 1519442 5937 96703 30908 104362
SRM_1831_300s_20x20det_1_18_18 12537 13351 17999 1529356 12078 40869 1520733 5972 97326 31561 104149
SRM_1831_300s_20x20det_1_18_19 12751 13539 18185 1528989 12166 40917 1519192 5998 97118 31999 104614
SRM_1831_300s_20x20det_1_18_2  12691 13341 18091 1532042 12282 40846 1524494 6146 96370 32323 104149
SRM_1831_300s_20x20det_1_18_3  12653 13240 17479 1529581 11598 40390 1518473 6132 96908 32847 103751
SRM_1831_300s_20x20det_1_18_4  12917 13611 18059 1533533 12268 40714 1522021 5621 97176 32095 104986
SRM_1831_300s_20x20det_1_18_5  12737 13346 17798 1527094 11960 40385 1522909 5919 96423 32555 103310
SRM_1831_300s_20x20det_1_18_6  12753 13209 17946 1530488 11739 40685 1518988 5726 96389 31418 104121
SRM_1831_300s_20x20det_1_18_7  12583 13177 17839 1522918 11929 40501 1520104 5538 97217 32094 103497
SRM_1831_300s_20x20det_1_18_8  12716 13296 18037 1531905 12084 41008 1519492 6028 96450 32258 103978
SRM_1831_300s_20x20det_1_18_9  12844 13281 17954 1530578 12350 40737 1520533 5923 97096 32315 104166
SRM_1831_300s_20x20det_1_19_0  13092 13419 18106 1530614 11847 40746 1519535 5925 96538 32030 105325
SRM_1831_300s_20x20det_1_19_1  12804 13382 18304 1528877 12292 40434 1518865 5906 96412 31281 104147
SRM_1831_300s_20x20det_1_19_10 12907 13278 17798 1528370 12020 40731 1519368 5628 96629 31721 104695
SRM_1831_300s_20x20det_1_19_11 12682 13158 17812 1532875 12023 40726 1521156 5814 96592 31548 103986
SRM_1831_300s_20x20det_1_19_12 13001 13267 17718 1532103 12315 40516 1520368 5571 96555 31867 104254
SRM_1831_300s_20x20det_1_19_13 12745 13297 17944 1534782 11973 41131 1522841 6284 96845 32478 104120
SRM_1831_300s_20x20det_1_19_14 12848 13285 18180 1530551 11933 40876 1522593 5891 98424 32723 104309
SRM_1831_300s_20x20det_1_19_15 12898 13266 17860 1526499 11797 40643 1515907 5886 96883 32018 104207
SRM_1831_300s_20x20det_1_19_16 12991 13273 18182 1532060 12285 40570 1519742 5898 96668 31987 104938
SRM_1831_300s_20x20det_1_19_17 12691 13490 18071 1530251 12192 40941 1519069 5779 96223 31838 103769
SRM_1831_300s_20x20det_1_19_18 12817 13321 18027 1535008 11816 41099 1523271 5977 96971 33105 104521
SRM_1831_300s_20x20det_1_19_19 12892 13399 18085 1533293 12281 40422 1524740 5868 97078 31767 104375
SRM_1831_300s_20x20det_1_19_2  12481 13227 17902 1528964 11932 40390 1519906 5616 96525 32855 104642
SRM_1831_300s_20x20det_1_19_3  12691 13573 17867 1527502 12057 40904 1518784 5885 97016 32637 104297
SRM_1831_300s_20x20det_1_19_4  12921 13479 18026 1528994 11784 40444 1520783 5735 96857 31594 103517
SRM_1831_300s_20x20det_1_19_5  12873 13460 17886 1533435 11880 41261 1522491 6157 96895 32175 103305
SRM_1831_300s_20x20det_1_19_6  12868 13485 18012 1528802 12065 40598 1520113 5771 97210 31235 103940
SRM_1831_300s_20x20det_1_19_7  12838 13438 18054 1528586 11792 40721 1520236 6036 97649 32297 104509
SRM_1831_300s_20x20det_1_19_8  12626 13510 17764 1528321 12293 41094 1519390 5828 96991 32134 104032
SRM_1831_300s_20x20det_1_19_9  12658 13561 18051 1532501 12167 40325 1521676 5752 95874 32052 104381
SRM_1831_300s_20x20det_1_1_0   12896 13635 17949 1528110 12117 41035 1526020 5738 97427 31622 105728
SRM_1831_300s_20x20det_1_1_1   12565 13507 18062 1531649 12005 40852 1524808 6122 96740 32583 105089
SRM_1831_300s_20x20det_1_1_10  12800 13374 17812 1529643 12173 41073 1522691 5689 96584 32110 103976
SRM_1831_300s_20x20det_1_1_11  12886 13240 18094 1530041 12229 40740 1522932 5870 96625 32096 104300
SRM_1831_300s_20x20det_1_1_12  12506 13431 17677 1527909 11868 40883 1521755 5616 96948 31709 104227
SRM_1831_300s_20x20det_1_1_13  12884 13391 17785 1529512 11938 40626 1522872 6095 97148 32337 103200
SRM_1831_300s_20x20det_1_1_14  12915 13316 17625 1529127 12105 40083 1521629 5950 96712 32602 104220
SRM_1831_300s_20x20det_1_1_15  12593 13192 17672 1529614 11916 40815 1522504 6197 96635 32203 104724
SRM_1831_300s_20x20det_1_1_16  12594 13179 18470 1530577 12011 41126 1522581 6355 96806 32563 103676
SRM_1831_300s_20x20det_1_1_17  12748 13268 18007 1527966 12060 40822 1517338 5881 96797 32699 104884
SRM_1831_300s_20x20det_1_1_18  12845 13178 17828 1528977 11924 40950 1521516 5645 96381 32318 103661
SRM_1831_300s_20x20det_1_1_19  12806 13465 18038 1526656 12010 40985 1519729 6036 97416 31370 104375
SRM_1831_300s_20x20det_1_1_2   12983 13566 18216 1533112 11979 40616 1522203 6138 97181 32523 104620
SRM_1831_300s_20x20det_1_1_3   12645 13524 17888 1529344 11777 40463 1520985 5598 97420 32686 104377
SRM_1831_300s_20x20det_1_1_4   12613 13509 17881 1530510 11741 40755 1524098 5990 97467 31377 104482
SRM_1831_300s_20x20det_1_1_5   12801 13488 17746 1529337 12010 40767 1520676 5760 97080 32192 104317
SRM_1831_300s_20x20det_1_1_6   12729 13270 18131 1531011 11861 40573 1520155 5780 96851 32183 103577
SRM_1831_300s_20x20det_1_1_7   12692 13233 17793 1527396 11803 40849 1520233 5884 97017 33030 103914
SRM_1831_300s_20x20det_1_1_8   12730 13369 18026 1529293 11883 41193 1522474 5969 96209 32198 103719
SRM_1831_300s_20x20det_1_1_9   12922 13231 17765 1528372 12113 40787 1521892 5924 97283 32283 104378
SRM_1831_300s_20x20det_1_2_0   12812 13270 18056 1530180 12118 41028 1524408 5889 97071 32369 105289
SRM_1831_300s_20x20det_1_2_1   12988 13223 18030 1530173 11927 40606 1522527 6032 96352 32869 104549
SRM_1831_300s_20x20det_1_2_10  12722 13243 17801 1528820 12228 40542 1523297 5952 96610 31355 104028
SRM_1831_300s_20x20det_1_2_11  12856 13572 17920 1523950 12209 40877 1520437 5934 96450 32305 104190
SRM_1831_300s_20x20det_1_2_12  12682 13252 17820 1529178 11916 40758 1521313 5916 96894 32399 103301
SRM_1831_300s_20x20det_1_2_13  12773 13388 17933 1530956 11996 40910 1523508 5770 97766 31862 105412
SRM_1831_300s_20x20det_1_2_14  12798 13264 17927 1526816 11872 41159 1518455 5974 96809 31606 103769
SRM_1831_300s_20x20det_1_2_15  12586 13313 17778 1525667 12315 40531 1517814 5796 97155 32595 103186
SRM_1831_300s_20x20det_1_2_16  12566 13300 18028 1518313 11733 40647 1512803 5864 95777 32100 104454
SRM_1831_300s_20x20det_1_2_17  12768 13392 17881 1527182 11706 40827 1516854 5993 96807 32320 103898
SRM_1831_300s_20x20det_1_2_18  12649 13353 17633 1528149 11869 40500 1522444 5761 97014 31582 104043
SRM_1831_300s_20x20det_1_2_19  13033 13098 17915 1530102 12309 40795 1525364 5885 96898 32314 104869
SRM_1831_300s_20x20det_1_2_2   12766 13438 18179 1527014 11961 40532 1520572 5656 96987 31908 104273
SRM_1831_300s_20x20det_1_2_3   12795 13468 17932 1531485 11709 41061 1524511 6052 96941 32114 103928
SRM_1831_300s_20x20det_1_2_4   12977 13158 18213 1525781 12383 40962 1519061 5658 97588 31948 103687
SRM_1831_300s_20x20det_1_2_5   12878 13270 17962 1527582 12096 40817 1519467 5985 96270 32558 103858
SRM_1831_300s_20x20det_1_2_6   12821 13273 17886 1530706 11659 40627 1521286 5975 96500 32111 104136
SRM_1831_300s_20x20det_1_2_7   12750 13272 17800 1526003 11720 40515 1518732 5956 96476 31888 103651
SRM_1831_300s_20x20det_1_2_8   12882 13301 17821 1529051 12086 40391 1519239 5916 96982 32817 104030
SRM_1831_300s_20x20det_1_2_9   12788 13220 17897 1530229 12164 40655 1520489 5860 97329 31929 104147
SRM_1831_300s_20x20det_1_3_0   12799 13421 18107 1527061 11894 40581 1523657 5923 97164 31854 105227
SRM_1831_300s_20x20det_1_3_1   12972 13337 18043 1529095 11780 40926 1523101 5981 96613 31518 104394
SRM_1831_300s_20x20det_1_3_10  12771 13486 17864 1528694 12089 41021 1522569 5644 97297 31112 103494
SRM_1831_300s_20x20det_1_3_11  12854 13482 17889 1530074 12227 40789 1523505 6180 96027 31616 103365
SRM_1831_300s_20x20det_1_3_12  12733 13309 17868 1532200 12259 40896 1522057 6029 96226 32475 103992
SRM_1831_300s_20x20det_1_3_13  12862 13141 18040 1527471 11892 41122 1519578 6059 96625 32742 104066
SRM_1831_300s_20x20det_1_3_14  12789 13271 18054 1527537 12596 41248 1520561 5831 96637 32096 102918
SRM_1831_300s_20x20det_1_3_15  12768 13444 17855 1532155 12017 41014 1518131 5962 97396 31875 103793
SRM_1831_300s_20x20det_1_3_16  12783 13223 17955 1529280 11971 40832 1521809 6032 97008 32429 102633
SRM_1831_300s_20x20det_1_3_17  12623 13525 17820 1529045 12036 40417 1517980 5795 96686 31848 104777
SRM_1831_300s_20x20det_1_3_18  12858 13476 18073 1528625 12069 40724 1523004 5767 97167 33128 103921
SRM_1831_300s_20x20det_1_3_19  12702 13598 17850 1529230 12199 40835 1522945 6032 96672 32001 103554
SRM_1831_300s_20x20det_1_3_2   12986 13424 18178 1528369 11590 40714 1522721 5964 97807 31663 104210
SRM_1831_300s_20x20det_1_3_3   12818 13457 17931 1532050 11919 40721 1522248 5903 97065 32145 104932
SRM_1831_300s_20x20det_1_3_4   12773 13003 17968 1529872 12131 41257 1521616 6211 96217 33281 104666
SRM_1831_300s_20x20det_1_3_5   13012 13276 18291 1529168 11975 40843 1522766 5723 97183 32329 104339
SRM_1831_300s_20x20det_1_3_6   12899 13438 17763 1531011 11897 40781 1520033 6137 96922 31876 103885
SRM_1831_300s_20x20det_1_3_7   12711 13195 17731 1526949 12039 40785 1521854 6306 96440 32894 103501
SRM_1831_300s_20x20det_1_3_8   12946 13199 17677 1528734 11949 40455 1521764 5872 96423 31894 104022
SRM_1831_300s_20x20det_1_3_9   12888 13154 17859 1531380 11702 40766 1522816 5799 97312 31878 103672
SRM_1831_300s_20x20det_1_4_0   12961 13526 18094 1528425 12344 40610 1523390 5816 97430 31882 105463
SRM_1831_300s_20x20det_1_4_1   12892 13294 17885 1528928 11964 40603 1521593 6098 96159 32123 104756
SRM_1831_300s_20x20det_1_4_10  12644 13502 17886 1528029 12137 41331 1518481 6259 96024 31401 104935
SRM_1831_300s_20x20det_1_4_11  12708 13402 18122 1526611 12005 40667 1516619 6041 96500 32299 103742
SRM_1831_300s_20x20det_1_4_12  12890 13717 18029 1526696 12220 40731 1519984 6226 97561 31688 103110
SRM_1831_300s_20x20det_1_4_13  12687 13225 17783 1527834 11686 40700 1521089 6077 96848 31591 104157
SRM_1831_300s_20x20det_1_4_14  12635 13268 17741 1527251 12008 40588 1519513 5999 96901 32887 103469
SRM_1831_300s_20x20det_1_4_15  12786 13508 17805 1526614 12302 40475 1519975 6136 97545 32243 103833
SRM_1831_300s_20x20det_1_4_16  12458 13037 17142 1504251 11943 40502 1520421 5972 97099 32245 103311
SRM_1831_300s_20x20det_1_4_17  12874 13269 17888 1526283 12143 40436 1518418 6055 96672 31856 104283
SRM_1831_300s_20x20det_1_4_18  12678 13306 17954 1528685 12231 40505 1521346 6039 96791 31838 104499
SRM_1831_300s_20x20det_1_4_19  12635 13210 18105 1531719 12099 40602 1523873 5728 97199 32546 104385
SRM_1831_300s_20x20det_1_4_2   12698 13390 17745 1527422 11848 40746 1522806 5886 96918 32077 105474
SRM_1831_300s_20x20det_1_4_3   12742 13233 17804 1528605 12068 40657 1519495 6046 96754 32000 102959
SRM_1831_300s_20x20det_1_4_4   12547 13411 17974 1522440 12135 40741 1514338 5440 96267 31917 103317
SRM_1831_300s_20x20det_1_4_5   12862 13330 17869 1524859 11982 40837 1518501 6054 96520 32305 103225
SRM_1831_300s_20x20det_1_4_6   12771 13417 17932 1524027 11861 40498 1518375 5893 96149 32064 103264
SRM_1831_300s_20x20det_1_4_7   12742 13200 17729 1527394 11757 40981 1520739 5776 96538 32292 104031
SRM_1831_300s_20x20det_1_4_8   12641 13419 17668 1525687 11891 40600 1520408 6058 96829 31232 104222
SRM_1831_300s_20x20det_1_4_9   12703 13654 18057 1527593 12070 41044 1515852 5770 96655 32024 103101
SRM_1831_300s_20x20det_1_5_0   12997 13345 18207 1530830 12189 40729 1522775 5894 97468 31465 105064
SRM_1831_300s_20x20det_1_5_1   12899 13577 18021 1529730 11808 40360 1524546 5676 96856 31589 103662
SRM_1831_300s_20x20det_1_5_10  12698 13323 17836 1527237 11834 40785 1518986 6070 97147 32145 103526
SRM_1831_300s_20x20det_1_5_11  12837 13170 18047 1533409 12083 40944 1525629 6026 98111 32305 104163
SRM_1831_300s_20x20det_1_5_12  12723 13248 18025 1528213 12095 40340 1520129 5694 96644 31308 104245
SRM_1831_300s_20x20det_1_5_13  12782 13303 18064 1528317 11890 40651 1520136 5794 96541 32147 103983
SRM_1831_300s_20x20det_1_5_14  12851 13538 17833 1532373 12026 41246 1525448 6225 97466 32229 104048
SRM_1831_300s_20x20det_1_5_15  12788 13161 18171 1529989 12396 40599 1522815 5500 96306 31978 104148
SRM_1831_300s_20x20det_1_5_16  12797 13231 17938 1524815 12259 40695 1517625 6045 97684 31936 104565
SRM_1831_300s_20x20det_1_5_17  12866 13283 17740 1527772 12007 40623 1521312 5596 96793 31249 103746
SRM_1831_300s_20x20det_1_5_18  12870 13381 17839 1529361 11980 40787 1518785 6118 97295 32461 103634
SRM_1831_300s_20x20det_1_5_19  12718 13220 17593 1526926 12139 40605 1520627 5958 96468 32091 104138
SRM_1831_300s_20x20det_1_5_2   12623 13268 17959 1529427 12154 40520 1520282 5870 97030 32172 103668
SRM_1831_300s_20x20det_1_5_3   12739 13405 17815 1525484 12120 40738 1521532 5799 96801 32055 104401
SRM_1831_300s_20x20det_1_5_4   13107 13334 17882 1530164 11817 40723 1521508 6202 96827 31608 103977
SRM_1831_300s_20x20det_1_5_5   12603 13281 18112 1524190 11866 41166 1518355 6207 97662 31997 104775
SRM_1831_300s_20x20det_1_5_6   12389 13116 17735 1527380 11986 40716 1520586 5995 96392 31809 104665
SRM_1831_300s_20x20det_1_5_7    1812  1975  2608  217806  1724  5770  216832  944 14183  5117  15518
SRM_1831_300s_20x20det_1_5_8   12845 13016 17882 1527715 11887 40601 1519301 5955 96735 32200 104220
SRM_1831_300s_20x20det_1_5_9   12537 13286 18087 1526671 11857 40712 1518648 5813 96716 31271 103788
SRM_1831_300s_20x20det_1_6_0   12852 13422 18199 1530137 12025 40725 1524125 5821 96719 31731 105695
SRM_1831_300s_20x20det_1_6_1   12808 13058 17908 1528237 11803 40339 1521081 5713 97235 32220 105087
SRM_1831_300s_20x20det_1_6_10  12576 13446 17877 1529210 12117 40374 1520320 5770 96970 32204 103596
SRM_1831_300s_20x20det_1_6_11  12615 13543 17686 1526268 12037 40672 1520805 5730 96185 32295 103862
SRM_1831_300s_20x20det_1_6_12  12715 13319 18121 1532074 12093 41115 1522663 5670 96924 32297 103639
SRM_1831_300s_20x20det_1_6_13  12839 13380 18097 1528304 11937 41196 1518287 6138 96986 32419 103837
SRM_1831_300s_20x20det_1_6_14  12654 13384 18063 1532897 12297 40783 1523999 5822 97100 31582 103467
SRM_1831_300s_20x20det_1_6_15  12625 13356 17933 1530892 11923 40832 1521460 5887 97328 31662 104227
SRM_1831_300s_20x20det_1_6_16  12552 13320 17889 1528730 11848 40562 1519771 5969 96337 31742 104274
SRM_1831_300s_20x20det_1_6_17  12795 13222 17908 1526997 11920 40702 1519298 6191 96481 31852 103076
SRM_1831_300s_20x20det_1_6_18  12698 13518 18244 1530834 11969 40765 1521918 6133 96656 33576 104234
SRM_1831_300s_20x20det_1_6_19  12640 13252 17667 1529429 11871 41079 1521132 6018 96113 32094 103586
SRM_1831_300s_20x20det_1_6_2   12712 13257 17991 1529074 12037 40718 1520630 6040 96874 31306 103175
SRM_1831_300s_20x20det_1_6_3   12752 13429 17989 1527790 11690 41270 1518730 5526 96572 32289 103715
SRM_1831_300s_20x20det_1_6_4   12641 13546 17738 1530072 11811 40755 1520878 5864 96976 31856 104270
SRM_1831_300s_20x20det_1_6_5   12753 13387 18208 1526519 12017 40747 1516511 5878 96736 32689 103604
SRM_1831_300s_20x20det_1_6_6   12629 13359 17727 1526869 11800 40406 1520025 5786 96561 32187 103413
SRM_1831_300s_20x20det_1_6_7   12702 13316 17962 1527810 11904 40961 1518930 5918 96672 32079 103592
SRM_1831_300s_20x20det_1_6_8   12685 13312 18024 1530804 12038 40616 1522888 5752 97491 32128 103936
SRM_1831_300s_20x20det_1_6_9   12465 13291 17885 1527471 11984 40833 1519508 5968 95931 32899 104533
SRM_1831_300s_20x20det_1_7_0   12767 13417 18226 1528865 11922 40513 1518781 6099 96620 32474 105115
SRM_1831_300s_20x20det_1_7_1   12763 13702 17733 1531929 12018 40993 1522499 5933 97029 31587 105150
SRM_1831_300s_20x20det_1_7_10  12915 13515 17615 1528999 11957 40599 1520511 5765 96745 31931 103931
SRM_1831_300s_20x20det_1_7_11  12741 13487 17701 1529964 12102 41189 1523414 6427 97180 31597 104647
SRM_1831_300s_20x20det_1_7_12  12908 13386 18003 1530939 12038 40566 1524071 5603 96796 32137 104311
SRM_1831_300s_20x20det_1_7_13  12750 13264 18040 1528699 12034 40650 1521560 5734 97379 31776 104112
SRM_1831_300s_20x20det_1_7_14  12699 13555 18028 1529869 11779 40947 1521871 5656 96509 32688 103982
SRM_1831_300s_20x20det_1_7_15  12749 13244 17843 1527494 11921 40896 1521119 6260 96692 32433 104176
SRM_1831_300s_20x20det_1_7_16  12611 13111 17745 1529410 12024 40833 1520856 5767 96620 31756 103184
SRM_1831_300s_20x20det_1_7_17  12779 13157 17949 1524956 12346 40620 1516509 6387 96977 31895 103417
SRM_1831_300s_20x20det_1_7_18  12721 13234 17869 1529649 11806 40665 1521721 5965 96899 32003 105078
SRM_1831_300s_20x20det_1_7_19  12863 13373 17566 1530706 11695 40868 1523656 5690 96805 31313 104432
SRM_1831_300s_20x20det_1_7_2   12877 13164 17995 1528998 12134 40657 1522750 5757 96612 31729 104442
SRM_1831_300s_20x20det_1_7_3   12461 13579 17947 1530941 11735 40595 1522451 5836 96808 32167 104425
SRM_1831_300s_20x20det_1_7_4   12693 13486 17903 1530799 12098 41034 1521106 6297 97399 31805 104213
SRM_1831_300s_20x20det_1_7_5   12856 13343 18138 1531134 12143 40906 1522998 5961 96581 33185 103538
SRM_1831_300s_20x20det_1_7_6   12648 13549 17788 1529279 12100 40256 1519990 6007 97026 32212 103622
SRM_1831_300s_20x20det_1_7_7   12757 13260 17927 1528183 11951 40594 1520411 5841 95869 32065 103536
SRM_1831_300s_20x20det_1_7_8   12653 13170 17913 1532222 11905 40752 1522666 5756 97709 32367 103931
SRM_1831_300s_20x20det_1_7_9   13005 13425 18085 1532639 11567 40913 1522880 6222 97188 32871 103982
SRM_1831_300s_20x20det_1_8_0   12882 13390 17987 1529638 12303 40733 1523127 6304 96372 31835 104726
SRM_1831_300s_20x20det_1_8_1   12780 13483 18086 1529840 12084 40484 1522031 5924 97057 33187 103950
SRM_1831_300s_20x20det_1_8_10  12957 13329 18106 1530429 11967 40572 1521827 6150 96911 31817 104000
SRM_1831_300s_20x20det_1_8_11  12685 13226 18125 1530316 12061 40723 1522842 5658 96454 32308 103740
SRM_1831_300s_20x20det_1_8_12  13105 13194 17940 1529601 12206 40935 1519839 5725 96407 31477 103942
SRM_1831_300s_20x20det_1_8_13  12713 13339 17836 1530149 11885 40813 1521977 5602 96948 32557 104690
SRM_1831_300s_20x20det_1_8_14  12745 13433 18207 1529535 12122 40630 1522919 5961 97001 31964 103656
SRM_1831_300s_20x20det_1_8_15  13089 13303 17456 1528913 12073 40444 1522958 5809 96721 31670 104084
SRM_1831_300s_20x20det_1_8_16  12655 13127 17958 1528065 12320 40794 1519630 6316 97065 32288 103180
SRM_1831_300s_20x20det_1_8_17  12775 13183 17931 1524470 11969 40691 1519197 6336 96806 31882 103397
SRM_1831_300s_20x20det_1_8_18  12650 13083 18000 1529168 12005 41001 1521296 5981 96378 32325 103744
SRM_1831_300s_20x20det_1_8_19  12549 13196 17957 1528441 11629 40498 1520897 6080 97165 32214 103437
SRM_1831_300s_20x20det_1_8_2   12894 13301 18121 1529062 12104 40574 1522000 5891 96573 32109 103624
SRM_1831_300s_20x20det_1_8_3   12640 13212 17494 1528875 11802 40709 1520640 5678 97602 31952 103459
SRM_1831_300s_20x20det_1_8_4   12681 13391 18101 1530951 12306 40354 1520932 5605 96413 31244 103622
SRM_1831_300s_20x20det_1_8_5   12729 13349 17903 1531812 11961 40461 1525241 5768 97466 32419 104401
SRM_1831_300s_20x20det_1_8_6   12989 13462 18226 1531542 12376 40824 1523660 5802 97003 32291 104668
SRM_1831_300s_20x20det_1_8_7   12655 13266 17889 1530911 11893 40973 1521504 5618 95971 32538 103779
SRM_1831_300s_20x20det_1_8_8   12763 13247 17847 1531276 11925 41035 1520936 5843 96720 32075 104361
SRM_1831_300s_20x20det_1_8_9   12642 13181 18023 1533299 12040 40693 1524727 6341 96844 32033 104317
SRM_1831_300s_20x20det_1_9_0   12926 13527 18171 1532795 12264 41153 1523807 5989 97055 31980 105383
SRM_1831_300s_20x20det_1_9_1   12917 13459 18074 1528935 12099 40738 1523602 5891 96847 32320 104946
SRM_1831_300s_20x20det_1_9_10  12689 13325 18009 1529679 12278 40860 1522206 6002 97067 32183 103855
SRM_1831_300s_20x20det_1_9_11  12801 13239 18101 1530610 12015 40748 1520906 5854 96740 32281 103690
SRM_1831_300s_20x20det_1_9_12  12921 13455 18121 1530782 12186 40426 1521255 6118 96806 31990 103910
SRM_1831_300s_20x20det_1_9_13  12781 13340 17926 1527419 12332 40659 1518533 5595 96596 32543 103815
SRM_1831_300s_20x20det_1_9_14  12759 13372 18066 1528019 12008 40832 1520680 5783 96549 31992 103004
SRM_1831_300s_20x20det_1_9_15  12743 13324 17706 1528087 11921 40393 1517019 6005 96494 31657 103635
SRM_1831_300s_20x20det_1_9_16  12745 13299 17597 1530367 12006 40874 1524132 6372 97531 32770 104658
SRM_1831_300s_20x20det_1_9_17  12287 12840 17190 1490487 11882 40296 1513487 5642 97099 31773 103553
SRM_1831_300s_20x20det_1_9_18  12892 13584 18028 1529676 12035 40814 1520892 6207 96182 31717 104011
SRM_1831_300s_20x20det_1_9_19  12874 13339 17538 1531337 11984 40765 1520744 5785 96408 32033 103772
SRM_1831_300s_20x20det_1_9_2   12762 13421 18138 1528555 12081 40694 1520659 6128 97019 31933 104241
SRM_1831_300s_20x20det_1_9_3   12760 13310 17784 1531724 11748 41007 1523661 6091 97539 32756 104166
SRM_1831_300s_20x20det_1_9_4   13011 13435 18128 1532231 11974 41239 1519019 6194 96876 31210 104227
SRM_1831_300s_20x20det_1_9_5   12676 13387 18014 1529164 12200 40797 1520729 5982 96436 31892 104447
SRM_1831_300s_20x20det_1_9_6   12785 13446 17936 1532584 11964 40409 1523501 5808 96103 31780 103964
SRM_1831_300s_20x20det_1_9_7   12741 13261 17783 1527557 12078 40549 1521332 6122 97487 32913 103689
SRM_1831_300s_20x20det_1_9_8   12644 13189 17873 1531377 11876 40684 1522288 6106 96469 31668 104725
SRM_1831_300s_20x20det_1_9_9   12819 13220 18122 1527204 11746 40735 1521787 6124 96262 31810 104352


Mean value:                    12711 13265 17848 1522327 11978 40562 1514628 5898 96433 31946 103652
Std. Abw.:                       788   822  1102   92835   773  2474   92029  400  5857  1943   6288
Std. Abw. rel. [%]:             6.20  6.19  6.17    6.10  6.45  6.10    6.08 6.79  6.07  6.08   6.07
Conf. interval:                   39    41    55    4642    39   124    4601   20   293    97    314
