ROI net sum

Spectrum                                 Na   Mg    Al      Si     K      Ca   Ti    Fe    Sr    Zr    Rh
---------------------------------------------------------------------------------------------------------
SRM_1831_300s_100_repeat_Rh_FE_D1_0_0  8559 8895 12005 1028697 27623 1032185 3975 66628 21440  9697 68954
SRM_1831_300s_100_repeat_Rh_FE_D1_0_1  8347 8998 11906 1028067 27676 1031949 4373 66645 21246 10029 69391
SRM_1831_300s_100_repeat_Rh_FE_D1_0_10 8575 8987 12147 1022349 27561 1028818 3961 66235 21938 10340 69608
SRM_1831_300s_100_repeat_Rh_FE_D1_0_11 8478 8842 12120 1024804 27545 1029267 4208 66713 21864  9400 69158
SRM_1831_300s_100_repeat_Rh_FE_D1_0_12 8557 8914 12154 1024480 27602 1030094 4061 66910 22362 10289 68957
SRM_1831_300s_100_repeat_Rh_FE_D1_0_13 8462 9023 11834 1022183 27459 1029613 4119 66847 21630  9509 69188
SRM_1831_300s_100_repeat_Rh_FE_D1_0_14 8577 8862 11878 1024566 27132 1027201 4365 66827 21329 10131 69367
SRM_1831_300s_100_repeat_Rh_FE_D1_0_15 8406 8976 12032 1024554 27481 1031284 4299 66178 21356  9577 68944
SRM_1831_300s_100_repeat_Rh_FE_D1_0_16 8389 8880 11967 1025744 27270 1030529 3887 66858 21659  9991 68776
SRM_1831_300s_100_repeat_Rh_FE_D1_0_17 8360 8775 11909 1024840 27764 1029851 4006 66024 21875  9825 69404
SRM_1831_300s_100_repeat_Rh_FE_D1_0_18 8630 8939 11874 1026131 27647 1030840 4074 66664 21920 10938 69173
SRM_1831_300s_100_repeat_Rh_FE_D1_0_19 8613 8748 12060 1026868 27490 1030179 4167 66282 22124 10150 69823
SRM_1831_300s_100_repeat_Rh_FE_D1_0_2  8218 8910 11820 1028176 27638 1032143 3974 65972 22118  9917 69614
SRM_1831_300s_100_repeat_Rh_FE_D1_0_20 8530 9031 12218 1026174 27522 1031025 4049 65596 21543 10140 69891
SRM_1831_300s_100_repeat_Rh_FE_D1_0_21 8555 9003 11998 1026111 27391 1032308 3850 66311 21743 10164 69448
SRM_1831_300s_100_repeat_Rh_FE_D1_0_22 8239 8733 11969 1026317 27435 1031729 3966 66673 22441  9700 69900
SRM_1831_300s_100_repeat_Rh_FE_D1_0_23 8482 8986 12032 1026067 27588 1031081 4063 65598 22208 10392 69974
SRM_1831_300s_100_repeat_Rh_FE_D1_0_24 8627 8937 12019 1025346 27744 1031380 4018 66889 21859  9618 69470
SRM_1831_300s_100_repeat_Rh_FE_D1_0_25 8479 8812 11989 1025034 27147 1033680 4056 66574 21928  9849 69712
SRM_1831_300s_100_repeat_Rh_FE_D1_0_26 8478 8929 11852 1026081 27545 1030899 4021 66314 21480  9564 69642
SRM_1831_300s_100_repeat_Rh_FE_D1_0_27 8722 8956 11952 1026378 27802 1031888 3946 66736 21242  9632 69262
SRM_1831_300s_100_repeat_Rh_FE_D1_0_28 8129 9099 11861 1027649 27620 1032317 4079 66560 21418  9546 69964
SRM_1831_300s_100_repeat_Rh_FE_D1_0_29 8485 8866 11885 1025690 27313 1031212 3981 66200 21838 10653 69693
SRM_1831_300s_100_repeat_Rh_FE_D1_0_3  8423 8948 11928 1026997 27279 1032949 4010 67314 22678 10045 69351
SRM_1831_300s_100_repeat_Rh_FE_D1_0_30 8610 9193 12056 1023259 27507 1029856 4196 66484 21750  9781 69188
SRM_1831_300s_100_repeat_Rh_FE_D1_0_31 8411 8901 11873 1025511 27246 1032524 4312 65992 21858  9526 69530
SRM_1831_300s_100_repeat_Rh_FE_D1_0_32 8481 8759 11995 1026451 27528 1029579 4052 66835 21800  9468 69286
SRM_1831_300s_100_repeat_Rh_FE_D1_0_33 8411 8872 11992 1026326 27295 1032641 3835 66651 22584 10124 69973
SRM_1831_300s_100_repeat_Rh_FE_D1_0_34 8629 9189 11773 1024771 27311 1031919 4008 66611 21522  8990 69791
SRM_1831_300s_100_repeat_Rh_FE_D1_0_35 8437 8811 12079 1028023 27489 1031139 4054 66501 21769 10294 69393
SRM_1831_300s_100_repeat_Rh_FE_D1_0_36 8494 9013 12159 1022818 27748 1031005 4151 66396 21857 10447 69261
SRM_1831_300s_100_repeat_Rh_FE_D1_0_37 8602 8910 11755 1026249 27584 1031963 4061 67295 21763  9998 69354
SRM_1831_300s_100_repeat_Rh_FE_D1_0_38 8359 8871 11961 1026265 27224 1033210 4195 66465 22587 10799 69873
SRM_1831_300s_100_repeat_Rh_FE_D1_0_39 8388 8911 11740 1024844 27072 1031457 4073 66312 21779 10334 69841
SRM_1831_300s_100_repeat_Rh_FE_D1_0_4  8457 8749 11963 1027194 27544 1030907 4401 66115 21696 10430 69300
SRM_1831_300s_100_repeat_Rh_FE_D1_0_40 8349 8957 11832 1025020 27412 1028192 3921 66515 22173 10276 69206
SRM_1831_300s_100_repeat_Rh_FE_D1_0_41 8587 8886 11783 1026903 27448 1030813 3864 66575 22032 10660 70238
SRM_1831_300s_100_repeat_Rh_FE_D1_0_42 8413 8874 12065 1025321 27316 1030919 4310 66032 21912 10213 69231
SRM_1831_300s_100_repeat_Rh_FE_D1_0_43 8388 8758 11960 1022920 27764 1030096 4086 66280 20847  9091 69292
SRM_1831_300s_100_repeat_Rh_FE_D1_0_44 8457 8790 11953 1025006 27267 1030253 4031 66201 21680  9702 70103
SRM_1831_300s_100_repeat_Rh_FE_D1_0_45 8596 8726 11854 1023163 27503 1027877 4070 66486 21675 10914 69554
SRM_1831_300s_100_repeat_Rh_FE_D1_0_46 8679 8907 12141 1023816 27633 1031482 4062 66995 21985  9625 69370
SRM_1831_300s_100_repeat_Rh_FE_D1_0_47 8483 8774 11913 1029129 27703 1030542 3819 66785 21605  9767 69757
SRM_1831_300s_100_repeat_Rh_FE_D1_0_48 8442 8957 11871 1027290 27452 1031410 4301 66609 22563 10029 69872
SRM_1831_300s_100_repeat_Rh_FE_D1_0_49 8432 8989 11828 1026415 27408 1031951 4112 66666 22191  9957 69916
SRM_1831_300s_100_repeat_Rh_FE_D1_0_5  8266 8722 11889 1027572 27520 1031436 3930 66210 22192  9837 69413
SRM_1831_300s_100_repeat_Rh_FE_D1_0_50 8771 9027 11953 1026898 27503 1030469 4111 66276 21922 10100 69200
SRM_1831_300s_100_repeat_Rh_FE_D1_0_51 8420 8821 12119 1026989 27796 1031248 4073 65848 20898  9705 69134
SRM_1831_300s_100_repeat_Rh_FE_D1_0_52 8451 8904 11947 1028240 27464 1030972 4293 66429 21679  9757 68987
SRM_1831_300s_100_repeat_Rh_FE_D1_0_53 8519 8954 12053 1023266 27291 1030104 3991 66590 21871  9697 69656
SRM_1831_300s_100_repeat_Rh_FE_D1_0_54 8529 8942 12074 1026474 27525 1031857 3890 66878 22139  9990 69403
SRM_1831_300s_100_repeat_Rh_FE_D1_0_55 8383 9069 11926 1025709 27682 1031789 4039 66340 21841  9321 68628
SRM_1831_300s_100_repeat_Rh_FE_D1_0_56 8597 8947 11824 1026125 27629 1031357 3950 66286 21740  9661 69194
SRM_1831_300s_100_repeat_Rh_FE_D1_0_57 8672 9020 12140 1028955 27420 1030565 3937 65585 21754  9528 69466
SRM_1831_300s_100_repeat_Rh_FE_D1_0_58 8532 8915 12112 1024950 27630 1032137 4152 66890 21882  9608 69715
SRM_1831_300s_100_repeat_Rh_FE_D1_0_59 8631 8893 11962 1026587 27740 1031881 4049 67015 22083 10418 69271
SRM_1831_300s_100_repeat_Rh_FE_D1_0_6  8527 9067 12043 1025834 27569 1030787 4141 66683 21640  9477 69464
SRM_1831_300s_100_repeat_Rh_FE_D1_0_60 8560 8959 11990 1024174 27443 1031167 4206 66513 21944  9508 69366
SRM_1831_300s_100_repeat_Rh_FE_D1_0_61 8454 9098 11924 1025080 27943 1033552 4005 66593 21996  9122 69488
SRM_1831_300s_100_repeat_Rh_FE_D1_0_62 8403 8825 11957 1025694 27869 1032409 4273 66602 21942 10416 70110
SRM_1831_300s_100_repeat_Rh_FE_D1_0_63 8507 9014 11926 1027482 27498 1030330 3912 66305 22122 10292 69511
SRM_1831_300s_100_repeat_Rh_FE_D1_0_64 8696 8916 12152 1027736 27648 1032854 4186 67040 21402 10502 69557
SRM_1831_300s_100_repeat_Rh_FE_D1_0_65 8653 8940 12025 1026751 27287 1031478 4211 67233 21798 10082 68969
SRM_1831_300s_100_repeat_Rh_FE_D1_0_66 8465 8987 12149 1026751 27562 1030712 4274 66905 22086 10419 69254
SRM_1831_300s_100_repeat_Rh_FE_D1_0_67 8584 8860 11863 1026592 27476 1032361 3932 66490 22134 10151 69268
SRM_1831_300s_100_repeat_Rh_FE_D1_0_68 8450 8973 12194 1027361 27845 1032058 4276 66715 21420  9894 69470
SRM_1831_300s_100_repeat_Rh_FE_D1_0_69 8555 8825 11979 1026283 27476 1030844 4218 65962 22403  9200 69455
SRM_1831_300s_100_repeat_Rh_FE_D1_0_7  8284 8872 11975 1025104 27623 1031201 3703 66148 21671 10044 69873
SRM_1831_300s_100_repeat_Rh_FE_D1_0_70 8517 9051 11906 1028460 27626 1032606 3826 67463 21579  9747 69470
SRM_1831_300s_100_repeat_Rh_FE_D1_0_71 8456 8908 11967 1025376 27507 1030080 4118 66721 21794  9861 69531
SRM_1831_300s_100_repeat_Rh_FE_D1_0_72 8409 8853 11817 1026739 27433 1031021 3886 66375 22105 10353 69087
SRM_1831_300s_100_repeat_Rh_FE_D1_0_73 8365 8882 11735 1026268 27300 1030714 3903 66801 22249 10418 69641
SRM_1831_300s_100_repeat_Rh_FE_D1_0_74 8436 8898 11808 1027246 27540 1030741 3904 65978 22402  9700 69150
SRM_1831_300s_100_repeat_Rh_FE_D1_0_75 8423 8859 12015 1025474 27246 1031714 3916 66505 21794 10400 69560
SRM_1831_300s_100_repeat_Rh_FE_D1_0_76 8426 8749 11947 1025852 27435 1030953 4078 66612 21126 10206 70362
SRM_1831_300s_100_repeat_Rh_FE_D1_0_77 8542 8875 11843 1026094 27775 1029947 3852 66277 21372 10647 69389
SRM_1831_300s_100_repeat_Rh_FE_D1_0_78 8587 9103 12013 1024574 27745 1027732 4041 66874 22001  9735 68956
SRM_1831_300s_100_repeat_Rh_FE_D1_0_79 8550 8826 11834 1027716 27402 1030492 4266 67314 21589  9468 69011
SRM_1831_300s_100_repeat_Rh_FE_D1_0_8  8384 8933 11877 1023943 27385 1029425 4185 65990 21756  9662 69211
SRM_1831_300s_100_repeat_Rh_FE_D1_0_80 8550 8704 11702 1026583 27969 1032310 4241 66310 21841  9044 69661
SRM_1831_300s_100_repeat_Rh_FE_D1_0_81 8545 8859 12295 1028987 27543 1033841 4395 66439 22150  9684 69650
SRM_1831_300s_100_repeat_Rh_FE_D1_0_82 8300 8961 11783 1028394 27643 1031047 4031 66268 21632 10353 69690
SRM_1831_300s_100_repeat_Rh_FE_D1_0_83 8420 8934 11976 1027043 27387 1030767 4254 66616 21357  9890 69521
SRM_1831_300s_100_repeat_Rh_FE_D1_0_84 8322 8941 12042 1028253 27599 1031543 4129 66709 22842  9980 69730
SRM_1831_300s_100_repeat_Rh_FE_D1_0_85 8667 8979 11865 1027126 27419 1029840 3968 66769 22008 10324 68780
SRM_1831_300s_100_repeat_Rh_FE_D1_0_86 8490 8981 11845 1028841 27676 1030839 3917 65976 21913 10000 68880
SRM_1831_300s_100_repeat_Rh_FE_D1_0_87 8488 9107 11931 1026982 27445 1032653 3994 66448 21837  9462 69846
SRM_1831_300s_100_repeat_Rh_FE_D1_0_88 8537 9110 12090 1025461 27120 1032212 4131 66291 21746  9675 69549
SRM_1831_300s_100_repeat_Rh_FE_D1_0_89 8631 8843 12153 1029065 27116 1032022 4041 66315 22242 10601 70041
SRM_1831_300s_100_repeat_Rh_FE_D1_0_9  8426 8713 11899 1023816 27124 1030460 4026 66071 22003  9539 69871
SRM_1831_300s_100_repeat_Rh_FE_D1_0_90 8484 9073 11967 1026434 27453 1030996 4030 65772 22022 10122 69442
SRM_1831_300s_100_repeat_Rh_FE_D1_0_91 8546 8920 11883 1025430 27876 1031422 3921 66811 21853  9837 69679
SRM_1831_300s_100_repeat_Rh_FE_D1_0_92 8609 8869 12121 1026701 27503 1031361 3710 66060 21822 10256 69398
SRM_1831_300s_100_repeat_Rh_FE_D1_0_93 8605 8739 11999 1026658 27406 1030852 4257 65919 21677  9832 69427
SRM_1831_300s_100_repeat_Rh_FE_D1_0_94 8336 8871 11890 1026748 27502 1029892 4269 66563 21477  9464 69609
SRM_1831_300s_100_repeat_Rh_FE_D1_0_95 8417 8742 12011 1025701 27815 1030714 3998 65756 21966  9888 69711
SRM_1831_300s_100_repeat_Rh_FE_D1_0_96 8442 8975 11623 1025100 27528 1030230 3960 66201 21949  9999 69447
SRM_1831_300s_100_repeat_Rh_FE_D1_0_97 8441 9130 12070 1027310 27801 1031164 4035 66581 22166  9986 69563
SRM_1831_300s_100_repeat_Rh_FE_D1_0_98 8292 8938 11935 1026236 27639 1028888 4001 66030 21390  9105 69238
SRM_1831_300s_100_repeat_Rh_FE_D1_0_99 8529 8751 11942 1025212 27439 1029075 4172 65980 21639 10764 68988


Mean value:                            8485 8915 11959 1026124 27516 1031053 4066 66467 21847  9943 69469
Std. Abw.:                              115  109   123    1532   192    1228  150   390   356   428   337
Std. Abw. rel. [%]:                    1.36 1.22  1.03    0.15  0.70    0.12 3.68  0.59  1.63  4.30  0.49
Conf. interval:                          12   11    12     153    19     123   15    39    36    43    34
