Net counts

Spectrum                            Si      Ca     Rh
-----------------------------------------------------
SRM_1831_300s_20x20det_1_0_0   1658759 1819528 117948
SRM_1831_300s_20x20det_1_0_1   1652514 1818754 119765
SRM_1831_300s_20x20det_1_0_10  1659391 1822695 119063
SRM_1831_300s_20x20det_1_0_11  1657514 1829239 119433
SRM_1831_300s_20x20det_1_0_12  1660947 1828444 119259
SRM_1831_300s_20x20det_1_0_13  1655264 1827939 119005
SRM_1831_300s_20x20det_1_0_14  1655124 1825386 119627
SRM_1831_300s_20x20det_1_0_15  1657189 1827352 119350
SRM_1831_300s_20x20det_1_0_16  1656961 1826502 119252
SRM_1831_300s_20x20det_1_0_17  1655748 1822534 119881
SRM_1831_300s_20x20det_1_0_18  1660094 1829070 119317
SRM_1831_300s_20x20det_1_0_19  1657941 1826255 119978
SRM_1831_300s_20x20det_1_0_2   1650205 1814633 118696
SRM_1831_300s_20x20det_1_0_3   1660880 1824259 119806
SRM_1831_300s_20x20det_1_0_4   1654706 1824007 117944
SRM_1831_300s_20x20det_1_0_5   1653701 1823382 119621
SRM_1831_300s_20x20det_1_0_6   1659717 1830797 120161
SRM_1831_300s_20x20det_1_0_7   1658775 1828340 119100
SRM_1831_300s_20x20det_1_0_8   1662448 1829350 120398
SRM_1831_300s_20x20det_1_0_9   1614620 1820446 119286
SRM_1831_300s_20x20det_1_1_0   1654103 1830475 120403
SRM_1831_300s_20x20det_1_1_1   1657619 1829172 120672
SRM_1831_300s_20x20det_1_1_10  1654225 1826295 119113
SRM_1831_300s_20x20det_1_1_11  1655515 1825872 119263
SRM_1831_300s_20x20det_1_1_12  1653236 1825597 119894
SRM_1831_300s_20x20det_1_1_13  1656169 1826366 119032
SRM_1831_300s_20x20det_1_1_14  1655237 1824879 120025
SRM_1831_300s_20x20det_1_1_15  1655099 1827363 120420
SRM_1831_300s_20x20det_1_1_16  1655774 1827386 119043
SRM_1831_300s_20x20det_1_1_17  1653106 1820410 120926
SRM_1831_300s_20x20det_1_1_18  1653661 1825270 119593
SRM_1831_300s_20x20det_1_1_19  1651966 1824430 120233
SRM_1831_300s_20x20det_1_1_2   1660335 1826546 119739
SRM_1831_300s_20x20det_1_1_3   1654148 1826076 119690
SRM_1831_300s_20x20det_1_1_4   1656279 1829155 119491
SRM_1831_300s_20x20det_1_1_5   1654415 1824981 120302
SRM_1831_300s_20x20det_1_1_6   1657355 1823471 119580
SRM_1831_300s_20x20det_1_1_7   1652323 1824938 119832
SRM_1831_300s_20x20det_1_1_8   1654002 1826953 119433
SRM_1831_300s_20x20det_1_1_9   1653359 1825557 119936
SRM_1831_300s_20x20det_1_10_0  1658617 1827835 120735
SRM_1831_300s_20x20det_1_10_1   238511  263894  16672
SRM_1831_300s_20x20det_1_10_10 1640458 1821433 121065
SRM_1831_300s_20x20det_1_10_11 1653244 1823394 118915
SRM_1831_300s_20x20det_1_10_12 1654185 1826856 119632
SRM_1831_300s_20x20det_1_10_13 1653717 1825191 120850
SRM_1831_300s_20x20det_1_10_14 1657340 1826046 119597
SRM_1831_300s_20x20det_1_10_15 1654402 1823877 119865
SRM_1831_300s_20x20det_1_10_16 1656619 1824844 120350
SRM_1831_300s_20x20det_1_10_17 1652832 1823383 121069
SRM_1831_300s_20x20det_1_10_18 1649293 1823555 119639
SRM_1831_300s_20x20det_1_10_19 1657501 1825899 119720
SRM_1831_300s_20x20det_1_10_2  1656379 1823467 119592
SRM_1831_300s_20x20det_1_10_3  1653997 1825133 119719
SRM_1831_300s_20x20det_1_10_4  1656057 1820469 119818
SRM_1831_300s_20x20det_1_10_5  1656202 1821881 120024
SRM_1831_300s_20x20det_1_10_6  1652957 1823713 119039
SRM_1831_300s_20x20det_1_10_7  1653634 1825576 119619
SRM_1831_300s_20x20det_1_10_8  1657046 1822278 120062
SRM_1831_300s_20x20det_1_10_9  1656669 1824731 120445
SRM_1831_300s_20x20det_1_11_0  1649023 1817153 121295
SRM_1831_300s_20x20det_1_11_1  1655517 1824155 120140
SRM_1831_300s_20x20det_1_11_10 1655121 1824191 121070
SRM_1831_300s_20x20det_1_11_11 1657235 1827548 119935
SRM_1831_300s_20x20det_1_11_12 1654379 1823305 119504
SRM_1831_300s_20x20det_1_11_13 1656623 1823291 119330
SRM_1831_300s_20x20det_1_11_14 1657441 1825827 119024
SRM_1831_300s_20x20det_1_11_15 1652482 1824199 119700
SRM_1831_300s_20x20det_1_11_16 1653138 1825974 119413
SRM_1831_300s_20x20det_1_11_17 1598534 1816843 119755
SRM_1831_300s_20x20det_1_11_18 1655538 1827034 119922
SRM_1831_300s_20x20det_1_11_19 1653522 1823271 119351
SRM_1831_300s_20x20det_1_11_2  1650396 1821493 118567
SRM_1831_300s_20x20det_1_11_3  1653023 1825658 119618
SRM_1831_300s_20x20det_1_11_4  1651177 1819995 119638
SRM_1831_300s_20x20det_1_11_5  1656402 1824348 119887
SRM_1831_300s_20x20det_1_11_6  1655187 1825833 119647
SRM_1831_300s_20x20det_1_11_7  1656640 1823468 119329
SRM_1831_300s_20x20det_1_11_8  1655293 1822806 120049
SRM_1831_300s_20x20det_1_11_9  1647115 1817043 119704
SRM_1831_300s_20x20det_1_12_0  1653096 1822476 120699
SRM_1831_300s_20x20det_1_12_1  1654974 1827896 120590
SRM_1831_300s_20x20det_1_12_10 1659377 1827579 119558
SRM_1831_300s_20x20det_1_12_11 1650992 1821166 119052
SRM_1831_300s_20x20det_1_12_12 1654626 1822274 119509
SRM_1831_300s_20x20det_1_12_13 1656461 1824379 119553
SRM_1831_300s_20x20det_1_12_14 1653156 1822236 120141
SRM_1831_300s_20x20det_1_12_15 1653331 1822295 119770
SRM_1831_300s_20x20det_1_12_16 1651938 1821754 119588
SRM_1831_300s_20x20det_1_12_17 1652713 1825282 119292
SRM_1831_300s_20x20det_1_12_18 1651483 1822913 120179
SRM_1831_300s_20x20det_1_12_19 1642088 1819176 119932
SRM_1831_300s_20x20det_1_12_2  1657851 1827047 119622
SRM_1831_300s_20x20det_1_12_3  1654701 1826558 120101
SRM_1831_300s_20x20det_1_12_4  1652057 1820333 120621
SRM_1831_300s_20x20det_1_12_5  1653814 1823433 119250
SRM_1831_300s_20x20det_1_12_6  1655537 1822677 120828
SRM_1831_300s_20x20det_1_12_7  1657829 1823599 119940
SRM_1831_300s_20x20det_1_12_8  1654040 1820515 119767
SRM_1831_300s_20x20det_1_12_9  1654455 1825646 118435
SRM_1831_300s_20x20det_1_13_0  1654676 1824805 120951
SRM_1831_300s_20x20det_1_13_1  1653813 1825077 120014
SRM_1831_300s_20x20det_1_13_10 1659353 1826311 119664
SRM_1831_300s_20x20det_1_13_11 1659584 1826720 119085
SRM_1831_300s_20x20det_1_13_12 1645777 1820730 118527
SRM_1831_300s_20x20det_1_13_13 1659682 1826611 119604
SRM_1831_300s_20x20det_1_13_14 1655287 1824113 119563
SRM_1831_300s_20x20det_1_13_15 1657405 1823955 119845
SRM_1831_300s_20x20det_1_13_16 1656486 1828064 120531
SRM_1831_300s_20x20det_1_13_17 1654819 1823009 119569
SRM_1831_300s_20x20det_1_13_18 1660099 1827404 120384
SRM_1831_300s_20x20det_1_13_19 1657470 1827367 119662
SRM_1831_300s_20x20det_1_13_2  1652852 1824847 119545
SRM_1831_300s_20x20det_1_13_3  1655287 1820702 119034
SRM_1831_300s_20x20det_1_13_4  1652646 1821726 119133
SRM_1831_300s_20x20det_1_13_5  1653015 1821048 120073
SRM_1831_300s_20x20det_1_13_6  1655199 1824475 120238
SRM_1831_300s_20x20det_1_13_7  1649808 1824679 119840
SRM_1831_300s_20x20det_1_13_8  1656810 1825485 119329
SRM_1831_300s_20x20det_1_13_9  1652804 1823926 119639
SRM_1831_300s_20x20det_1_14_0  1659954 1827658 120685
SRM_1831_300s_20x20det_1_14_1  1654883 1825838 121013
SRM_1831_300s_20x20det_1_14_10 1658109 1825867 120714
SRM_1831_300s_20x20det_1_14_11 1656164 1823900 120450
SRM_1831_300s_20x20det_1_14_12 1658647 1822370 120082
SRM_1831_300s_20x20det_1_14_13 1659352 1826586 120158
SRM_1831_300s_20x20det_1_14_14 1659191 1826644 119581
SRM_1831_300s_20x20det_1_14_15 1655906 1823632 119339
SRM_1831_300s_20x20det_1_14_16 1657820 1826670 119216
SRM_1831_300s_20x20det_1_14_17 1657353 1823820 120267
SRM_1831_300s_20x20det_1_14_18 1656802 1825811 119707
SRM_1831_300s_20x20det_1_14_19 1657980 1825912 119781
SRM_1831_300s_20x20det_1_14_2  1652739 1825221 119333
SRM_1831_300s_20x20det_1_14_3  1656126 1823095 119790
SRM_1831_300s_20x20det_1_14_4  1654608 1824113 120279
SRM_1831_300s_20x20det_1_14_5  1655752 1821473 119292
SRM_1831_300s_20x20det_1_14_6  1656397 1824003 120507
SRM_1831_300s_20x20det_1_14_7  1650872 1824656 120195
SRM_1831_300s_20x20det_1_14_8  1654233 1821665 119701
SRM_1831_300s_20x20det_1_14_9  1603068 1814933 119437
SRM_1831_300s_20x20det_1_15_0  1658369 1826887 121287
SRM_1831_300s_20x20det_1_15_1  1659374 1825118 119482
SRM_1831_300s_20x20det_1_15_10 1654657 1822880 119122
SRM_1831_300s_20x20det_1_15_11 1652052 1822599 119202
SRM_1831_300s_20x20det_1_15_12 1652301 1822590 120470
SRM_1831_300s_20x20det_1_15_13 1655139 1822001 119505
SRM_1831_300s_20x20det_1_15_14 1651289 1820949 120605
SRM_1831_300s_20x20det_1_15_15 1653766 1825712 119178
SRM_1831_300s_20x20det_1_15_16 1658630 1828376 119882
SRM_1831_300s_20x20det_1_15_17 1658873 1825470 118626
SRM_1831_300s_20x20det_1_15_18 1655636 1823052 118861
SRM_1831_300s_20x20det_1_15_19 1660141 1827918 120025
SRM_1831_300s_20x20det_1_15_2  1654125 1829612 120520
SRM_1831_300s_20x20det_1_15_3  1655914 1824024 119921
SRM_1831_300s_20x20det_1_15_4  1652505 1823800 119581
SRM_1831_300s_20x20det_1_15_5  1656476 1825009 119416
SRM_1831_300s_20x20det_1_15_6  1656668 1829554 120039
SRM_1831_300s_20x20det_1_15_7  1656312 1824881 120438
SRM_1831_300s_20x20det_1_15_8  1654843 1822860 119587
SRM_1831_300s_20x20det_1_15_9  1654971 1821495 119703
SRM_1831_300s_20x20det_1_16_0  1657412 1826458 120527
SRM_1831_300s_20x20det_1_16_1  1656356 1825545 119825
SRM_1831_300s_20x20det_1_16_10 1656512 1825759 120110
SRM_1831_300s_20x20det_1_16_11 1658610 1826537 119324
SRM_1831_300s_20x20det_1_16_12 1655273 1827244 118541
SRM_1831_300s_20x20det_1_16_13 1525879 1806345 119688
SRM_1831_300s_20x20det_1_16_14 1657114 1824009 120780
SRM_1831_300s_20x20det_1_16_15 1654863 1824659 119549
SRM_1831_300s_20x20det_1_16_16 1659065 1825974 119737
SRM_1831_300s_20x20det_1_16_17 1655662 1825852 119313
SRM_1831_300s_20x20det_1_16_18 1660173 1827423 119806
SRM_1831_300s_20x20det_1_16_19 1655836 1825678 120006
SRM_1831_300s_20x20det_1_16_2  1657772 1825492 119932
SRM_1831_300s_20x20det_1_16_3  1650513 1820845 119040
SRM_1831_300s_20x20det_1_16_4  1658181 1827243 119235
SRM_1831_300s_20x20det_1_16_5  1657879 1823124 119411
SRM_1831_300s_20x20det_1_16_6  1655150 1823502 119690
SRM_1831_300s_20x20det_1_16_7  1653124 1825568 120215
SRM_1831_300s_20x20det_1_16_8  1656084 1825748 120510
SRM_1831_300s_20x20det_1_16_9  1655213 1822832 120159
SRM_1831_300s_20x20det_1_17_0  1659754 1829606 119718
SRM_1831_300s_20x20det_1_17_1  1657826 1827475 119903
SRM_1831_300s_20x20det_1_17_10 1659365 1825533 119277
SRM_1831_300s_20x20det_1_17_11 1660359 1826672 120621
SRM_1831_300s_20x20det_1_17_12 1659234 1827080 120409
SRM_1831_300s_20x20det_1_17_13 1657709 1825893 119278
SRM_1831_300s_20x20det_1_17_14 1659048 1828111 120021
SRM_1831_300s_20x20det_1_17_15 1654357 1823557 120624
SRM_1831_300s_20x20det_1_17_16 1660538 1824443 119286
SRM_1831_300s_20x20det_1_17_17 1657664 1823314 120331
SRM_1831_300s_20x20det_1_17_18 1657016 1824311 120056
SRM_1831_300s_20x20det_1_17_19 1658128 1824453 120122
SRM_1831_300s_20x20det_1_17_2  1659312 1827119 119947
SRM_1831_300s_20x20det_1_17_3  1661565 1827983 119759
SRM_1831_300s_20x20det_1_17_4  1652180 1820532 120171
SRM_1831_300s_20x20det_1_17_5  1659569 1830634 119714
SRM_1831_300s_20x20det_1_17_6  1658952 1824845 120395
SRM_1831_300s_20x20det_1_17_7  1657971 1823284 119711
SRM_1831_300s_20x20det_1_17_8  1657565 1822892 121101
SRM_1831_300s_20x20det_1_17_9  1660506 1830368 119734
SRM_1831_300s_20x20det_1_18_0  1657169 1827234 120771
SRM_1831_300s_20x20det_1_18_1  1652789 1822604 120431
SRM_1831_300s_20x20det_1_18_10 1655269 1820946 120327
SRM_1831_300s_20x20det_1_18_11 1656434 1825465 118872
SRM_1831_300s_20x20det_1_18_12 1658369 1819608 120269
SRM_1831_300s_20x20det_1_18_13 1656600 1822009 119430
SRM_1831_300s_20x20det_1_18_14 1655005 1824945 121266
SRM_1831_300s_20x20det_1_18_15 1653336 1819802 120312
SRM_1831_300s_20x20det_1_18_16 1651813 1820417 119637
SRM_1831_300s_20x20det_1_18_17 1655414 1822144 120082
SRM_1831_300s_20x20det_1_18_18 1654142 1823028 119640
SRM_1831_300s_20x20det_1_18_19 1653141 1822536 120496
SRM_1831_300s_20x20det_1_18_2  1657549 1827042 119520
SRM_1831_300s_20x20det_1_18_3  1654640 1820803 119178
SRM_1831_300s_20x20det_1_18_4  1659155 1824822 120041
SRM_1831_300s_20x20det_1_18_5  1652943 1825127 119320
SRM_1831_300s_20x20det_1_18_6  1656623 1821501 120462
SRM_1831_300s_20x20det_1_18_7  1648449 1823447 119375
SRM_1831_300s_20x20det_1_18_8  1657547 1821940 119540
SRM_1831_300s_20x20det_1_18_9  1655761 1823252 120203
SRM_1831_300s_20x20det_1_19_0  1657016 1822104 121029
SRM_1831_300s_20x20det_1_19_1  1653959 1820098 119749
SRM_1831_300s_20x20det_1_19_10 1654586 1820849 120256
SRM_1831_300s_20x20det_1_19_11 1659297 1825214 119606
SRM_1831_300s_20x20det_1_19_12 1658338 1822940 119482
SRM_1831_300s_20x20det_1_19_13 1660639 1826547 119929
SRM_1831_300s_20x20det_1_19_14 1655346 1824816 119821
SRM_1831_300s_20x20det_1_19_15 1652010 1815696 119923
SRM_1831_300s_20x20det_1_19_16 1657465 1822010 120900
SRM_1831_300s_20x20det_1_19_17 1654848 1820356 119058
SRM_1831_300s_20x20det_1_19_18 1659682 1827052 120943
SRM_1831_300s_20x20det_1_19_19 1659483 1829059 119590
SRM_1831_300s_20x20det_1_19_2  1655237 1822864 120500
SRM_1831_300s_20x20det_1_19_3  1651450 1819517 120105
SRM_1831_300s_20x20det_1_19_4  1653078 1822349 119554
SRM_1831_300s_20x20det_1_19_5  1659264 1825842 118922
SRM_1831_300s_20x20det_1_19_6  1653283 1822251 120057
SRM_1831_300s_20x20det_1_19_7  1654502 1822482 119720
SRM_1831_300s_20x20det_1_19_8  1653158 1821224 119374
SRM_1831_300s_20x20det_1_19_9  1657839 1825773 120025
SRM_1831_300s_20x20det_1_2_0   1655156 1829513 119839
SRM_1831_300s_20x20det_1_2_1   1655997 1827459 120860
SRM_1831_300s_20x20det_1_2_10  1654639 1827285 119885
SRM_1831_300s_20x20det_1_2_11  1649360 1823077 119892
SRM_1831_300s_20x20det_1_2_12  1654342 1824307 118487
SRM_1831_300s_20x20det_1_2_13  1655878 1827791 120567
SRM_1831_300s_20x20det_1_2_14  1653114 1819988 119779
SRM_1831_300s_20x20det_1_2_15  1651843 1821806 119296
SRM_1831_300s_20x20det_1_2_16  1642999 1814265 119907
SRM_1831_300s_20x20det_1_2_17  1652761 1819449 119337
SRM_1831_300s_20x20det_1_2_18  1653595 1825814 119287
SRM_1831_300s_20x20det_1_2_19  1655750 1829717 121034
SRM_1831_300s_20x20det_1_2_2   1651909 1823879 120057
SRM_1831_300s_20x20det_1_2_3   1657458 1829917 119036
SRM_1831_300s_20x20det_1_2_4   1651215 1823458 119375
SRM_1831_300s_20x20det_1_2_5   1652653 1822671 119415
SRM_1831_300s_20x20det_1_2_6   1656613 1824234 119570
SRM_1831_300s_20x20det_1_2_7   1651222 1822708 119669
SRM_1831_300s_20x20det_1_2_8   1654691 1822869 120132
SRM_1831_300s_20x20det_1_2_9   1655826 1825204 119873
SRM_1831_300s_20x20det_1_3_0   1652339 1826901 120436
SRM_1831_300s_20x20det_1_3_1   1654572 1827854 119766
SRM_1831_300s_20x20det_1_3_10  1654068 1825846 119211
SRM_1831_300s_20x20det_1_3_11  1655825 1828777 118602
SRM_1831_300s_20x20det_1_3_12  1658555 1823882 119378
SRM_1831_300s_20x20det_1_3_13  1652686 1821803 119594
SRM_1831_300s_20x20det_1_3_14  1653389 1823819 118406
SRM_1831_300s_20x20det_1_3_15  1657237 1822776 119854
SRM_1831_300s_20x20det_1_3_16  1654384 1825825 118138
SRM_1831_300s_20x20det_1_3_17  1654972 1820672 120529
SRM_1831_300s_20x20det_1_3_18  1653777 1826292 118563
SRM_1831_300s_20x20det_1_3_19  1654594 1826993 118902
SRM_1831_300s_20x20det_1_3_2   1653010 1826184 120067
SRM_1831_300s_20x20det_1_3_3   1658587 1825828 120599
SRM_1831_300s_20x20det_1_3_4   1656016 1825485 120311
SRM_1831_300s_20x20det_1_3_5   1655527 1824099 120409
SRM_1831_300s_20x20det_1_3_6   1657163 1823710 119638
SRM_1831_300s_20x20det_1_3_7   1651915 1824820 119869
SRM_1831_300s_20x20det_1_3_8   1654413 1827220 119858
SRM_1831_300s_20x20det_1_3_9   1656520 1826098 119556
SRM_1831_300s_20x20det_1_4_0   1654336 1826258 120361
SRM_1831_300s_20x20det_1_4_1   1653625 1824162 120449
SRM_1831_300s_20x20det_1_4_10  1653472 1821571 120896
SRM_1831_300s_20x20det_1_4_11  1651919 1818902 119513
SRM_1831_300s_20x20det_1_4_12  1651404 1823062 119147
SRM_1831_300s_20x20det_1_4_13  1654348 1825869 120641
SRM_1831_300s_20x20det_1_4_14  1652894 1822923 119424
SRM_1831_300s_20x20det_1_4_15  1651442 1824225 119708
SRM_1831_300s_20x20det_1_4_16  1627093 1823629 118635
SRM_1831_300s_20x20det_1_4_17  1651572 1820924 119235
SRM_1831_300s_20x20det_1_4_18  1654364 1824508 120616
SRM_1831_300s_20x20det_1_4_19  1657515 1827949 119962
SRM_1831_300s_20x20det_1_4_2   1653789 1826662 120720
SRM_1831_300s_20x20det_1_4_3   1653170 1820547 118549
SRM_1831_300s_20x20det_1_4_4   1647756 1816787 119657
SRM_1831_300s_20x20det_1_4_5   1650331 1819977 119191
SRM_1831_300s_20x20det_1_4_6   1649219 1820140 119201
SRM_1831_300s_20x20det_1_4_7   1652594 1823216 119079
SRM_1831_300s_20x20det_1_4_8   1651746 1823933 119866
SRM_1831_300s_20x20det_1_4_9   1652429 1818207 118607
SRM_1831_300s_20x20det_1_5_0   1655593 1826743 120350
SRM_1831_300s_20x20det_1_5_1   1655472 1827992 119443
SRM_1831_300s_20x20det_1_5_10  1653154 1822665 118599
SRM_1831_300s_20x20det_1_5_11  1659465 1828809 120166
SRM_1831_300s_20x20det_1_5_12  1653206 1823934 120672
SRM_1831_300s_20x20det_1_5_13  1653604 1823720 119917
SRM_1831_300s_20x20det_1_5_14  1658016 1830607 119470
SRM_1831_300s_20x20det_1_5_15  1654630 1825512 120069
SRM_1831_300s_20x20det_1_5_16  1649834 1820868 120204
SRM_1831_300s_20x20det_1_5_17  1653259 1824915 118770
SRM_1831_300s_20x20det_1_5_18  1655011 1821371 119149
SRM_1831_300s_20x20det_1_5_19  1651692 1823964 119636
SRM_1831_300s_20x20det_1_5_2   1655343 1824540 119203
SRM_1831_300s_20x20det_1_5_3   1650279 1823714 120192
SRM_1831_300s_20x20det_1_5_4   1655586 1824550 120454
SRM_1831_300s_20x20det_1_5_5   1648204 1821115 120877
SRM_1831_300s_20x20det_1_5_6   1651938 1823618 119861
SRM_1831_300s_20x20det_1_5_7    235586  259534  17049
SRM_1831_300s_20x20det_1_5_8   1653649 1822599 119421
SRM_1831_300s_20x20det_1_5_9   1651948 1820870 119965
SRM_1831_300s_20x20det_1_6_0   1655473 1828188 120885
SRM_1831_300s_20x20det_1_6_1   1653631 1824336 120833
SRM_1831_300s_20x20det_1_6_10  1653889 1824396 119703
SRM_1831_300s_20x20det_1_6_11  1651981 1824206 119723
SRM_1831_300s_20x20det_1_6_12  1657277 1825407 119843
SRM_1831_300s_20x20det_1_6_13  1652589 1821278 119823
SRM_1831_300s_20x20det_1_6_14  1659126 1826159 118608
SRM_1831_300s_20x20det_1_6_15  1656123 1824242 120882
SRM_1831_300s_20x20det_1_6_16  1654813 1823010 119973
SRM_1831_300s_20x20det_1_6_17  1652212 1821624 117697
SRM_1831_300s_20x20det_1_6_18  1656894 1824475 119574
SRM_1831_300s_20x20det_1_6_19  1655071 1823038 119804
SRM_1831_300s_20x20det_1_6_2   1654249 1822788 118263
SRM_1831_300s_20x20det_1_6_3   1652834 1822260 119248
SRM_1831_300s_20x20det_1_6_4   1655699 1825768 120669
SRM_1831_300s_20x20det_1_6_5   1652184 1818906 119770
SRM_1831_300s_20x20det_1_6_6   1652183 1823003 119443
SRM_1831_300s_20x20det_1_6_7   1653099 1822025 119765
SRM_1831_300s_20x20det_1_6_8   1656004 1826585 119319
SRM_1831_300s_20x20det_1_6_9   1652195 1823193 120536
SRM_1831_300s_20x20det_1_7_0   1654644 1821054 120205
SRM_1831_300s_20x20det_1_7_1   1657440 1825929 120639
SRM_1831_300s_20x20det_1_7_10  1654933 1823936 120081
SRM_1831_300s_20x20det_1_7_11  1655538 1827287 120609
SRM_1831_300s_20x20det_1_7_12  1656221 1827773 120632
SRM_1831_300s_20x20det_1_7_13  1654103 1824013 119829
SRM_1831_300s_20x20det_1_7_14  1655494 1825355 119865
SRM_1831_300s_20x20det_1_7_15  1653009 1825053 120054
SRM_1831_300s_20x20det_1_7_16  1655049 1823649 118996
SRM_1831_300s_20x20det_1_7_17  1649066 1819579 118854
SRM_1831_300s_20x20det_1_7_18  1655908 1825406 121165
SRM_1831_300s_20x20det_1_7_19  1657030 1827752 120419
SRM_1831_300s_20x20det_1_7_2   1654588 1825964 119987
SRM_1831_300s_20x20det_1_7_3   1655766 1824713 119989
SRM_1831_300s_20x20det_1_7_4   1656844 1824430 120395
SRM_1831_300s_20x20det_1_7_5   1656523 1827809 119820
SRM_1831_300s_20x20det_1_7_6   1654083 1821818 119048
SRM_1831_300s_20x20det_1_7_7   1652871 1823091 119484
SRM_1831_300s_20x20det_1_7_8   1658286 1824781 119761
SRM_1831_300s_20x20det_1_7_9   1657552 1827195 119868
SRM_1831_300s_20x20det_1_8_0   1655235 1826839 119909
SRM_1831_300s_20x20det_1_8_1   1653443 1826004 119846
SRM_1831_300s_20x20det_1_8_10  1654948 1826237 119799
SRM_1831_300s_20x20det_1_8_11  1656408 1826656 120456
SRM_1831_300s_20x20det_1_8_12  1654430 1822803 119504
SRM_1831_300s_20x20det_1_8_13  1656066 1825664 120314
SRM_1831_300s_20x20det_1_8_14  1655839 1826155 119637
SRM_1831_300s_20x20det_1_8_15  1654714 1826171 119579
SRM_1831_300s_20x20det_1_8_16  1653158 1821432 119074
SRM_1831_300s_20x20det_1_8_17  1649584 1822751 118782
SRM_1831_300s_20x20det_1_8_18  1653102 1824842 119055
SRM_1831_300s_20x20det_1_8_19  1653423 1822675 120004
SRM_1831_300s_20x20det_1_8_2   1654093 1825436 119379
SRM_1831_300s_20x20det_1_8_3   1655036 1823168 118660
SRM_1831_300s_20x20det_1_8_4   1656693 1825595 119314
SRM_1831_300s_20x20det_1_8_5   1657862 1829231 120383
SRM_1831_300s_20x20det_1_8_6   1657519 1827828 120512
SRM_1831_300s_20x20det_1_8_7   1656406 1825181 119065
SRM_1831_300s_20x20det_1_8_8   1657488 1823496 120530
SRM_1831_300s_20x20det_1_8_9   1658840 1828827 120265
SRM_1831_300s_20x20det_1_9_0   1658498 1828349 120436
SRM_1831_300s_20x20det_1_9_1   1653520 1826460 120746
SRM_1831_300s_20x20det_1_9_10  1654304 1824843 119760
SRM_1831_300s_20x20det_1_9_11  1656947 1824554 119276
SRM_1831_300s_20x20det_1_9_12  1656977 1824765 119451
SRM_1831_300s_20x20det_1_9_13  1652695 1823210 119415
SRM_1831_300s_20x20det_1_9_14  1653036 1824191 119244
SRM_1831_300s_20x20det_1_9_15  1652820 1819343 119722
SRM_1831_300s_20x20det_1_9_16  1655984 1827126 120302
SRM_1831_300s_20x20det_1_9_17  1612757 1815739 119389
SRM_1831_300s_20x20det_1_9_18  1655897 1824614 119969
SRM_1831_300s_20x20det_1_9_19  1657248 1824138 120039
SRM_1831_300s_20x20det_1_9_2   1653752 1824696 120444
SRM_1831_300s_20x20det_1_9_3   1657634 1829002 119939
SRM_1831_300s_20x20det_1_9_4   1657610 1822726 120344
SRM_1831_300s_20x20det_1_9_5   1654545 1825009 120013
SRM_1831_300s_20x20det_1_9_6   1658492 1827181 119206
SRM_1831_300s_20x20det_1_9_7   1652912 1824066 119666
SRM_1831_300s_20x20det_1_9_8   1656075 1825570 120679
SRM_1831_300s_20x20det_1_9_9   1651753 1825200 120194
SRM_1831_300s_20x20det_2_0_0   1807012 1985777 126788
SRM_1831_300s_20x20det_2_0_1   1804445 1984731 127001
SRM_1831_300s_20x20det_2_0_10  1810529 1994874 128176
SRM_1831_300s_20x20det_2_0_11  1811171 1996622 126904
SRM_1831_300s_20x20det_2_0_12  1812657 1998951 127875
SRM_1831_300s_20x20det_2_0_13  1811064 1995227 128236
SRM_1831_300s_20x20det_2_0_14  1811991 1998665 128172
SRM_1831_300s_20x20det_2_0_15  1807207 1994647 128064
SRM_1831_300s_20x20det_2_0_16  1810523 1994858 127409
SRM_1831_300s_20x20det_2_0_17  1810815 1992401 128055
SRM_1831_300s_20x20det_2_0_18  1808226 1993705 126609
SRM_1831_300s_20x20det_2_0_19  1812838 1994602 127664
SRM_1831_300s_20x20det_2_0_2    327640  360803  22365
SRM_1831_300s_20x20det_2_0_3   1807532 1986966 128049
SRM_1831_300s_20x20det_2_0_4   1809036 1992853 127598
SRM_1831_300s_20x20det_2_0_5   1807344 1992648 126971
SRM_1831_300s_20x20det_2_0_6   1815825 2000203 127515
SRM_1831_300s_20x20det_2_0_7   1813470 1998443 128569
SRM_1831_300s_20x20det_2_0_8   1812075 1996571 127808
SRM_1831_300s_20x20det_2_0_9   1765505 1990420 127675
SRM_1831_300s_20x20det_2_1_0   1803460 1994619 127164
SRM_1831_300s_20x20det_2_1_1   1811378 1996229 126441
SRM_1831_300s_20x20det_2_1_10  1805933 1995381 125552
SRM_1831_300s_20x20det_2_1_11  1807182 1994147 127565
SRM_1831_300s_20x20det_2_1_12  1802891 1992768 126135
SRM_1831_300s_20x20det_2_1_13  1805358 1993471 128394
SRM_1831_300s_20x20det_2_1_14  1806393 1993588 127942
SRM_1831_300s_20x20det_2_1_15  1811567 1995962 127413
SRM_1831_300s_20x20det_2_1_16  1803444 1991788 126078
SRM_1831_300s_20x20det_2_1_17  1805384 1988549 126587
SRM_1831_300s_20x20det_2_1_18  1805467 1988605 127228
SRM_1831_300s_20x20det_2_1_19  1807751 1994557 127689
SRM_1831_300s_20x20det_2_1_2   1808389 1997173 126734
SRM_1831_300s_20x20det_2_1_3   1807065 1992720 126460
SRM_1831_300s_20x20det_2_1_4   1141236 1259256  79547
SRM_1831_300s_20x20det_2_1_5   1805791 1991769 129511
SRM_1831_300s_20x20det_2_1_6   1805776 1994753 126636
SRM_1831_300s_20x20det_2_1_7   1807795 1995945 126862
SRM_1831_300s_20x20det_2_1_8   1808906 1994344 126937
SRM_1831_300s_20x20det_2_1_9   1806636 1992039 127656
SRM_1831_300s_20x20det_2_10_0  1807007 1993587 127205
SRM_1831_300s_20x20det_2_10_1  1806897 1995077 127321
SRM_1831_300s_20x20det_2_10_10 1776845 1987518 126674
SRM_1831_300s_20x20det_2_10_11 1809111 1995681 125684
SRM_1831_300s_20x20det_2_10_12 1808341 1996207 126294
SRM_1831_300s_20x20det_2_10_13 1806401 1993404 127412
SRM_1831_300s_20x20det_2_10_14 1805798 1994220 127846
SRM_1831_300s_20x20det_2_10_15 1811711 1997227 127600
SRM_1831_300s_20x20det_2_10_16 1810010 1992948 126584
SRM_1831_300s_20x20det_2_10_17 1804304 1992937 127555
SRM_1831_300s_20x20det_2_10_18 1807623 1995640 127948
SRM_1831_300s_20x20det_2_10_19 1807656 1997071 128321
SRM_1831_300s_20x20det_2_10_2  1811338 1997847 127206
SRM_1831_300s_20x20det_2_10_3  1810712 1991930 126751
SRM_1831_300s_20x20det_2_10_4  1809988 1993618 127093
SRM_1831_300s_20x20det_2_10_5  1809522 1995507 126446
SRM_1831_300s_20x20det_2_10_6  1807820 1992293 126337
SRM_1831_300s_20x20det_2_10_7  1809286 1996239 126508
SRM_1831_300s_20x20det_2_10_8  1808418 1994884 126990
SRM_1831_300s_20x20det_2_10_9  1128546 1244457  78864
SRM_1831_300s_20x20det_2_11_0  1802418 1990047 128532
SRM_1831_300s_20x20det_2_11_1  1805762 1992885 127685
SRM_1831_300s_20x20det_2_11_10 1810665 1995561 127005
SRM_1831_300s_20x20det_2_11_11 1810239 1995513 126682
SRM_1831_300s_20x20det_2_11_12 1809993 1995504 126895
SRM_1831_300s_20x20det_2_11_13 1807773 1997053 125978
SRM_1831_300s_20x20det_2_11_14 1810336 1997771 126859
SRM_1831_300s_20x20det_2_11_15 1810605 1998028 127504
SRM_1831_300s_20x20det_2_11_16  845677  933854  59163
SRM_1831_300s_20x20det_2_11_17 1801591 1995113 126912
SRM_1831_300s_20x20det_2_11_18 1809605 1991651 127172
SRM_1831_300s_20x20det_2_11_19 1805062 1995478 126632
SRM_1831_300s_20x20det_2_11_2  1807200 1993865 127141
SRM_1831_300s_20x20det_2_11_3   601553  662869  41406
SRM_1831_300s_20x20det_2_11_4  1805739 1995112 126044
SRM_1831_300s_20x20det_2_11_5  1810620 1995382 127603
SRM_1831_300s_20x20det_2_11_6  1808191 1995551 126947
SRM_1831_300s_20x20det_2_11_7  1811903 1994377 126237
SRM_1831_300s_20x20det_2_11_8  1806931 1994674 126544
SRM_1831_300s_20x20det_2_11_9  1086014 1196542  76142
SRM_1831_300s_20x20det_2_12_0  1808656 1995226 127048
SRM_1831_300s_20x20det_2_12_1   758600  836537  53149
SRM_1831_300s_20x20det_2_12_10 1812282 1997187 127609
SRM_1831_300s_20x20det_2_12_11 1805445 1993978 126117
SRM_1831_300s_20x20det_2_12_12 1804792 1991465 126638
SRM_1831_300s_20x20det_2_12_13 1808938 1996344 127485
SRM_1831_300s_20x20det_2_12_14 1808916 1996072 125663
SRM_1831_300s_20x20det_2_12_15 1805142 1994801 125502
SRM_1831_300s_20x20det_2_12_16 1805485 1993466 127097
SRM_1831_300s_20x20det_2_12_17 1808416 1991926 126665
SRM_1831_300s_20x20det_2_12_18 1807611 1994662 127007
SRM_1831_300s_20x20det_2_12_19 1348094 1486520  94582
SRM_1831_300s_20x20det_2_12_2  1808886 1996724 127546
SRM_1831_300s_20x20det_2_12_3  1808361 1994125 126661
SRM_1831_300s_20x20det_2_12_4  1810231 1994684 127216
SRM_1831_300s_20x20det_2_12_5  1258426 1390226  87713
SRM_1831_300s_20x20det_2_12_6  1805138 1992520 126613
SRM_1831_300s_20x20det_2_12_7  1807673 1993147 126463
SRM_1831_300s_20x20det_2_12_8  1810165 1995415 128376
SRM_1831_300s_20x20det_2_12_9  1810032 1993547 127287
SRM_1831_300s_20x20det_2_13_0   877371  967172  61390
SRM_1831_300s_20x20det_2_13_1  1806726 1990730 127862
SRM_1831_300s_20x20det_2_13_10 1812607 1997801 126129
SRM_1831_300s_20x20det_2_13_11 1812983 1998270 128153
SRM_1831_300s_20x20det_2_13_12 1802963 1995165 128264
SRM_1831_300s_20x20det_2_13_13 1812707 1998619 126969
SRM_1831_300s_20x20det_2_13_14 1810926 1995787 127455
SRM_1831_300s_20x20det_2_13_15 1811300 1996940 127137
SRM_1831_300s_20x20det_2_13_16 1812009 1996235 126907
SRM_1831_300s_20x20det_2_13_17 1810172 1994340 126349
SRM_1831_300s_20x20det_2_13_18 1812619 1995657 127564
SRM_1831_300s_20x20det_2_13_19 1811608 1997530 128271
SRM_1831_300s_20x20det_2_13_2  1808332 1992406 126496
SRM_1831_300s_20x20det_2_13_3  1806635 1993782 126314
SRM_1831_300s_20x20det_2_13_4  1805310 1991264 127228
SRM_1831_300s_20x20det_2_13_5  1810137 1996902 128083
SRM_1831_300s_20x20det_2_13_6  1808563 1995819 126636
SRM_1831_300s_20x20det_2_13_7  1808544 1996510 126741
SRM_1831_300s_20x20det_2_13_8  1809666 1996085 128079
SRM_1831_300s_20x20det_2_13_9  1810938 1997643 126854
SRM_1831_300s_20x20det_2_14_0  1810558 1997584 127156
SRM_1831_300s_20x20det_2_14_1  1811210 1994811 127823
SRM_1831_300s_20x20det_2_14_10 1809140 1996053 125796
SRM_1831_300s_20x20det_2_14_11 1808791 1998404 127572
SRM_1831_300s_20x20det_2_14_12  176766  195487  11766
SRM_1831_300s_20x20det_2_14_13 1815163 2000997 127688
SRM_1831_300s_20x20det_2_14_14 1808737 1992966 127781
SRM_1831_300s_20x20det_2_14_15 1810711 1997470 126957
SRM_1831_300s_20x20det_2_14_16 1810101 1995799 126933
SRM_1831_300s_20x20det_2_14_17 1808063 1991826 126894
SRM_1831_300s_20x20det_2_14_18 1811316 1996822 127142
SRM_1831_300s_20x20det_2_14_19 1809652 1996382 128384
SRM_1831_300s_20x20det_2_14_2  1808554 1991421 126670
SRM_1831_300s_20x20det_2_14_3  1810516 1995693 127891
SRM_1831_300s_20x20det_2_14_4  1809333 1991171 126819
SRM_1831_300s_20x20det_2_14_5  1809752 1993064 127074
SRM_1831_300s_20x20det_2_14_6  1809291 1991272 128571
SRM_1831_300s_20x20det_2_14_7  1808758 1992074 125987
SRM_1831_300s_20x20det_2_14_8  1809435 1996145 126804
SRM_1831_300s_20x20det_2_14_9  1139217 1288845  82123
SRM_1831_300s_20x20det_2_15_0  1810956 1993978 127541
SRM_1831_300s_20x20det_2_15_1  1058995 1170412  74278
SRM_1831_300s_20x20det_2_15_10 1511034 1668961 104902
SRM_1831_300s_20x20det_2_15_11 1808310 1993731 126926
SRM_1831_300s_20x20det_2_15_12 1808566 1993613 126646
SRM_1831_300s_20x20det_2_15_13  366135  405319  25377
SRM_1831_300s_20x20det_2_15_14 1803150 1992736 127211
SRM_1831_300s_20x20det_2_15_15 1816508 2000205 126922
SRM_1831_300s_20x20det_2_15_16 1814009 1996026 128257
SRM_1831_300s_20x20det_2_15_17 1813315 1996206 127444
SRM_1831_300s_20x20det_2_15_18 1810091 1994486 127361
SRM_1831_300s_20x20det_2_15_19 1812556 1997257 127125
SRM_1831_300s_20x20det_2_15_2  1808100 1991766 126278
SRM_1831_300s_20x20det_2_15_3  1807557 1992955 127722
SRM_1831_300s_20x20det_2_15_4  1810759 1993711 126442
SRM_1831_300s_20x20det_2_15_5  1810823 1991035 127192
SRM_1831_300s_20x20det_2_15_6  1809717 1996132 127345
SRM_1831_300s_20x20det_2_15_7  1810633 1996934 126596
SRM_1831_300s_20x20det_2_15_8  1811394 1992517 127583
SRM_1831_300s_20x20det_2_15_9  1811656 1996717 126934
SRM_1831_300s_20x20det_2_16_0  1810916 1996300 127382
SRM_1831_300s_20x20det_2_16_1   202706  223196  13432
SRM_1831_300s_20x20det_2_16_10 1814800 1995855 126617
SRM_1831_300s_20x20det_2_16_11 1809706 1994092 126968
SRM_1831_300s_20x20det_2_16_12 1810085 1996548 127718
SRM_1831_300s_20x20det_2_16_13 1789000 1990613 126801
SRM_1831_300s_20x20det_2_16_14 1811629 1994909 125369
SRM_1831_300s_20x20det_2_16_15 1811137 1998043 127948
SRM_1831_300s_20x20det_2_16_16 1810963 1996241 126608
SRM_1831_300s_20x20det_2_16_17 1810669 1998828 127007
SRM_1831_300s_20x20det_2_16_18 1334383 1468609  93617
SRM_1831_300s_20x20det_2_16_19 1815248 2002375 127432
SRM_1831_300s_20x20det_2_16_2  1807150 1992692 126492
SRM_1831_300s_20x20det_2_16_3  1357205 1494852  93771
SRM_1831_300s_20x20det_2_16_4  1810162 1996044 126889
SRM_1831_300s_20x20det_2_16_5  1810621 1996138 127409
SRM_1831_300s_20x20det_2_16_6  1807937 1993987 126503
SRM_1831_300s_20x20det_2_16_7  1809287 1994420 126831
SRM_1831_300s_20x20det_2_16_8  1808556 1993805 127288
SRM_1831_300s_20x20det_2_16_9  1774487 1957950 125177
SRM_1831_300s_20x20det_2_17_0  1812730 1999839 128509
SRM_1831_300s_20x20det_2_17_1  1814753 1998864 127264
SRM_1831_300s_20x20det_2_17_10 1812097 1999876 125927
SRM_1831_300s_20x20det_2_17_11 1816938 1999352 127736
SRM_1831_300s_20x20det_2_17_12 1812359 1996873 127177
SRM_1831_300s_20x20det_2_17_13 1813794 2002919 128641
SRM_1831_300s_20x20det_2_17_14 1173384 1293133  81764
SRM_1831_300s_20x20det_2_17_15 1810123 2002269 126400
SRM_1831_300s_20x20det_2_17_16 1812864 1998102 126581
SRM_1831_300s_20x20det_2_17_17 1813456 1999145 127361
SRM_1831_300s_20x20det_2_17_18 1811757 2000538 126992
SRM_1831_300s_20x20det_2_17_19 1477639 1632034 103405
SRM_1831_300s_20x20det_2_17_2  1814276 2001020 127476
SRM_1831_300s_20x20det_2_17_3  1813725 2002399 127884
SRM_1831_300s_20x20det_2_17_4  1813734 2000823 126368
SRM_1831_300s_20x20det_2_17_5  1815533 2000571 127228
SRM_1831_300s_20x20det_2_17_6  1818139 2001655 126914
SRM_1831_300s_20x20det_2_17_7  1814910 2004590 126047
SRM_1831_300s_20x20det_2_17_8  1813854 2002721 127281
SRM_1831_300s_20x20det_2_17_9  1809561 2000076 127029
SRM_1831_300s_20x20det_2_18_0  1812461 1996865 128254
SRM_1831_300s_20x20det_2_18_1  1810528 1997563 128402
SRM_1831_300s_20x20det_2_18_10 1811959 1993529 127850
SRM_1831_300s_20x20det_2_18_11 1813381 1997189 125838
SRM_1831_300s_20x20det_2_18_12 1811127 2002121 126815
SRM_1831_300s_20x20det_2_18_13 1812862 1997222 127440
SRM_1831_300s_20x20det_2_18_14 1814455 2000527 127322
SRM_1831_300s_20x20det_2_18_15 1811367 1996085 127139
SRM_1831_300s_20x20det_2_18_16 1813012 1998003 127517
SRM_1831_300s_20x20det_2_18_17 1812900 1992509 126810
SRM_1831_300s_20x20det_2_18_18 1811280 1998640 128125
SRM_1831_300s_20x20det_2_18_19 1802676 1989619 127242
SRM_1831_300s_20x20det_2_18_2  1808606 1996482 127100
SRM_1831_300s_20x20det_2_18_3  1811419 1996366 126609
SRM_1831_300s_20x20det_2_18_4  1809730 1994860 127632
SRM_1831_300s_20x20det_2_18_5  1803664 1989280 127013
SRM_1831_300s_20x20det_2_18_6  1809721 1995117 126385
SRM_1831_300s_20x20det_2_18_7  1800437 1995204 126762
SRM_1831_300s_20x20det_2_18_8  1811476 1996415 126701
SRM_1831_300s_20x20det_2_18_9  1808888 1994800 127207
SRM_1831_300s_20x20det_2_19_0  1806776 1995573 128024
SRM_1831_300s_20x20det_2_19_1  1808515 1994065 126274
SRM_1831_300s_20x20det_2_19_10 1809575 1996207 126842
SRM_1831_300s_20x20det_2_19_11 1814134 1999226 125763
SRM_1831_300s_20x20det_2_19_12 1817026 2000080 127423
SRM_1831_300s_20x20det_2_19_13 1817926 1999890 127087
SRM_1831_300s_20x20det_2_19_14 1815248 1996897 126585
SRM_1831_300s_20x20det_2_19_15 1811903 1998482 126571
SRM_1831_300s_20x20det_2_19_16 1814995 1994825 127326
SRM_1831_300s_20x20det_2_19_17 1816095 1998417 126260
SRM_1831_300s_20x20det_2_19_18 1815282 1997857 127154
SRM_1831_300s_20x20det_2_19_19 1813865 1999797 126465
SRM_1831_300s_20x20det_2_19_2  1809124 1996441 127782
SRM_1831_300s_20x20det_2_19_3  1810457 1996345 125538
SRM_1831_300s_20x20det_2_19_4  1811300 1998753 126207
SRM_1831_300s_20x20det_2_19_5  1810722 1996678 126011
SRM_1831_300s_20x20det_2_19_6  1811237 2000994 127128
SRM_1831_300s_20x20det_2_19_7  1810962 1996598 126605
SRM_1831_300s_20x20det_2_19_8  1808941 1995619 127710
SRM_1831_300s_20x20det_2_19_9  1813916 2000374 126294
SRM_1831_300s_20x20det_2_2_0   1804541 1989848 128266
SRM_1831_300s_20x20det_2_2_1   1806131 1991315 127328
SRM_1831_300s_20x20det_2_2_10  1810649 1996782 126860
SRM_1831_300s_20x20det_2_2_11  1202369 1330607  84161
SRM_1831_300s_20x20det_2_2_12  1807546 1994309 127159
SRM_1831_300s_20x20det_2_2_13  1809939 1995897 126961
SRM_1831_300s_20x20det_2_2_14  1808632 1995043 127055
SRM_1831_300s_20x20det_2_2_15  1809220 1991601 127461
SRM_1831_300s_20x20det_2_2_16  1804910 1995719 126557
SRM_1831_300s_20x20det_2_2_17  1809093 1996594 127374
SRM_1831_300s_20x20det_2_2_18  1805232 1996672 127739
SRM_1831_300s_20x20det_2_2_19  1809399 1997795 127122
SRM_1831_300s_20x20det_2_2_2   1803812 1989410 126524
SRM_1831_300s_20x20det_2_2_3   1805911 1994097 126148
SRM_1831_300s_20x20det_2_2_4   1807321 1991893 126396
SRM_1831_300s_20x20det_2_2_5     77840   86193   4982
SRM_1831_300s_20x20det_2_2_6   1807567 1995221 126782
SRM_1831_300s_20x20det_2_2_7    575608  634609  40416
SRM_1831_300s_20x20det_2_2_8   1809230 1998257 126319
SRM_1831_300s_20x20det_2_2_9   1806124 1996055 126958
SRM_1831_300s_20x20det_2_3_0   1811006 1996820 128718
SRM_1831_300s_20x20det_2_3_1   1808048 1995394 127194
SRM_1831_300s_20x20det_2_3_10  1809838 1996753 126452
SRM_1831_300s_20x20det_2_3_11  1808475 1996440 127276
SRM_1831_300s_20x20det_2_3_12  1806155 1993966 126941
SRM_1831_300s_20x20det_2_3_13  1808660 1997730 126753
SRM_1831_300s_20x20det_2_3_14  1804576 1993516 127055
SRM_1831_300s_20x20det_2_3_15  1810319 1997250 126369
SRM_1831_300s_20x20det_2_3_16  1809377 1998786 126268
SRM_1831_300s_20x20det_2_3_17  1809359 1998182 125985
SRM_1831_300s_20x20det_2_3_18  1809244 1998862 126257
SRM_1831_300s_20x20det_2_3_19  1809533 1997375 126574
SRM_1831_300s_20x20det_2_3_2   1808719 1997878 127864
SRM_1831_300s_20x20det_2_3_3   1807199 1994573 126010
SRM_1831_300s_20x20det_2_3_4   1396578 1540322  97795
SRM_1831_300s_20x20det_2_3_5   1808931 1996994 127447
SRM_1831_300s_20x20det_2_3_6   1805739 1997329 127412
SRM_1831_300s_20x20det_2_3_7   1808453 1995948 127168
SRM_1831_300s_20x20det_2_3_8   1810594 1999823 128393
SRM_1831_300s_20x20det_2_3_9   1807583 1993545 127171
SRM_1831_300s_20x20det_2_4_0   1809479 1997284 128779
SRM_1831_300s_20x20det_2_4_1   1808397 1999013 127130
SRM_1831_300s_20x20det_2_4_10  1806099 1994845 127701
SRM_1831_300s_20x20det_2_4_11  1808356 1995087 127137
SRM_1831_300s_20x20det_2_4_12  1804828 1993716 127160
SRM_1831_300s_20x20det_2_4_13  1807851 1994332 127107
SRM_1831_300s_20x20det_2_4_14  1806525 1991766 127194
SRM_1831_300s_20x20det_2_4_15  1809308 1996553 126553
SRM_1831_300s_20x20det_2_4_16  1779684 1992782 127225
SRM_1831_300s_20x20det_2_4_17  1807848 1995516 126305
SRM_1831_300s_20x20det_2_4_18  1810373 1997775 126464
SRM_1831_300s_20x20det_2_4_19  1808798 1995821 126260
SRM_1831_300s_20x20det_2_4_2   1804328 1995989 126833
SRM_1831_300s_20x20det_2_4_3   1805864 1992486 127343
SRM_1831_300s_20x20det_2_4_4   1801348 1988701 126503
SRM_1831_300s_20x20det_2_4_5   1802028 1989305 125407
SRM_1831_300s_20x20det_2_4_6   1806082 1992245 126410
SRM_1831_300s_20x20det_2_4_7   1806639 1992182 125421
SRM_1831_300s_20x20det_2_4_8   1806651 1993429 127339
SRM_1831_300s_20x20det_2_4_9   1804598 1995890 127095
SRM_1831_300s_20x20det_2_5_0   1806604 1993439 127294
SRM_1831_300s_20x20det_2_5_1   1808005 1995917 126965
SRM_1831_300s_20x20det_2_5_10  1810940 1998265 128551
SRM_1831_300s_20x20det_2_5_11  1809167 2001053 127349
SRM_1831_300s_20x20det_2_5_12  1805479 1992937 125980
SRM_1831_300s_20x20det_2_5_13  1204684 1332480  84812
SRM_1831_300s_20x20det_2_5_14  1808301 2000504 126866
SRM_1831_300s_20x20det_2_5_15  1806445 1996856 128346
SRM_1831_300s_20x20det_2_5_16  1808543 1994451 125618
SRM_1831_300s_20x20det_2_5_17  1807600 1994313 127324
SRM_1831_300s_20x20det_2_5_18  1808526 1992488 126327
SRM_1831_300s_20x20det_2_5_19  1808366 1994769 127765
SRM_1831_300s_20x20det_2_5_2   1803809 1993520 127237
SRM_1831_300s_20x20det_2_5_3   1803967 1993217 126841
SRM_1831_300s_20x20det_2_5_4   1746765 1986386 125810
SRM_1831_300s_20x20det_2_5_5   1807989 1994681 126509
SRM_1831_300s_20x20det_2_5_6   1809275 1992444 126368
SRM_1831_300s_20x20det_2_5_7   1808207 1994759 125690
SRM_1831_300s_20x20det_2_5_8   1808956 1994491 126932
SRM_1831_300s_20x20det_2_5_9   1808508 1997458 127727
SRM_1831_300s_20x20det_2_6_0   1036888 1144618  72550
SRM_1831_300s_20x20det_2_6_1   1801028 1994572 127704
SRM_1831_300s_20x20det_2_6_10  1806885 1992165 126382
SRM_1831_300s_20x20det_2_6_11  1808693 1992790 126805
SRM_1831_300s_20x20det_2_6_12  1808415 1996857 125738
SRM_1831_300s_20x20det_2_6_13  1687534 1863903 117844
SRM_1831_300s_20x20det_2_6_14  1809727 1995990 127498
SRM_1831_300s_20x20det_2_6_15  1811095 1998579 126833
SRM_1831_300s_20x20det_2_6_16  1804867 1992938 127636
SRM_1831_300s_20x20det_2_6_17  1809332 1994262 127244
SRM_1831_300s_20x20det_2_6_18   202794  223936  13367
SRM_1831_300s_20x20det_2_6_19  1807262 1997461 126845
SRM_1831_300s_20x20det_2_6_2   1807513 1992293 125908
SRM_1831_300s_20x20det_2_6_3   1635821 1803502 115131
SRM_1831_300s_20x20det_2_6_4   1808080 1993465 126836
SRM_1831_300s_20x20det_2_6_5   1806119 1992037 126200
SRM_1831_300s_20x20det_2_6_6   1807259 1992942 126518
SRM_1831_300s_20x20det_2_6_7   1807200 1994214 126983
SRM_1831_300s_20x20det_2_6_8   1807964 1993036 125519
SRM_1831_300s_20x20det_2_6_9   1808993 1998376 125921
SRM_1831_300s_20x20det_2_7_0   1807048 1993311 127372
SRM_1831_300s_20x20det_2_7_1   1810225 1991804 126514
SRM_1831_300s_20x20det_2_7_10  1812795 1997470 126696
SRM_1831_300s_20x20det_2_7_11  1809047 1993940 127450
SRM_1831_300s_20x20det_2_7_12  1809866 1997005 126915
SRM_1831_300s_20x20det_2_7_13  1386873 1527162  97036
SRM_1831_300s_20x20det_2_7_14  1811048 1994093 127086
SRM_1831_300s_20x20det_2_7_15  1806059 1997457 126763
SRM_1831_300s_20x20det_2_7_16  1805802 1992395 126679
SRM_1831_300s_20x20det_2_7_17  1809502 1998145 127648
SRM_1831_300s_20x20det_2_7_18  1806778 1994597 126314
SRM_1831_300s_20x20det_2_7_19  1806723 1994166 126668
SRM_1831_300s_20x20det_2_7_2   1806838 1992434 127206
SRM_1831_300s_20x20det_2_7_3   1807124 1996943 126924
SRM_1831_300s_20x20det_2_7_4   1809304 1995117 126894
SRM_1831_300s_20x20det_2_7_5   1810982 1994969 127431
SRM_1831_300s_20x20det_2_7_6   1808488 1996637 126753
SRM_1831_300s_20x20det_2_7_7   1806983 1993181 126691
SRM_1831_300s_20x20det_2_7_8   1811548 1997457 128025
SRM_1831_300s_20x20det_2_7_9   1808298 1994357 126704
SRM_1831_300s_20x20det_2_8_0   1811412 1996907 127798
SRM_1831_300s_20x20det_2_8_1   1809381 1997243 127047
SRM_1831_300s_20x20det_2_8_10  1808642 1997596 127572
SRM_1831_300s_20x20det_2_8_11  1807085 1991550 127325
SRM_1831_300s_20x20det_2_8_12  1806344 1994423 127749
SRM_1831_300s_20x20det_2_8_13  1805596 1992819 125657
SRM_1831_300s_20x20det_2_8_14  1804640 1991917 127081
SRM_1831_300s_20x20det_2_8_15  1808219 1996843 127570
SRM_1831_300s_20x20det_2_8_16   566722  625716  39289
SRM_1831_300s_20x20det_2_8_17  1807637 1992619 126478
SRM_1831_300s_20x20det_2_8_18  1808305 1997928 126836
SRM_1831_300s_20x20det_2_8_19  1812231 1999084 127321
SRM_1831_300s_20x20det_2_8_2   1807578 1995092 127935
SRM_1831_300s_20x20det_2_8_3   1812979 1997330 128631
SRM_1831_300s_20x20det_2_8_4   1813670 1998127 126655
SRM_1831_300s_20x20det_2_8_5   1810204 1994881 128381
SRM_1831_300s_20x20det_2_8_6   1809498 1995357 127154
SRM_1831_300s_20x20det_2_8_7   1813090 1997793 127738
SRM_1831_300s_20x20det_2_8_8   1810269 1997375 128372
SRM_1831_300s_20x20det_2_8_9   1810248 1995515 126362
SRM_1831_300s_20x20det_2_9_0   1805333 1995921 128036
SRM_1831_300s_20x20det_2_9_1   1431011 1577671 100613
SRM_1831_300s_20x20det_2_9_10  1807786 1996441 127297
SRM_1831_300s_20x20det_2_9_11  1808305 1997943 126550
SRM_1831_300s_20x20det_2_9_12   360767  397340  24857
SRM_1831_300s_20x20det_2_9_13  1809410 1995656 126620
SRM_1831_300s_20x20det_2_9_14  1806987 1995064 127596
SRM_1831_300s_20x20det_2_9_15  1806054 1989632 126861
SRM_1831_300s_20x20det_2_9_16  1809006 1995363 126622
SRM_1831_300s_20x20det_2_9_17  1794492 1993521 126581
SRM_1831_300s_20x20det_2_9_18  1809390 1996335 126964
SRM_1831_300s_20x20det_2_9_19  1809622 1995557 126247
SRM_1831_300s_20x20det_2_9_2   1756349 1988215 127591
SRM_1831_300s_20x20det_2_9_3   1808609 1996364 127171
SRM_1831_300s_20x20det_2_9_4   1803031 1990198 126490
SRM_1831_300s_20x20det_2_9_5   1807466 1996119 127603
SRM_1831_300s_20x20det_2_9_6   1807129 1996227 126379
SRM_1831_300s_20x20det_2_9_7   1805238 1995277 126467
SRM_1831_300s_20x20det_2_9_8    268286  295671  18105
SRM_1831_300s_20x20det_2_9_9   1810319 1995017 126322
-----------------------------------------------------
Mean value:                    1691121 1865532 120580
Std. Abw.:                      213005  234886  14833
Std. Abw. rel. [%]:              12.60   12.59  12.30
Conf. interval:                   7531    8304    524
