ROI net sum

Spectrum                          Na    Mg    Al      Si     S     K      Ca    Ti     V     Fe    Zn    Sr    Zr     Rh
------------------------------------------------------------------------------------------------------------------------
SRM_1831_300s_20x20det_1_0_0   12814 13307 18321 1531720 11804 40392 1516896  5887  2256  98094 15566 31898 14333 103162
SRM_1831_300s_20x20det_1_0_1   12965 13387 17960 1527607 12122 40923 1514254  6086  2229  97632 16010 32620 15140 104443
SRM_1831_300s_20x20det_1_0_10  12848 13472 18068 1532341 12121 40364 1518082  5625  2015  98274 15450 31967 14636 103754
SRM_1831_300s_20x20det_1_0_11  12644 13301 18145 1531946 11925 40964 1524469  5832  2105  98120 15659 31867 13940 103629
SRM_1831_300s_20x20det_1_0_12  12631 13478 17934 1533820 11826 41374 1523903  5752  2086  98984 15416 32862 15028 103624
SRM_1831_300s_20x20det_1_0_13  13044 13446 18325 1530885 12213 40854 1523586  6339  2355  99202 15935 31717 14241 103774
SRM_1831_300s_20x20det_1_0_14  12957 13132 17947 1529245 11879 40965 1521678  5974  2024  98462 15079 32671 14728 103957
SRM_1831_300s_20x20det_1_0_15  13045 13255 17801 1531207 12016 40631 1523453  5806  2133  98036 15804 31743 14366 103611
SRM_1831_300s_20x20det_1_0_16  13008 13498 18006 1531485 12221 40923 1523177  5681  1947  98482 16270 32076 14976 103784
SRM_1831_300s_20x20det_1_0_17  13010 13431 17849 1530392 11826 40889 1520350  5816  2131  98664 16000 32457 13968 104384
SRM_1831_300s_20x20det_1_0_18  12724 13161 17665 1533338 11960 40829 1524105  6003  2217  98773 16058 32591 14157 103948
SRM_1831_300s_20x20det_1_0_19  12882 13194 18146 1531993 12069 40747 1522716  5864  2157  97533 15994 32781 14998 104233
SRM_1831_300s_20x20det_1_0_2   12724 13162 17786 1524405 11909 40412 1513150  6067  2392  98516 15707 31850 14450 103212
SRM_1831_300s_20x20det_1_0_3   12932 13197 17838 1534381 11795 40745 1518920  5834  2126  98729 15306 31822 15235 103753
SRM_1831_300s_20x20det_1_0_4   12707 13318 17969 1528534 11886 40419 1518875  5792  2344  98498 15751 32086 14134 103419
SRM_1831_300s_20x20det_1_0_5   12812 13276 18086 1528489 11976 40615 1520097  5899  2136  97648 15545 31467 14162 103827
SRM_1831_300s_20x20det_1_0_6   12812 13269 18104 1534006 12096 40749 1526424  5894  2237  99586 15644 31972 15437 103950
SRM_1831_300s_20x20det_1_0_7   12817 13487 17925 1532502 11968 40712 1523432  5940  1974  98093 15145 31722 14730 103648
SRM_1831_300s_20x20det_1_0_8   12812 13359 17942 1535671 11909 40728 1525547  6013  2356  98754 15262 32480 13992 104350
SRM_1831_300s_20x20det_1_0_9   12310 13195 17220 1492444 12047 40374 1516522  5816  2416  97785 15581 31939 14260 103283
SRM_1831_300s_20x20det_1_1_0   12896 13635 17949 1528110 12117 41035 1526020  5738  1867  98986 15818 31622 14240 105728
SRM_1831_300s_20x20det_1_1_1   12565 13507 18062 1531649 12005 40852 1524808  6122  2008  98256 15808 32583 14906 105089
SRM_1831_300s_20x20det_1_1_10  12800 13374 17812 1529643 12173 41073 1522691  5689  1928  98063 16680 32110 14072 103976
SRM_1831_300s_20x20det_1_1_11  12886 13240 18094 1530041 12229 40740 1522932  5870  1938  98084 15811 32096 14360 104300
SRM_1831_300s_20x20det_1_1_12  12506 13431 17677 1527909 11868 40883 1521755  5616  2238  98490 15872 31709 14166 104227
SRM_1831_300s_20x20det_1_1_13  12884 13391 17785 1529512 11938 40626 1522872  6095  2213  98713 15888 32337 15362 103200
SRM_1831_300s_20x20det_1_1_14  12915 13316 17625 1529127 12105 40083 1521629  5950  2285  98221 15425 32602 14202 104220
SRM_1831_300s_20x20det_1_1_15  12593 13192 17672 1529614 11916 40815 1522504  6197  2486  98189 15366 32203 14044 104724
SRM_1831_300s_20x20det_1_1_16  12594 13179 18470 1530577 12011 41126 1522581  6355  2214  98291 14998 32563 14704 103676
SRM_1831_300s_20x20det_1_1_17  12748 13268 18007 1527966 12060 40822 1517338  5881  2254  98242 15037 32699 14435 104884
SRM_1831_300s_20x20det_1_1_18  12845 13178 17828 1528977 11924 40950 1521516  5645  2109  97813 15489 32318 14335 103661
SRM_1831_300s_20x20det_1_1_19  12806 13465 18038 1526656 12010 40985 1519729  6036  2186  99088 16113 31370 14147 104375
SRM_1831_300s_20x20det_1_1_2   12983 13566 18216 1533112 11979 40616 1522203  6138  2112  98727 15811 32523 14872 104620
SRM_1831_300s_20x20det_1_1_3   12645 13524 17888 1529344 11777 40463 1520985  5598  2560  98822 15280 32686 15132 104377
SRM_1831_300s_20x20det_1_1_4   12613 13509 17881 1530510 11741 40755 1524098  5990  1954  99024 15368 31377 13157 104482
SRM_1831_300s_20x20det_1_1_5   12801 13488 17746 1529337 12010 40767 1520676  5760  1872  98596 15780 32192 13840 104317
SRM_1831_300s_20x20det_1_1_6   12729 13270 18131 1531011 11861 40573 1520155  5780  1900  98409 15318 32183 14297 103577
SRM_1831_300s_20x20det_1_1_7   12692 13233 17793 1527396 11803 40849 1520233  5884  2503  98512 15188 33030 14419 103914
SRM_1831_300s_20x20det_1_1_8   12730 13369 18026 1529293 11883 41193 1522474  5969  1971  97663 16084 32198 14052 103719
SRM_1831_300s_20x20det_1_1_9   12922 13231 17765 1528372 12113 40787 1521892  5924  2032  98875 15272 32283 14561 104378
SRM_1831_300s_20x20det_1_10_0  13039 13729 18045 1533211 12021 40868 1524589  5580  2026  98685 15665 32145 14586 104616
SRM_1831_300s_20x20det_1_10_1   1897  1842  2583  220658  1718  5956  220108   966   462  14366  2493  5360  2962  15295
SRM_1831_300s_20x20det_1_10_10 12588 13228 17670 1516233 12243 40524 1518854  6239  2141  98359 15431 32088 14796 105173
SRM_1831_300s_20x20det_1_10_11 12828 13373 17894 1527763 12023 40631 1521105  5426  1805  98273 15546 31824 14923 103201
SRM_1831_300s_20x20det_1_10_12 12865 13059 17838 1529448 11994 40839 1522683  5929  1864  98711 16438 31843 14308 103543
SRM_1831_300s_20x20det_1_10_13 12903 13403 18093 1527561 12144 40689 1521184  6132  2023  99229 15820 32677 14193 104502
SRM_1831_300s_20x20det_1_10_14 12916 13326 18000 1532027 12310 40664 1523592  5945  2132  99271 15550 32040 13716 103726
SRM_1831_300s_20x20det_1_10_15 12552 13641 17669 1528704 11879 40877 1520576  5792  2017  97789 15885 32267 15251 103986
SRM_1831_300s_20x20det_1_10_16 12938 13364 18033 1530719 12043 40698 1521675  5941  2280  98116 15769 32443 14896 104017
SRM_1831_300s_20x20det_1_10_17 12796 13133 17809 1528881 12165 40538 1520598  5938  2343  98797 15782 32226 14229 104476
SRM_1831_300s_20x20det_1_10_18 12562 13120 17963 1524267 12057 40681 1519864  5723  1907  97920 16416 32392 13911 104326
SRM_1831_300s_20x20det_1_10_19 12670 13418 18027 1532331 12098 40911 1521630  5926  2159  98167 15500 31706 14558 104775
SRM_1831_300s_20x20det_1_10_2  12735 13422 17948 1531481 11871 40549 1520277  6185  2222  98392 15414 31356 14006 104201
SRM_1831_300s_20x20det_1_10_3  12780 13143 17865 1528903 11874 40419 1522191  5856  2529 100278 15146 32540 15154 104463
SRM_1831_300s_20x20det_1_10_4  12722 13382 17913 1530569 12237 40488 1516952  5687  2157  97832 15772 32659 14891 103941
SRM_1831_300s_20x20det_1_10_5  12702 13325 18170 1530899 11995 40718 1519357  5917  2247  98248 15205 32209 15044 104894
SRM_1831_300s_20x20det_1_10_6  13017 13288 18038 1528437 12102 40805 1521837  5753  1913  97981 15982 31613 13438 103845
SRM_1831_300s_20x20det_1_10_7  12589 13119 17862 1528773 11937 41034 1521136  6177  2342  98082 15607 31969 15260 104083
SRM_1831_300s_20x20det_1_10_8  12551 12992 17901 1531883 11992 40524 1519344  6024  2287  99805 16012 32044 13434 103826
SRM_1831_300s_20x20det_1_10_9  12578 13397 17991 1531014 12337 40682 1521659  5623  1935  98407 16501 32143 14615 104421
SRM_1831_300s_20x20det_1_11_0  12767 13365 17940 1524400 11951 40582 1516353  6237  2252  98194 15233 32496 13635 105717
SRM_1831_300s_20x20det_1_11_1  12707 13461 17932 1530172 12089 40440 1521079  6155  2114  97698 15742 31641 13965 104856
SRM_1831_300s_20x20det_1_11_10 12706 13251 17872 1529769 11779 40599 1521703  5379  1922  98415 16145 32175 14773 104911
SRM_1831_300s_20x20det_1_11_11 12897 13327 18108 1531520 12198 40904 1522808  6034  2059  98508 15186 31952 14826 104020
SRM_1831_300s_20x20det_1_11_12 12901 13206 17987 1529650 11698 40823 1519839  5856  2119  98426 14993 32033 14051 103941
SRM_1831_300s_20x20det_1_11_13 12795 13229 18080 1531986 12186 41005 1521223  5732  2048  98295 15154 32053 14277 103608
SRM_1831_300s_20x20det_1_11_14 12871 13579 17740 1532064 12239 40690 1521905  5833  1746  98251 16402 31514 13809 103672
SRM_1831_300s_20x20det_1_11_15 12667 13332 17733 1527275 11929 40782 1521820  6197  2065  97810 15598 31944 13928 103988
SRM_1831_300s_20x20det_1_11_16 12666 13375 17623 1528042 12099 40604 1521897  6271  2127  98335 15523 31956 14192 103736
SRM_1831_300s_20x20det_1_11_17 12117 12612 17030 1477635 11887 40692 1515447  5991  2281  98472 15392 31666 14784 103954
SRM_1831_300s_20x20det_1_11_18 12566 13137 18090 1530840 12211 41006 1523423  5646  2023  98774 15660 32324 14020 103959
SRM_1831_300s_20x20det_1_11_19 12529 13111 17889 1528433 11937 40876 1520848  5797  2100  98373 15562 31280 14229 103314
SRM_1831_300s_20x20det_1_11_2  12845 13425 18050 1524546 11837 40896 1518976  6133  2299  97681 15820 32894 14423 103385
SRM_1831_300s_20x20det_1_11_3  12646 13179 17880 1528384 12018 41014 1522210  6030  2022  98287 15676 32051 14159 104176
SRM_1831_300s_20x20det_1_11_4  12845 13080 17879 1525177 12163 40479 1517188  5951  2067  98316 15885 32041 15438 103989
SRM_1831_300s_20x20det_1_11_5  12866 13379 17949 1530703 12066 40897 1521106  5985  2110  98685 15520 31918 13940 104055
SRM_1831_300s_20x20det_1_11_6  13060 13280 17694 1530153 11894 40721 1521832  5973  2173  98298 15499 31650 14061 103796
SRM_1831_300s_20x20det_1_11_7  12865 13285 17976 1531037 12053 40833 1520490  5928  2011  97825 15459 31757 13857 103244
SRM_1831_300s_20x20det_1_11_8  12629 13231 18096 1530364 12055 40804 1519958  5732  1914  98796 16100 31951 14401 104084
SRM_1831_300s_20x20det_1_11_9  12495 13133 17653 1521553 11664 40755 1514456  5909  2222  98537 15677 31616 14491 103774
SRM_1831_300s_20x20det_1_12_0  12838 13403 18245 1528116 11834 40655 1519465  6030  2241  98038 15921 31628 14471 105214
SRM_1831_300s_20x20det_1_12_1  12792 13380 17902 1530560 11919 40722 1523591  6130  2211  98037 15356 31925 14367 104546
SRM_1831_300s_20x20det_1_12_10 12698 13390 17736 1534263 12122 40783 1524143  6049  2141  99063 15740 31883 14940 104054
SRM_1831_300s_20x20det_1_12_11 12764 13317 17792 1525938 11784 40446 1518149  6127  2337  97904 16091 32170 14652 103443
SRM_1831_300s_20x20det_1_12_12 13072 13337 17998 1529406 12023 40086 1519598  5627  1714  98259 15531 32498 15052 103872
SRM_1831_300s_20x20det_1_12_13 12679 13118 17925 1531388 12075 40669 1521336  5905  2037  98106 14822 31748 14770 103570
SRM_1831_300s_20x20det_1_12_14 12986 13090 17954 1528283 12247 41098 1520688  6080  2701  97854 15725 32120 14600 103903
SRM_1831_300s_20x20det_1_12_15 12315 13275 17684 1528925 11967 40304 1519574  6051  2217  98754 15977 32060 14658 104081
SRM_1831_300s_20x20det_1_12_16 12799 13376 17875 1527426 11945 41104 1519355  5788  2032  98096 15631 32086 14794 103018
SRM_1831_300s_20x20det_1_12_17 12754 13204 18310 1527245 11959 40736 1522030  6028  2356  98320 16036 31919 14914 103564
SRM_1831_300s_20x20det_1_12_18 12650 13082 17643 1526047 12074 40661 1520763  6039  1967  98688 15832 31834 13650 104593
SRM_1831_300s_20x20det_1_12_19 12818 12994 17569 1517167 11836 40690 1519421  5727  1975  97550 15138 32369 14308 104051
SRM_1831_300s_20x20det_1_12_2  12695 13146 17638 1532386 12030 40888 1523197  6021  2293  99161 16101 32550 14817 104336
SRM_1831_300s_20x20det_1_12_3  12769 13174 17763 1529577 12072 40714 1523909  6100  2175  98415 15989 31818 14658 104088
SRM_1831_300s_20x20det_1_12_4  13049 13306 18063 1527173 12378 40591 1519855  6002  1958  97898 15413 32008 14060 104943
SRM_1831_300s_20x20det_1_12_5  12557 13503 17880 1528429 11823 40796 1520336  5805  2262  98152 15248 32878 14908 103721
SRM_1831_300s_20x20det_1_12_6  12453 13225 18150 1529819 12038 40644 1520869  5971  2210  99054 15810 32293 14732 104149
SRM_1831_300s_20x20det_1_12_7  12734 13180 17851 1531838 11927 40430 1521126  5570  1793  98284 16680 31741 14928 103728
SRM_1831_300s_20x20det_1_12_8  12791 13264 17831 1529391 12134 41171 1518341  5916  1799  99076 15778 32709 14608 104315
SRM_1831_300s_20x20det_1_12_9  12594 13367 18136 1528790 11740 41284 1522949  5731  1954  98379 15564 31587 14579 103061
SRM_1831_300s_20x20det_1_13_0  12846 13356 18284 1529487 12162 41238 1520574  5904  1830  97718 16287 32136 15017 105054
SRM_1831_300s_20x20det_1_13_1  13057 13236 17965 1528949 12000 40735 1521929  6049  2541  99030 16236 31306 13816 104499
SRM_1831_300s_20x20det_1_13_10 12590 13384 17998 1534231 12165 41232 1523334  5835  2390  99017 15244 32693 14710 103622
SRM_1831_300s_20x20det_1_13_11 12913 13302 17938 1534361 11916 40759 1524328  5917  1965  98907 15151 32591 15054 103994
SRM_1831_300s_20x20det_1_13_12 12788 13360 17689 1520929 11951 40431 1518586  5599  2131  97982 15681 31444 14554 103285
SRM_1831_300s_20x20det_1_13_13 12772 13104 18179 1533081 11964 40425 1522487  5830  2125  97821 15548 31274 14065 104200
SRM_1831_300s_20x20det_1_13_14 12990 13436 18221 1530473 12147 40666 1522668  5667  2278  98555 15901 31858 14171 104099
SRM_1831_300s_20x20det_1_13_15 12819 13402 17925 1531202 11982 40848 1519839  6002  1776  98091 15972 32424 14709 103785
SRM_1831_300s_20x20det_1_13_16 12608 13356 17872 1530818 12059 40916 1525960  6135  2074  99168 16279 32562 14187 104204
SRM_1831_300s_20x20det_1_13_17 12742 13384 17785 1529659 12259 40852 1518712  6007  2316  98080 15570 32699 14373 103738
SRM_1831_300s_20x20det_1_13_18 12986 13350 18172 1534248 12178 40931 1523722  5602  2409  98847 15781 31854 14331 104168
SRM_1831_300s_20x20det_1_13_19 12872 13196 17715 1531905 12241 40786 1523187  5760  2299  99460 15354 31808 14317 104743
SRM_1831_300s_20x20det_1_13_2  12688 13289 18139 1528500 12269 40398 1522594  6244  2350  98527 15526 32254 14411 104061
SRM_1831_300s_20x20det_1_13_3  12789 13154 17771 1530283 11662 40859 1518630  5746  2242  98142 15108 32109 14589 103427
SRM_1831_300s_20x20det_1_13_4  12856 13132 17914 1527436 11877 40500 1519412  5614  1957  98066 15258 32459 14145 103723
SRM_1831_300s_20x20det_1_13_5  12782 13281 17853 1528600 11864 40768 1519130  5953  1915  98284 15780 32302 14647 104049
SRM_1831_300s_20x20det_1_13_6  12663 13292 17897 1530249 11784 40599 1521529  5968  2101  98580 15727 32250 14372 104499
SRM_1831_300s_20x20det_1_13_7  12871 13344 17926 1524441 12079 40820 1521499  5871  2379  98533 15609 32139 13310 103513
SRM_1831_300s_20x20det_1_13_8  12672 13057 18190 1531280 11963 40867 1522177  6092  2336  98737 15083 31831 14104 103191
SRM_1831_300s_20x20det_1_13_9  12765 13266 17992 1528388 12201 40813 1521437  5890  2169  99033 15920 32404 14653 104531
SRM_1831_300s_20x20det_1_14_0  12767 13537 18073 1534402 12240 40624 1522893  6000  2174  97753 15748 32081 13536 105544
SRM_1831_300s_20x20det_1_14_1  12711 13461 18091 1528964 11995 40590 1521864  6055  2450  98589 15642 31318 14065 105158
SRM_1831_300s_20x20det_1_14_10 12745 13360 18031 1532298 12068 40513 1522359  5733  2015  97676 15986 32951 14372 104517
SRM_1831_300s_20x20det_1_14_11 12751 13415 18169 1530921 12198 40654 1521813  6010  1927  97652 15283 32241 13865 104411
SRM_1831_300s_20x20det_1_14_12 12743 13072 17908 1532748 12109 40841 1521282  6046  2140  98434 16453 31571 14271 104625
SRM_1831_300s_20x20det_1_14_13 12864 13279 17932 1534056 12104 40680 1522824  5972  2104  97822 15976 31832 14396 104574
SRM_1831_300s_20x20det_1_14_14 12593 13292 17877 1533496 11745 40885 1523185  5911  2348  98487 15181 32548 14457 104366
SRM_1831_300s_20x20det_1_14_15 12924 13476 18280 1530718 12542 41049 1519851  6075  2277  98483 15199 32493 14814 103197
SRM_1831_300s_20x20det_1_14_16 12743 13455 17823 1532344 12327 40621 1523239  6126  2132  98721 15998 32039 14388 103542
SRM_1831_300s_20x20det_1_14_17 12823 13438 17918 1531132 11981 39867 1521432  5754  2082  98720 15496 31794 14928 104120
SRM_1831_300s_20x20det_1_14_18 12888 13358 17962 1531278 11849 40604 1522928  5810  2411  97851 16150 31440 13600 103853
SRM_1831_300s_20x20det_1_14_19 12645 13225 17735 1532226 11971 41153 1522581  6215  2051  98151 15482 32383 14754 104135
SRM_1831_300s_20x20det_1_14_2  12700 13427 17986 1527520 12317 40778 1522497  6299  2297  98067 15961 31331 14711 103869
SRM_1831_300s_20x20det_1_14_3  12628 13350 17977 1531014 12298 40797 1520705  5739  2159  98298 15220 31957 14264 104593
SRM_1831_300s_20x20det_1_14_4  12834 13237 17856 1529268 12002 41025 1520626  5823  2233  97703 15554 32583 13574 103933
SRM_1831_300s_20x20det_1_14_5  12682 13270 18054 1530354 11570 40356 1519127  6019  2282  98384 15309 32648 14722 103664
SRM_1831_300s_20x20det_1_14_6  12628 13425 17771 1530901 11762 40873 1521242  5838  2315  98018 15142 31654 14256 104708
SRM_1831_300s_20x20det_1_14_7  12882 13373 17917 1525606 12307 40566 1521198  5836  2272  98266 15797 31931 14286 104112
SRM_1831_300s_20x20det_1_14_8  12885 13136 18190 1529554 12323 41050 1519774  6361  2200  98494 15766 31908 15385 103392
SRM_1831_300s_20x20det_1_14_9  12029 12984 17274 1480409 11780 39952 1512912  5561  1924  97787 15584 31768 14695 103684
SRM_1831_300s_20x20det_1_15_0  12908 13382 18139 1532787 12143 40832 1522796  6050  2225  98360 15555 32626 14496 105532
SRM_1831_300s_20x20det_1_15_1  13018 13505 17989 1532813 11983 41187 1522714  6273  2571  98496 16175 32275 14779 104302
SRM_1831_300s_20x20det_1_15_10 12891 13360 17891 1530090 12386 40588 1519280  6029  2255  98291 15724 31988 13887 103456
SRM_1831_300s_20x20det_1_15_11 12649 13390 17927 1527036 11956 41061 1518748  5965  1893  97919 15515 31611 14354 103384
SRM_1831_300s_20x20det_1_15_12 12767 13191 18044 1526832 12028 40936 1520174  5693  2070  98272 16007 31632 13942 104671
SRM_1831_300s_20x20det_1_15_13 12740 13450 17938 1530298 12243 40240 1519267  5887  2315  98216 15448 31457 14958 103784
SRM_1831_300s_20x20det_1_15_14 12962 13221 17932 1526065 12438 40844 1519904  5926  2085  97950 15899 32045 14502 104643
SRM_1831_300s_20x20det_1_15_15 12871 13301 17839 1528875 11867 40936 1523991  6082  2116  98077 15759 32132 14353 103657
SRM_1831_300s_20x20det_1_15_16 12648 13423 18074 1531823 12191 40674 1523460  6085  2340  98775 15786 31783 15313 104822
SRM_1831_300s_20x20det_1_15_17 12712 13140 18241 1533262 12018 40625 1523820  5863  1994  98888 15392 32103 14598 103506
SRM_1831_300s_20x20det_1_15_18 12721 13519 18218 1530239 12157 40538 1520934  5885  2303  98133 15769 31823 15064 103717
SRM_1831_300s_20x20det_1_15_19 12764 13367 17500 1533956 12028 40823 1524030  5793  1918  97838 16012 32639 14791 103698
SRM_1831_300s_20x20det_1_15_2  12662 13517 17819 1529041 12080 40856 1526448  5890  2400  98875 15784 32093 14075 104371
SRM_1831_300s_20x20det_1_15_3  12689 13149 17913 1530610 12216 40822 1522175  6051  1997  98209 15302 32302 14539 104137
SRM_1831_300s_20x20det_1_15_4  12844 13346 17591 1527394 12030 41158 1521910  5603  1873  98839 15244 32420 14002 103482
SRM_1831_300s_20x20det_1_15_5  12815 13355 17857 1530932 12229 40526 1522088  5723  2153  99108 15452 33396 14506 104013
SRM_1831_300s_20x20det_1_15_6  12832 13260 17708 1531374 11969 40879 1524792  6123  2280  98469 15645 31989 15357 104032
SRM_1831_300s_20x20det_1_15_7  12685 13264 17824 1531117 12094 40788 1521536  5657  1932  98588 16471 31519 14171 104556
SRM_1831_300s_20x20det_1_15_8  12657 13342 17683 1528885 11628 40578 1519571  6102  2097  98189 16071 31926 14096 104769
SRM_1831_300s_20x20det_1_15_9  12811 13099 17794 1528936 11946 40761 1518414  5546  1918  97147 16015 32122 14404 104079
SRM_1831_300s_20x20det_1_16_0  12820 13359 18268 1532837 12105 41026 1523532  5875  2083  98488 16204 31770 14288 104947
SRM_1831_300s_20x20det_1_16_1  12729 13590 18282 1530674 12049 40472 1522843  6223  2250  98630 15600 31831 14701 103654
SRM_1831_300s_20x20det_1_16_10 12690 13021 17771 1530710 11841 40668 1521994  6134  2257  98493 15352 32262 14492 104514
SRM_1831_300s_20x20det_1_16_11 12761 13358 17942 1533260 12098 41216 1524630  6012  2025  98865 15688 32203 14333 103499
SRM_1831_300s_20x20det_1_16_12 12652 13360 17843 1530465 11819 40871 1523961  5833  2487  98409 15017 31927 14726 103729
SRM_1831_300s_20x20det_1_16_13 11229 11870 16404 1410212 15878 40256 1505289  5839  2117  97928 16048 32490 15608 103714
SRM_1831_300s_20x20det_1_16_14 12831 13400 17986 1531255 12160 40657 1520592  6052  2320  98098 15790 32120 15098 104376
SRM_1831_300s_20x20det_1_16_15 13009 13275 18039 1530118 11866 40916 1522182  5744  1922  97498 15838 31798 14602 103809
SRM_1831_300s_20x20det_1_16_16 12825 13484 17900 1532937 11996 40756 1521834  5835  1942  98378 16338 32007 14557 103992
SRM_1831_300s_20x20det_1_16_17 12527 13204 18208 1530241 12212 40475 1522640  6067  2214  98523 15285 31909 13542 103905
SRM_1831_300s_20x20det_1_16_18 12956 13226 17991 1534734 11971 40956 1524795  6014  2445  97680 15769 32558 15100 103840
SRM_1831_300s_20x20det_1_16_19 12692 13456 18065 1530847 12190 40907 1522581  5708  1979  97600 15533 32078 14511 104699
SRM_1831_300s_20x20det_1_16_2  12940 13547 18309 1533622 11872 40744 1522286  5801  2186  98650 15644 32657 15010 104300
SRM_1831_300s_20x20det_1_16_3  12827 13176 17841 1525568 12000 40836 1518827  5876  2092  98910 15594 31649 14885 103721
SRM_1831_300s_20x20det_1_16_4  12744 13208 17920 1532009 12086 40528 1523073  6164  2331  98010 16111 31977 13910 104262
SRM_1831_300s_20x20det_1_16_5  12639 13317 17669 1532405 11733 40772 1519793  5983  1963  98463 15252 32325 14307 103626
SRM_1831_300s_20x20det_1_16_6  12521 13319 17662 1529787 11959 41009 1521322  5979  2202  98332 16253 32555 15187 103224
SRM_1831_300s_20x20det_1_16_7  12866 13113 17737 1528854 12183 40481 1521395  5892  2280  98395 15878 31725 14952 104909
SRM_1831_300s_20x20det_1_16_8  12835 13287 17696 1529710 12102 40523 1521986  5726  2138  99080 15398 32261 14337 104663
SRM_1831_300s_20x20det_1_16_9  12685 13230 18182 1529514 12073 40834 1519895  6276  2499  98272 15353 32638 15232 104646
SRM_1831_300s_20x20det_1_17_0  12984 13392 17953 1534041 12009 40739 1527194  5884  1959  98130 15629 31841 14743 104832
SRM_1831_300s_20x20det_1_17_1  12933 13436 18184 1531577 12026 40549 1524361  5917  2179  98472 15587 31150 14344 104570
SRM_1831_300s_20x20det_1_17_10 12725 13298 17875 1533445 11950 40960 1522886  6177  2455  99300 15852 32154 14785 103679
SRM_1831_300s_20x20det_1_17_11 12694 13366 17756 1534353 11997 40808 1523369  5862  2573  98885 15665 32621 15134 105021
SRM_1831_300s_20x20det_1_17_12 12786 13300 18189 1533187 12124 40369 1523561  6003  2010  98691 15594 31686 14734 104667
SRM_1831_300s_20x20det_1_17_13 12663 13304 17984 1531997 11828 40143 1521426  6150  1974  98417 16031 32827 15480 103902
SRM_1831_300s_20x20det_1_17_14 12864 13244 17757 1533905 11999 40834 1524478  5807  2330  98253 15762 31969 14015 104221
SRM_1831_300s_20x20det_1_17_15 12921 13454 17735 1528983 11815 40603 1520309  5674  2148  98536 15302 31627 14596 105158
SRM_1831_300s_20x20det_1_17_16 12886 13338 18193 1533964 12250 40496 1521537  5727  2380  98934 14491 32128 14875 103648
SRM_1831_300s_20x20det_1_17_17 12775 13630 18081 1531438 11957 40680 1519394  5831  1953  98897 15728 32318 14086 104251
SRM_1831_300s_20x20det_1_17_18 12557 13405 17929 1530992 11796 40792 1521891  6078  2345  98173 15578 32217 14169 103961
SRM_1831_300s_20x20det_1_17_19 13002 13366 18023 1532399 12183 40522 1520892  6224  2563  99113 15590 32144 14288 104025
SRM_1831_300s_20x20det_1_17_2  12822 13416 17668 1533758 12004 40823 1523145  5761  1812  98599 15674 31907 14900 104168
SRM_1831_300s_20x20det_1_17_3  12722 13411 17875 1534985 12181 40636 1524799  6028  1802  98189 15480 32123 14308 103874
SRM_1831_300s_20x20det_1_17_4  12832 13204 17923 1527825 11720 40684 1517357  6176  2192  98296 14976 31606 14671 104407
SRM_1831_300s_20x20det_1_17_5  12872 13286 17992 1533988 12134 40714 1526027  5607  1917  99535 15610 31834 14705 103656
SRM_1831_300s_20x20det_1_17_6  12917 13326 18067 1534587 12051 40851 1522036  5971  2240  98654 15486 31889 14244 104651
SRM_1831_300s_20x20det_1_17_7  12823 13461 17622 1531975 11913 40889 1520709  6024  1942  98233 15148 31389 14627 104374
SRM_1831_300s_20x20det_1_17_8  12995 13410 17760 1531755 11928 40652 1520007  5863  1949  98191 15724 32504 14959 105441
SRM_1831_300s_20x20det_1_17_9  12671 13530 17789 1534135 12224 41033 1526425  6164  2263  98666 15612 31910 14328 104169
SRM_1831_300s_20x20det_1_18_0  12813 13228 18281 1531844 11893 40591 1523625  5919  2219  98318 15378 31706 14737 105440
SRM_1831_300s_20x20det_1_18_1  12760 13372 18215 1529182 12148 40655 1520661  5611  2050  98740 16003 31985 14768 104753
SRM_1831_300s_20x20det_1_18_10 12669 13304 17824 1530444 11982 40841 1518391  5719  2214  98142 14618 31562 14127 103986
SRM_1831_300s_20x20det_1_18_11 12897 13268 18194 1531572 12004 41017 1523135  5569  2061  98188 15901 31973 13946 103874
SRM_1831_300s_20x20det_1_18_12 12762 13359 18010 1532251 12038 40656 1517739  6154  2202  97840 15624 32594 13545 103954
SRM_1831_300s_20x20det_1_18_13 12988 13486 17984 1531363 12112 40970 1520633  6346  2348  98326 15801 32427 15533 103686
SRM_1831_300s_20x20det_1_18_14 12731 13215 17921 1529202 12119 40350 1520310  6031  2170  98363 15281 31748 14171 104971
SRM_1831_300s_20x20det_1_18_15 12597 13298 17750 1528004 12213 40671 1518395  5769  2036  98231 15670 32157 14983 104767
SRM_1831_300s_20x20det_1_18_16 12821 13382 17898 1527054 12072 40377 1519155  5930  2131  98315 15395 31745 14339 103846
SRM_1831_300s_20x20det_1_18_17 12787 13522 17615 1530142 12019 40631 1519442  5937  2369  98233 15622 30908 14611 104362
SRM_1831_300s_20x20det_1_18_18 12537 13351 17999 1529356 12078 40869 1520733  5972  2302  98862 15153 31561 13673 104149
SRM_1831_300s_20x20det_1_18_19 12751 13539 18185 1528989 12166 40917 1519192  5998  2444  98709 15885 31999 14345 104614
SRM_1831_300s_20x20det_1_18_2  12691 13341 18091 1532042 12282 40846 1524494  6146  2390  97927 15703 32323 14782 104149
SRM_1831_300s_20x20det_1_18_3  12653 13240 17479 1529581 11598 40390 1518473  6132  1801  98429 15933 32847 15597 103751
SRM_1831_300s_20x20det_1_18_4  12917 13611 18059 1533533 12268 40714 1522021  5621  2117  98674 16055 32095 14276 104986
SRM_1831_300s_20x20det_1_18_5  12737 13346 17798 1527094 11960 40385 1522909  5919  2468  98051 15456 32555 14335 103310
SRM_1831_300s_20x20det_1_18_6  12753 13209 17946 1530488 11739 40685 1518988  5726  2092  97840 14921 31418 14088 104121
SRM_1831_300s_20x20det_1_18_7  12583 13177 17839 1522918 11929 40501 1520104  5538  1666  98763 15868 32094 15073 103497
SRM_1831_300s_20x20det_1_18_8  12716 13296 18037 1531905 12084 41008 1519492  6028  2131  97977 15531 32258 14534 103978
SRM_1831_300s_20x20det_1_18_9  12844 13281 17954 1530578 12350 40737 1520533  5923  2228  98586 15584 32315 14531 104166
SRM_1831_300s_20x20det_1_19_0  13092 13419 18106 1530614 11847 40746 1519535  5925  1878  98125 15077 32030 14627 105325
SRM_1831_300s_20x20det_1_19_1  12804 13382 18304 1528877 12292 40434 1518865  5906  1942  97991 15890 31281 14893 104147
SRM_1831_300s_20x20det_1_19_10 12907 13278 17798 1528370 12020 40731 1519368  5628  2087  98206 16064 31721 14406 104695
SRM_1831_300s_20x20det_1_19_11 12682 13158 17812 1532875 12023 40726 1521156  5814  2275  98088 15001 31548 13730 103986
SRM_1831_300s_20x20det_1_19_12 13001 13267 17718 1532103 12315 40516 1520368  5571  2052  98111 14986 31867 14959 104254
SRM_1831_300s_20x20det_1_19_13 12745 13297 17944 1534782 11973 41131 1522841  6284  2606  98366 15800 32478 15090 104120
SRM_1831_300s_20x20det_1_19_14 12848 13285 18180 1530551 11933 40876 1522593  5891  1915 100046 15458 32723 14121 104309
SRM_1831_300s_20x20det_1_19_15 12898 13266 17860 1526499 11797 40643 1515907  5886  2047  98375 16026 32018 14227 104207
SRM_1831_300s_20x20det_1_19_16 12991 13273 18182 1532060 12285 40570 1519742  5898  2364  98198 16144 31987 14592 104938
SRM_1831_300s_20x20det_1_19_17 12691 13490 18071 1530251 12192 40941 1519069  5779  1975  97735 15306 31838 14843 103769
SRM_1831_300s_20x20det_1_19_18 12817 13321 18027 1535008 11816 41099 1523271  5977  2051  98562 15631 33105 15194 104521
SRM_1831_300s_20x20det_1_19_19 12892 13399 18085 1533293 12281 40422 1524740  5868  1940  98571 15547 31767 14563 104375
SRM_1831_300s_20x20det_1_19_2  12481 13227 17902 1528964 11932 40390 1519906  5616  1845  98117 15843 32855 14410 104642
SRM_1831_300s_20x20det_1_19_3  12691 13573 17867 1527502 12057 40904 1518784  5885  2108  98491 16328 32637 14818 104297
SRM_1831_300s_20x20det_1_19_4  12921 13479 18026 1528994 11784 40444 1520783  5735  2018  98318 15727 31594 14434 103517
SRM_1831_300s_20x20det_1_19_5  12873 13460 17886 1533435 11880 41261 1522491  6157  2153  98453 15712 32175 15358 103305
SRM_1831_300s_20x20det_1_19_6  12868 13485 18012 1528802 12065 40598 1520113  5771  1895  98693 15859 31235 14035 103940
SRM_1831_300s_20x20det_1_19_7  12838 13438 18054 1528586 11792 40721 1520236  6036  2514  99160 15155 32297 13970 104509
SRM_1831_300s_20x20det_1_19_8  12626 13510 17764 1528321 12293 41094 1519390  5828  1988  98510 15181 32134 13933 104032
SRM_1831_300s_20x20det_1_19_9  12658 13561 18051 1532501 12167 40325 1521676  5752  2164  97378 15993 32052 14217 104381
SRM_1831_300s_20x20det_1_2_0   12812 13270 18056 1530180 12118 41028 1524408  5889  2087  98686 15998 32369 14409 105289
SRM_1831_300s_20x20det_1_2_1   12988 13223 18030 1530173 11927 40606 1522527  6032  2092  97906 15661 32869 14553 104549
SRM_1831_300s_20x20det_1_2_10  12722 13243 17801 1528820 12228 40542 1523297  5952  2257  98182 15759 31355 14843 104028
SRM_1831_300s_20x20det_1_2_11  12856 13572 17920 1523950 12209 40877 1520437  5934  2221  97890 15381 32305 14538 104190
SRM_1831_300s_20x20det_1_2_12  12682 13252 17820 1529178 11916 40758 1521313  5916  1811  98393 15305 32399 14541 103301
SRM_1831_300s_20x20det_1_2_13  12773 13388 17933 1530956 11996 40910 1523508  5770  2209  99293 15676 31862 14620 105412
SRM_1831_300s_20x20det_1_2_14  12798 13264 17927 1526816 11872 41159 1518455  5974  2058  98307 15803 31606 13651 103769
SRM_1831_300s_20x20det_1_2_15  12586 13313 17778 1525667 12315 40531 1517814  5796  2115  98652 15258 32595 14942 103186
SRM_1831_300s_20x20det_1_2_16  12566 13300 18028 1518313 11733 40647 1512803  5864  1875  97305 14620 32100 13965 104454
SRM_1831_300s_20x20det_1_2_17  12768 13392 17881 1527182 11706 40827 1516854  5993  2271  98428 15949 32320 14370 103898
SRM_1831_300s_20x20det_1_2_18  12649 13353 17633 1528149 11869 40500 1522444  5761  2092  98454 16167 31582 14011 104043
SRM_1831_300s_20x20det_1_2_19  13033 13098 17915 1530102 12309 40795 1525364  5885  1806  98427 15708 32314 13744 104869
SRM_1831_300s_20x20det_1_2_2   12766 13438 18179 1527014 11961 40532 1520572  5656  1887  98453 15021 31908 14992 104273
SRM_1831_300s_20x20det_1_2_3   12795 13468 17932 1531485 11709 41061 1524511  6052  2126  98470 16197 32114 14664 103928
SRM_1831_300s_20x20det_1_2_4   12977 13158 18213 1525781 12383 40962 1519061  5658  2439  99175 15948 31948 15004 103687
SRM_1831_300s_20x20det_1_2_5   12878 13270 17962 1527582 12096 40817 1519467  5985  2164  97684 15662 32558 14996 103858
SRM_1831_300s_20x20det_1_2_6   12821 13273 17886 1530706 11659 40627 1521286  5975  2061  98093 15946 32111 14545 104136
SRM_1831_300s_20x20det_1_2_7   12750 13272 17800 1526003 11720 40515 1518732  5956  2139  98000 16228 31888 14544 103651
SRM_1831_300s_20x20det_1_2_8   12882 13301 17821 1529051 12086 40391 1519239  5916  2393  98494 15571 32817 14959 104030
SRM_1831_300s_20x20det_1_2_9   12788 13220 17897 1530229 12164 40655 1520489  5860  2114  98821 15910 31929 13991 104147
SRM_1831_300s_20x20det_1_3_0   12799 13421 18107 1527061 11894 40581 1523657  5923  2302  98700 15505 31854 13878 105227
SRM_1831_300s_20x20det_1_3_1   12972 13337 18043 1529095 11780 40926 1523101  5981  2315  98148 15978 31518 14563 104394
SRM_1831_300s_20x20det_1_3_10  12771 13486 17864 1528694 12089 41021 1522569  5644  2642  98841 15462 31112 13760 103494
SRM_1831_300s_20x20det_1_3_11  12854 13482 17889 1530074 12227 40789 1523505  6180  1984  97597 15869 31616 13198 103365
SRM_1831_300s_20x20det_1_3_12  12733 13309 17868 1532200 12259 40896 1522057  6029  2131  97752 15309 32475 13839 103992
SRM_1831_300s_20x20det_1_3_13  12862 13141 18040 1527471 11892 41122 1519578  6059  2000  98144 15969 32742 14566 104066
SRM_1831_300s_20x20det_1_3_14  12789 13271 18054 1527537 12596 41248 1520561  5831  2095  98182 15478 32096 15316 102918
SRM_1831_300s_20x20det_1_3_15  12768 13444 17855 1532155 12017 41014 1518131  5962  2058  98861 15339 31875 14266 103793
SRM_1831_300s_20x20det_1_3_16  12783 13223 17955 1529280 11971 40832 1521809  6032  2225  98652 15506 32429 13727 102633
SRM_1831_300s_20x20det_1_3_17  12623 13525 17820 1529045 12036 40417 1517980  5795  1990  98197 15191 31848 14566 104777
SRM_1831_300s_20x20det_1_3_18  12858 13476 18073 1528625 12069 40724 1523004  5767  2027  98624 15598 33128 14380 103921
SRM_1831_300s_20x20det_1_3_19  12702 13598 17850 1529230 12199 40835 1522945  6032  2029  98204 15289 32001 14749 103554
SRM_1831_300s_20x20det_1_3_2   12986 13424 18178 1528369 11590 40714 1522721  5964  1887  99283 15323 31663 14876 104210
SRM_1831_300s_20x20det_1_3_3   12818 13457 17931 1532050 11919 40721 1522248  5903  2346  98499 16178 32145 14637 104932
SRM_1831_300s_20x20det_1_3_4   12773 13003 17968 1529872 12131 41257 1521616  6211  2278  97812 15565 33281 14516 104666
SRM_1831_300s_20x20det_1_3_5   13012 13276 18291 1529168 11975 40843 1522766  5723  1907  98612 15360 32329 13911 104339
SRM_1831_300s_20x20det_1_3_6   12899 13438 17763 1531011 11897 40781 1520033  6137  2396  98500 15697 31876 14907 103885
SRM_1831_300s_20x20det_1_3_7   12711 13195 17731 1526949 12039 40785 1521854  6306  2355  98072 15467 32894 14733 103501
SRM_1831_300s_20x20det_1_3_8   12946 13199 17677 1528734 11949 40455 1521764  5872  2000  97811 15253 31894 14744 104022
SRM_1831_300s_20x20det_1_3_9   12888 13154 17859 1531380 11702 40766 1522816  5799  1996  98969 15815 31878 14104 103672
SRM_1831_300s_20x20det_1_4_0   12961 13526 18094 1528425 12344 40610 1523390  5816  2433  98956 15556 31882 14619 105463
SRM_1831_300s_20x20det_1_4_1   12892 13294 17885 1528928 11964 40603 1521593  6098  2244  97545 16108 32123 13850 104756
SRM_1831_300s_20x20det_1_4_10  12644 13502 17886 1528029 12137 41331 1518481  6259  2398  97602 16630 31401 14394 104935
SRM_1831_300s_20x20det_1_4_11  12708 13402 18122 1526611 12005 40667 1516619  6041  2591  97975 15261 32299 14517 103742
SRM_1831_300s_20x20det_1_4_12  12890 13717 18029 1526696 12220 40731 1519984  6226  2318  99107 15346 31688 14810 103110
SRM_1831_300s_20x20det_1_4_13  12687 13225 17783 1527834 11686 40700 1521089  6077  1922  98460 16433 31591 14377 104157
SRM_1831_300s_20x20det_1_4_14  12635 13268 17741 1527251 12008 40588 1519513  5999  2280  98379 15389 32887 14103 103469
SRM_1831_300s_20x20det_1_4_15  12786 13508 17805 1526614 12302 40475 1519975  6136  2170  99138 16098 32243 14859 103833
SRM_1831_300s_20x20det_1_4_16  12458 13037 17142 1504251 11943 40502 1520421  5972  2273  98689 15600 32245 14337 103311
SRM_1831_300s_20x20det_1_4_17  12874 13269 17888 1526283 12143 40436 1518418  6055  2185  98219 15900 31856 15003 104283
SRM_1831_300s_20x20det_1_4_18  12678 13306 17954 1528685 12231 40505 1521346  6039  2340  98182 15583 31838 13860 104499
SRM_1831_300s_20x20det_1_4_19  12635 13210 18105 1531719 12099 40602 1523873  5728  1977  98724 14989 32546 14495 104385
SRM_1831_300s_20x20det_1_4_2   12698 13390 17745 1527422 11848 40746 1522806  5886  1953  98437 15557 32077 14611 105474
SRM_1831_300s_20x20det_1_4_3   12742 13233 17804 1528605 12068 40657 1519495  6046  2368  98356 15857 32000 13873 102959
SRM_1831_300s_20x20det_1_4_4   12547 13411 17974 1522440 12135 40741 1514338  5440  1949  97816 15718 31917 14505 103317
SRM_1831_300s_20x20det_1_4_5   12862 13330 17869 1524859 11982 40837 1518501  6054  2390  98047 15546 32305 15286 103225
SRM_1831_300s_20x20det_1_4_6   12771 13417 17932 1524027 11861 40498 1518375  5893  1841  97731 15204 32064 14709 103264
SRM_1831_300s_20x20det_1_4_7   12742 13200 17729 1527394 11757 40981 1520739  5776  2287  98064 15856 32292 14477 104031
SRM_1831_300s_20x20det_1_4_8   12641 13419 17668 1525687 11891 40600 1520408  6058  2294  98340 15981 31232 14653 104222
SRM_1831_300s_20x20det_1_4_9   12703 13654 18057 1527593 12070 41044 1515852  5770  2286  98121 15887 32024 14521 103101
SRM_1831_300s_20x20det_1_5_0   12997 13345 18207 1530830 12189 40729 1522775  5894  1982  98969 16260 31465 14462 105064
SRM_1831_300s_20x20det_1_5_1   12899 13577 18021 1529730 11808 40360 1524546  5676  2051  98333 15370 31589 14569 103662
SRM_1831_300s_20x20det_1_5_10  12698 13323 17836 1527237 11834 40785 1518986  6070  2094  98710 16120 32145 15126 103526
SRM_1831_300s_20x20det_1_5_11  12837 13170 18047 1533409 12083 40944 1525629  6026  2302  99752 15919 32305 15247 104163
SRM_1831_300s_20x20det_1_5_12  12723 13248 18025 1528213 12095 40340 1520129  5694  2387  98175 15006 31308 13668 104245
SRM_1831_300s_20x20det_1_5_13  12782 13303 18064 1528317 11890 40651 1520136  5794  2221  98051 15315 32147 13403 103983
SRM_1831_300s_20x20det_1_5_14  12851 13538 17833 1532373 12026 41246 1525448  6225  2300  99012 15828 32229 14984 104048
SRM_1831_300s_20x20det_1_5_15  12788 13161 18171 1529989 12396 40599 1522815  5500  2151  97829 15640 31978 14389 104148
SRM_1831_300s_20x20det_1_5_16  12797 13231 17938 1524815 12259 40695 1517625  6045  2426  99384 15501 31936 13754 104565
SRM_1831_300s_20x20det_1_5_17  12866 13283 17740 1527772 12007 40623 1521312  5596  2016  98232 15037 31249 14382 103746
SRM_1831_300s_20x20det_1_5_18  12870 13381 17839 1529361 11980 40787 1518785  6118  2161  98757 15206 32461 14793 103634
SRM_1831_300s_20x20det_1_5_19  12718 13220 17593 1526926 12139 40605 1520627  5958  1862  97915 15716 32091 14364 104138
SRM_1831_300s_20x20det_1_5_2   12623 13268 17959 1529427 12154 40520 1520282  5870  2036  98596 15835 32172 14136 103668
SRM_1831_300s_20x20det_1_5_3   12739 13405 17815 1525484 12120 40738 1521532  5799  2017  98337 15663 32055 14037 104401
SRM_1831_300s_20x20det_1_5_4   13107 13334 17882 1530164 11817 40723 1521508  6202  2090  98324 16032 31608 14169 103977
SRM_1831_300s_20x20det_1_5_5   12603 13281 18112 1524190 11866 41166 1518355  6207  2178  99214 16047 31997 13792 104775
SRM_1831_300s_20x20det_1_5_6   12389 13116 17735 1527380 11986 40716 1520586  5995  1893  97951 15381 31809 13703 104665
SRM_1831_300s_20x20det_1_5_7    1812  1975  2608  217806  1724  5770  216832   944   478  14401  2744  5117  2545  15518
SRM_1831_300s_20x20det_1_5_8   12845 13016 17882 1527715 11887 40601 1519301  5955  2151  98417 15012 32200 14894 104220
SRM_1831_300s_20x20det_1_5_9   12537 13286 18087 1526671 11857 40712 1518648  5813  1880  98222 15794 31271 13246 103788
SRM_1831_300s_20x20det_1_6_0   12852 13422 18199 1530137 12025 40725 1524125  5821  1907  98283 15525 31731 15449 105695
SRM_1831_300s_20x20det_1_6_1   12808 13058 17908 1528237 11803 40339 1521081  5713  1678  98789 15477 32220 14275 105087
SRM_1831_300s_20x20det_1_6_10  12576 13446 17877 1529210 12117 40374 1520320  5770  2091  98506 15037 32204 14181 103596
SRM_1831_300s_20x20det_1_6_11  12615 13543 17686 1526268 12037 40672 1520805  5730  2034  97750 15441 32295 14016 103862
SRM_1831_300s_20x20det_1_6_12  12715 13319 18121 1532074 12093 41115 1522663  5670  1700  98469 16081 32297 14421 103639
SRM_1831_300s_20x20det_1_6_13  12839 13380 18097 1528304 11937 41196 1518287  6138  2314  98597 15976 32419 14810 103837
SRM_1831_300s_20x20det_1_6_14  12654 13384 18063 1532897 12297 40783 1523999  5822  2123  98692 15713 31582 14510 103467
SRM_1831_300s_20x20det_1_6_15  12625 13356 17933 1530892 11923 40832 1521460  5887  2214  98885 16008 31662 15020 104227
SRM_1831_300s_20x20det_1_6_16  12552 13320 17889 1528730 11848 40562 1519771  5969  2103  97844 16101 31742 14329 104274
SRM_1831_300s_20x20det_1_6_17  12795 13222 17908 1526997 11920 40702 1519298  6191  2171  97998 15837 31852 14445 103076
SRM_1831_300s_20x20det_1_6_18  12698 13518 18244 1530834 11969 40765 1521918  6133  2004  98261 15730 33576 14733 104234
SRM_1831_300s_20x20det_1_6_19  12640 13252 17667 1529429 11871 41079 1521132  6018  2342  97548 15094 32094 14082 103586
SRM_1831_300s_20x20det_1_6_2   12712 13257 17991 1529074 12037 40718 1520630  6040  2318  98443 15498 31306 14352 103175
SRM_1831_300s_20x20det_1_6_3   12752 13429 17989 1527790 11690 41270 1518730  5526  1885  98068 15478 32289 14111 103715
SRM_1831_300s_20x20det_1_6_4   12641 13546 17738 1530072 11811 40755 1520878  5864  1863  98572 15781 31856 14666 104270
SRM_1831_300s_20x20det_1_6_5   12753 13387 18208 1526519 12017 40747 1516511  5878  2427  98336 15472 32689 14687 103604
SRM_1831_300s_20x20det_1_6_6   12629 13359 17727 1526869 11800 40406 1520025  5786  2144  98151 16093 32187 15567 103413
SRM_1831_300s_20x20det_1_6_7   12702 13316 17962 1527810 11904 40961 1518930  5918  1875  98184 15760 32079 14172 103592
SRM_1831_300s_20x20det_1_6_8   12685 13312 18024 1530804 12038 40616 1522888  5752  2320  99100 15609 32128 14482 103936
SRM_1831_300s_20x20det_1_6_9   12465 13291 17885 1527471 11984 40833 1519508  5968  2487  97434 15385 32899 14502 104533
SRM_1831_300s_20x20det_1_7_0   12767 13417 18226 1528865 11922 40513 1518781  6099  2379  98067 15343 32474 14398 105115
SRM_1831_300s_20x20det_1_7_1   12763 13702 17733 1531929 12018 40993 1522499  5933  2143  98607 15771 31587 14039 105150
SRM_1831_300s_20x20det_1_7_10  12915 13515 17615 1528999 11957 40599 1520511  5765  2004  98322 15670 31931 14180 103931
SRM_1831_300s_20x20det_1_7_11  12741 13487 17701 1529964 12102 41189 1523414  6427  2029  98789 16449 31597 14607 104647
SRM_1831_300s_20x20det_1_7_12  12908 13386 18003 1530939 12038 40566 1524071  5603  2040  98300 15738 32137 14412 104311
SRM_1831_300s_20x20det_1_7_13  12750 13264 18040 1528699 12034 40650 1521560  5734  1852  98874 16049 31776 13590 104112
SRM_1831_300s_20x20det_1_7_14  12699 13555 18028 1529869 11779 40947 1521871  5656  2123  97989 15525 32688 14003 103982
SRM_1831_300s_20x20det_1_7_15  12749 13244 17843 1527494 11921 40896 1521119  6260  2347  98145 15064 32433 14993 104176
SRM_1831_300s_20x20det_1_7_16  12611 13111 17745 1529410 12024 40833 1520856  5767  2216  98113 15303 31756 14583 103184
SRM_1831_300s_20x20det_1_7_17  12779 13157 17949 1524956 12346 40620 1516509  6387  2202  98478 15596 31895 15297 103417
SRM_1831_300s_20x20det_1_7_18  12721 13234 17869 1529649 11806 40665 1521721  5965  2304  98489 15654 32003 14636 105078
SRM_1831_300s_20x20det_1_7_19  12863 13373 17566 1530706 11695 40868 1523656  5690  2417  98340 16221 31313 14444 104432
SRM_1831_300s_20x20det_1_7_2   12877 13164 17995 1528998 12134 40657 1522750  5757  2367  98175 15688 31729 14420 104442
SRM_1831_300s_20x20det_1_7_3   12461 13579 17947 1530941 11735 40595 1522451  5836  2151  98377 15455 32167 14201 104425
SRM_1831_300s_20x20det_1_7_4   12693 13486 17903 1530799 12098 41034 1521106  6297  2187  98810 15244 31805 15554 104213
SRM_1831_300s_20x20det_1_7_5   12856 13343 18138 1531134 12143 40906 1522998  5961  2028  98230 15555 33185 15225 103538
SRM_1831_300s_20x20det_1_7_6   12648 13549 17788 1529279 12100 40256 1519990  6007  2160  98574 15526 32212 13793 103622
SRM_1831_300s_20x20det_1_7_7   12757 13260 17927 1528183 11951 40594 1520411  5841  2259  97376 15459 32065 14764 103536
SRM_1831_300s_20x20det_1_7_8   12653 13170 17913 1532222 11905 40752 1522666  5756  2295  99209 15470 32367 14540 103931
SRM_1831_300s_20x20det_1_7_9   13005 13425 18085 1532639 11567 40913 1522880  6222  2085  98690 15766 32871 15400 103982
SRM_1831_300s_20x20det_1_8_0   12882 13390 17987 1529638 12303 40733 1523127  6304  2389  97937 15965 31835 13641 104726
SRM_1831_300s_20x20det_1_8_1   12780 13483 18086 1529840 12084 40484 1522031  5924  2294  98472 15484 33187 14430 103950
SRM_1831_300s_20x20det_1_8_10  12957 13329 18106 1530429 11967 40572 1521827  6150  2185  98370 15420 31817 14172 104000
SRM_1831_300s_20x20det_1_8_11  12685 13226 18125 1530316 12061 40723 1522842  5658  1968  97983 15932 32308 14489 103740
SRM_1831_300s_20x20det_1_8_12  13105 13194 17940 1529601 12206 40935 1519839  5725  2381  97987 15652 31477 14400 103942
SRM_1831_300s_20x20det_1_8_13  12713 13339 17836 1530149 11885 40813 1521977  5602  2016  98517 15748 32557 14315 104690
SRM_1831_300s_20x20det_1_8_14  12745 13433 18207 1529535 12122 40630 1522919  5961  2210  98540 15311 31964 13815 103656
SRM_1831_300s_20x20det_1_8_15  13089 13303 17456 1528913 12073 40444 1522958  5809  2163  98217 16122 31670 13949 104084
SRM_1831_300s_20x20det_1_8_16  12655 13127 17958 1528065 12320 40794 1519630  6316  2296  98617 15289 32288 13887 103180
SRM_1831_300s_20x20det_1_8_17  12775 13183 17931 1524470 11969 40691 1519197  6336  2024  98324 15685 31882 13630 103397
SRM_1831_300s_20x20det_1_8_18  12650 13083 18000 1529168 12005 41001 1521296  5981  2185  97873 16142 32325 15578 103744
SRM_1831_300s_20x20det_1_8_19  12549 13196 17957 1528441 11629 40498 1520897  6080  2465  98690 16383 32214 14659 103437
SRM_1831_300s_20x20det_1_8_2   12894 13301 18121 1529062 12104 40574 1522000  5891  1839  98106 15493 32109 14484 103624
SRM_1831_300s_20x20det_1_8_3   12640 13212 17494 1528875 11802 40709 1520640  5678  1924  99105 15209 31952 14411 103459
SRM_1831_300s_20x20det_1_8_4   12681 13391 18101 1530951 12306 40354 1520932  5605  1886  97913 16203 31244 14103 103622
SRM_1831_300s_20x20det_1_8_5   12729 13349 17903 1531812 11961 40461 1525241  5768  1936  98992 15799 32419 14391 104401
SRM_1831_300s_20x20det_1_8_6   12989 13462 18226 1531542 12376 40824 1523660  5802  2084  98526 15205 32291 14053 104668
SRM_1831_300s_20x20det_1_8_7   12655 13266 17889 1530911 11893 40973 1521504  5618  1827  97562 15380 32538 15103 103779
SRM_1831_300s_20x20det_1_8_8   12763 13247 17847 1531276 11925 41035 1520936  5843  2069  98220 15752 32075 13977 104361
SRM_1831_300s_20x20det_1_8_9   12642 13181 18023 1533299 12040 40693 1524727  6341  2115  98314 15505 32033 14165 104317
SRM_1831_300s_20x20det_1_9_0   12926 13527 18171 1532795 12264 41153 1523807  5989  2501  98658 15302 31980 14451 105383
SRM_1831_300s_20x20det_1_9_1   12917 13459 18074 1528935 12099 40738 1523602  5891  2284  98361 15207 32320 13990 104946
SRM_1831_300s_20x20det_1_9_10  12689 13325 18009 1529679 12278 40860 1522206  6002  2373  98735 14758 32183 14158 103855
SRM_1831_300s_20x20det_1_9_11  12801 13239 18101 1530610 12015 40748 1520906  5854  2070  98291 15118 32281 14610 103690
SRM_1831_300s_20x20det_1_9_12  12921 13455 18121 1530782 12186 40426 1521255  6118  2311  98358 16022 31990 14482 103910
SRM_1831_300s_20x20det_1_9_13  12781 13340 17926 1527419 12332 40659 1518533  5595  2066  98183 15569 32543 14757 103815
SRM_1831_300s_20x20det_1_9_14  12759 13372 18066 1528019 12008 40832 1520680  5783  1995  98120 15783 31992 14742 103004
SRM_1831_300s_20x20det_1_9_15  12743 13324 17706 1528087 11921 40393 1517019  6005  2052  98044 16338 31657 14722 103635
SRM_1831_300s_20x20det_1_9_16  12745 13299 17597 1530367 12006 40874 1524132  6372  2244  99116 15007 32770 14975 104658
SRM_1831_300s_20x20det_1_9_17  12287 12840 17190 1490487 11882 40296 1513487  5642  2179  98718 15475 31773 14554 103553
SRM_1831_300s_20x20det_1_9_18  12892 13584 18028 1529676 12035 40814 1520892  6207  2235  97618 15251 31717 15168 104011
SRM_1831_300s_20x20det_1_9_19  12874 13339 17538 1531337 11984 40765 1520744  5785  1973  97990 15891 32033 14309 103772
SRM_1831_300s_20x20det_1_9_2   12762 13421 18138 1528555 12081 40694 1520659  6128  2426  98543 15613 31933 14519 104241
SRM_1831_300s_20x20det_1_9_3   12760 13310 17784 1531724 11748 41007 1523661  6091  2298  99103 15530 32756 14492 104166
SRM_1831_300s_20x20det_1_9_4   13011 13435 18128 1532231 11974 41239 1519019  6194  2424  98357 15499 31210 13979 104227
SRM_1831_300s_20x20det_1_9_5   12676 13387 18014 1529164 12200 40797 1520729  5982  2047  98037 14913 31892 14410 104447
SRM_1831_300s_20x20det_1_9_6   12785 13446 17936 1532584 11964 40409 1523501  5808  2410  97684 15835 31780 14365 103964
SRM_1831_300s_20x20det_1_9_7   12741 13261 17783 1527557 12078 40549 1521332  6122  2122  99106 16251 32913 14879 103689
SRM_1831_300s_20x20det_1_9_8   12644 13189 17873 1531377 11876 40684 1522288  6106  2264  98018 15406 31668 14576 104725
SRM_1831_300s_20x20det_1_9_9   12819 13220 18122 1527204 11746 40735 1521787  6124  2352  97802 16126 31810 14118 104352
SRM_1831_300s_20x20det_2_0_0   13639 14379 19733 1656012 12265 44195 1641549  6464  2495 105551 17014 34178 14815 110630
SRM_1831_300s_20x20det_2_0_1   13708 14124 19715 1652840 12515 43725 1639687  6488  2544 107287 16479 33885 15586 110999
SRM_1831_300s_20x20det_2_0_10  13848 14361 19645 1658659 12691 44475 1649559  6319  2858 107320 16703 35151 15582 111397
SRM_1831_300s_20x20det_2_0_11  13697 14283 19531 1659162 12315 44451 1650692  6545  2440 106612 16393 34394 17233 111120
SRM_1831_300s_20x20det_2_0_12  13593 14089 19493 1660864 12702 43932 1652584  6222  2429 107627 16631 34367 15750 111882
SRM_1831_300s_20x20det_2_0_13  13629 14156 19745 1659573 12248 44146 1650132  6250  2349 106255 16302 34506 16084 111867
SRM_1831_300s_20x20det_2_0_14  13681 14226 19800 1660400 12461 44267 1651932  6385  2527 107277 16862 34076 14568 111473
SRM_1831_300s_20x20det_2_0_15  13664 14327 19590 1656038 12663 44562 1648864  6147  2321 107452 16182 34000 15813 112053
SRM_1831_300s_20x20det_2_0_16  13669 14199 19902 1659863 12563 44044 1649488  6321  2308 106813 16604 35043 15394 111379
SRM_1831_300s_20x20det_2_0_17  13667 14379 19865 1658558 12726 43966 1645826  6752  2364 106456 17296 34152 14895 111551
SRM_1831_300s_20x20det_2_0_18  13834 14363 20202 1655988 12901 44012 1648370  6245  2027 106609 16656 34101 15349 110905
SRM_1831_300s_20x20det_2_0_19  13794 14258 19665 1660350 12522 43784 1650119  6663  2299 107100 16567 34405 15215 111378
SRM_1831_300s_20x20det_2_0_2    2542  2607  3520  300556  2361  7920  298564  1247   654  19701  3051  6891  3361  20277
SRM_1831_300s_20x20det_2_0_3   13717 14146 19768 1655511 12460 43950 1642400  6667  2157 106263 16723 33964 15567 112156
SRM_1831_300s_20x20det_2_0_4   13769 14122 19881 1658250 12613 43832 1646708  6617  2463 106274 16886 34697 16138 111700
SRM_1831_300s_20x20det_2_0_5   13645 14425 19729 1656492 12715 43700 1646800  6614  2143 108846 16218 34134 16196 111277
SRM_1831_300s_20x20det_2_0_6   13555 14200 20084 1663642 12512 44319 1653369  6501  2236 107397 16949 33950 16213 111213
SRM_1831_300s_20x20det_2_0_7   13695 14239 19912 1661931 12552 44115 1651974  6562  2380 107229 16889 34204 15534 111962
SRM_1831_300s_20x20det_2_0_8   13776 14322 19840 1660637 12635 44241 1651097  6378  2612 106965 17556 34595 15838 111385
SRM_1831_300s_20x20det_2_0_9   13327 13846 19283 1617732 12642 44043 1645565  6657  2481 107504 17376 33951 15934 111746
SRM_1831_300s_20x20det_2_1_0   13567 14195 19683 1652084 12750 44244 1648626  6445  2394 107480 16878 34373 16475 111539
SRM_1831_300s_20x20det_2_1_1   13843 13979 19548 1660208 12701 44147 1649862  6526  2338 107295 16866 34790 15834 110846
SRM_1831_300s_20x20det_2_1_10  13653 14183 19914 1653561 12583 44262 1649845  6250  2630 107394 16656 34296 15384 109953
SRM_1831_300s_20x20det_2_1_11  13433 14312 19634 1655583 12359 44138 1647842  6450  2396 107058 16014 34184 16025 111489
SRM_1831_300s_20x20det_2_1_12  13531 14028 19426 1652176 12666 43651 1646354  6132  2030 107107 16667 35039 15569 110586
SRM_1831_300s_20x20det_2_1_13  13586 14134 19595 1654855 12613 44214 1648417  6501  2340 106706 16423 34770 15796 111655
SRM_1831_300s_20x20det_2_1_14  13687 14176 19791 1655435 12682 43857 1647759  6370  2259 106382 16671 34656 15742 111231
SRM_1831_300s_20x20det_2_1_15  13757 14297 19537 1658228 12351 43974 1649570  6177  2346 106352 16586 34320 15987 111152
SRM_1831_300s_20x20det_2_1_16  13773 14246 20184 1652126 12659 44459 1646205  6399  2235 106367 16804 33852 15452 110334
SRM_1831_300s_20x20det_2_1_17  13409 14121 19708 1654222 12839 43856 1644117  6217  2010 106867 17068 34107 15521 110631
SRM_1831_300s_20x20det_2_1_18  13556 14517 19823 1654355 12742 44146 1643828  6932  2550 107393 16465 34714 17064 111406
SRM_1831_300s_20x20det_2_1_19  13710 14176 19592 1656618 12531 44045 1649385  6688  2637 106709 16623 34359 15478 111083
SRM_1831_300s_20x20det_2_1_2   13818 14102 19700 1657011 12672 44085 1652395  6610  2477 105839 17385 34309 15710 110855
SRM_1831_300s_20x20det_2_1_3   13726 14326 19989 1655908 12567 43861 1645859  6331  2405 106928 16513 34131 15165 110544
SRM_1831_300s_20x20det_2_1_4    8593  8804 12341 1045184  7848 28091 1042055  3953  1450  67611 10887 22176  9851  69698
SRM_1831_300s_20x20det_2_1_5   13993 14292 19873 1653906 12396 43988 1646667  6779  2462 106011 16598 33979 15431 112443
SRM_1831_300s_20x20det_2_1_6   13488 14366 19763 1654674 12437 44087 1648238  6510  1817 106428 17262 33861 15435 110278
SRM_1831_300s_20x20det_2_1_7   13695 13973 19684 1655781 12531 43994 1649690  6497  2181 106909 17065 34789 15562 110282
SRM_1831_300s_20x20det_2_1_8   13712 14155 19915 1656464 12703 44048 1649572  6049  2147 106797 16291 34422 15544 110478
SRM_1831_300s_20x20det_2_1_9   13724 14139 19710 1654673 12244 44182 1647092  6278  2087 106430 16353 34574 15516 110923
SRM_1831_300s_20x20det_2_10_0  13732 14112 19996 1655619 12651 43945 1646644  6634  2068 107233 17008 34251 15297 111636
SRM_1831_300s_20x20det_2_10_1  13447 14295 19937 1654969 12595 43950 1648318  6257  2015 106770 16696 34367 15718 111562
SRM_1831_300s_20x20det_2_10_10 13113 13880 19178 1626512 12761 44183 1642177  6244  2093 106108 17144 34992 15616 111243
SRM_1831_300s_20x20det_2_10_11 13576 14224 19854 1657118 12734 44508 1649042  6643  2347 106470 16561 34507 15966 109489
SRM_1831_300s_20x20det_2_10_12 13647 14349 19759 1656542 12301 44088 1648493  6739  2847 106749 16851 34650 15442 110263
SRM_1831_300s_20x20det_2_10_13 13546 14241 19784 1653687 12596 44208 1645424  6471  2107 107124 16468 34857 15665 110654
SRM_1831_300s_20x20det_2_10_14 13547 14202 19564 1654657 12373 43349 1647629  6285  2086 106456 16471 34379 15222 111158
SRM_1831_300s_20x20det_2_10_15 13716 14037 19760 1660098 12532 44099 1649255  6402  2380 106778 16294 33856 15307 110641
SRM_1831_300s_20x20det_2_10_16 13861 14369 19888 1658089 12425 43961 1646950  6122  2144 107375 16424 34664 15023 111434
SRM_1831_300s_20x20det_2_10_17 13669 14190 19714 1652867 12548 44293 1646413  6289  1958 105727 17019 35399 15404 111028
SRM_1831_300s_20x20det_2_10_18 13497 14400 19526 1655787 12479 44217 1648104  6578  2154 106679 17168 34530 15978 111296
SRM_1831_300s_20x20det_2_10_19 13560 14183 19713 1654776 12489 43781 1648892  6631  2321 107500 17490 34363 15688 111499
SRM_1831_300s_20x20det_2_10_2  13546 14565 19771 1658578 12450 44076 1649556  6617  2653 107213 17057 33578 15809 111178
SRM_1831_300s_20x20det_2_10_3  13651 14080 19775 1658559 12538 44551 1645462  6444  2190 107081 16077 34816 15728 110973
SRM_1831_300s_20x20det_2_10_4  13561 14138 19933 1657113 12822 43948 1647707  6518  2284 107275 16482 34353 15408 111146
SRM_1831_300s_20x20det_2_10_5  13764 14124 19756 1656454 12379 44007 1647920  6714  2250 107034 17018 33869 15290 110142
SRM_1831_300s_20x20det_2_10_6  13485 13901 19724 1656083 12542 44002 1645527  6446  2471 106602 16228 34330 15401 110500
SRM_1831_300s_20x20det_2_10_7  13586 14087 19733 1657731 12837 43983 1648676  5936  2254 106352 16986 34580 16096 110300
SRM_1831_300s_20x20det_2_10_8  13785 14311 20066 1655113 12600 44077 1648941  6611  2424 106070 16443 34812 15817 111158
SRM_1831_300s_20x20det_2_10_9   8424  8957 12310 1033635  8041 27532 1028355  4093  1439  66260 10446 22135 10938  69321
SRM_1831_300s_20x20det_2_11_0  13657 14069 20080 1651897 12528 44117 1643719  6391  2171 106178 17330 34374 15342 112047
SRM_1831_300s_20x20det_2_11_1  13811 14314 19718 1654551 12742 44033 1646389  6213  2514 106408 16856 34391 15738 111327
SRM_1831_300s_20x20det_2_11_10 13608 14330 19725 1658512 12570 43621 1648945  6582  2021 106207 17365 35197 16089 110818
SRM_1831_300s_20x20det_2_11_11 13702 14185 19829 1658504 12520 44277 1650162  6770  2559 106563 16395 34342 15644 110513
SRM_1831_300s_20x20det_2_11_12 13585 14327 19679 1658469 12693 44271 1649071  6842  2724 107101 17068 33901 14753 110255
SRM_1831_300s_20x20det_2_11_13 13761 14151 19707 1655671 12625 43780 1649310  6884  2390 107391 16553 34630 15669 110545
SRM_1831_300s_20x20det_2_11_14 13444 13988 19956 1656583 12195 43868 1650768  6584  2251 107446 16750 34315 15604 110615
SRM_1831_300s_20x20det_2_11_15 13644 14245 19744 1658541 12513 44517 1650514  6276  2376 106235 16887 33865 14347 111471
SRM_1831_300s_20x20det_2_11_16  6199  6515  9231  774923  6029 20318  772102  3149  1124  50829  8188 16650  7951  52621
SRM_1831_300s_20x20det_2_11_17 13555 14103 19471 1650417 12644 43840 1648608  6017  2305 107135 16812 34091 15187 110132
SRM_1831_300s_20x20det_2_11_18 13536 14344 19673 1657604 12972 43994 1646671  6248  2677 107280 17069 34399 15179 110465
SRM_1831_300s_20x20det_2_11_19 13634 14092 19843 1653485 12630 44398 1648825  6382  2189 106287 16991 34706 16273 110973
SRM_1831_300s_20x20det_2_11_2  13617 14086 19900 1655176 12536 44149 1647871  6237  2436 107755 16933 35450 16527 111096
SRM_1831_300s_20x20det_2_11_3   4536  4812  6657  551185  4119 14692  548257  2398   745  36045  6430 11824  5335  37097
SRM_1831_300s_20x20det_2_11_4  13890 14186 19929 1654343 12750 44196 1648725  6537  2238 106748 16932 34482 15282 110399
SRM_1831_300s_20x20det_2_11_5  13808 14276 19828 1658134 12563 44423 1650217  6452  2281 106917 16461 34717 16749 110858
SRM_1831_300s_20x20det_2_11_6  13883 14150 19737 1655420 12485 44236 1647119  6657  2402 106530 16676 34482 15385 111067
SRM_1831_300s_20x20det_2_11_7  13508 14331 19707 1658888 12461 43825 1647012  6256  2154 106702 17406 34753 15983 110493
SRM_1831_300s_20x20det_2_11_8  13461 13898 19638 1654847 12391 43720 1647829  6696  2283 106563 16620 34470 15932 110372
SRM_1831_300s_20x20det_2_11_9   8227  8491 11845  994219  7450 26587  989558  4118  1573  64297 10318 21111  9458  66637
SRM_1831_300s_20x20det_2_12_0  13750 14443 19679 1657270 12570 43819 1647470  6568  2194 106498 16340 33697 15258 111776
SRM_1831_300s_20x20det_2_12_1   5741  6140  8253  695509  5271 18716  692360  2855  1166  44790  7300 14824  7401  47018
SRM_1831_300s_20x20det_2_12_10 13537 14224 19586 1659860 12459 44017 1650133  6706  2297 106904 16646 34469 15201 110828
SRM_1831_300s_20x20det_2_12_11 13929 14294 19423 1653787 12050 44083 1647908  6237  2260 106841 17313 34773 15603 109687
SRM_1831_300s_20x20det_2_12_12 13440 14271 19624 1652426 12475 44120 1644934  6444  2479 106768 16144 34689 16135 110511
SRM_1831_300s_20x20det_2_12_13 13394 14200 19789 1657214 12536 43933 1649643  6444  2517 105584 16586 34919 15236 111226
SRM_1831_300s_20x20det_2_12_14 13770 14287 19928 1657460 12554 44365 1649018  6268  2296 105972 16566 34996 16029 109990
SRM_1831_300s_20x20det_2_12_15 13512 14230 19871 1653135 12587 43147 1647723  6499  2187 106771 16844 34280 15243 110396
SRM_1831_300s_20x20det_2_12_16 13538 14135 19489 1653678 12223 43975 1648255  6393  2311 106681 16618 34024 14812 110988
SRM_1831_300s_20x20det_2_12_17 13526 14023 19808 1656099 12339 44030 1647069  6406  2275 107424 17005 34479 15468 110619
SRM_1831_300s_20x20det_2_12_18 13765 14295 19221 1655365 12340 44247 1648825  6470  2304 106967 17548 34432 15692 110685
SRM_1831_300s_20x20det_2_12_19 10263 10573 14550 1234265  9089 32975 1227935  4886  1953  80032 12279 25574 12749  82255
SRM_1831_300s_20x20det_2_12_2  13284 14361 19922 1657091 12573 44139 1649583  6420  2167 106583 16838 34232 15712 111070
SRM_1831_300s_20x20det_2_12_3  13508 14235 19835 1656260 12669 43993 1647816  6369  2528 106705 16741 34243 16086 110591
SRM_1831_300s_20x20det_2_12_4  13503 14402 19902 1658020 12548 43552 1648828  6061  2199 107129 17000 34311 16119 111186
SRM_1831_300s_20x20det_2_12_5   9311  9773 13766 1152451  8855 30577 1147836  4583  1813  75063 12482 24222 11300  76742
SRM_1831_300s_20x20det_2_12_6  13710 14387 19967 1653407 12591 43844 1646975  6059  2337 106905 16744 34378 15692 110772
SRM_1831_300s_20x20det_2_12_7  13407 14237 19823 1655287 12354 43592 1645355  6297  2092 106951 16797 34784 16062 110424
SRM_1831_300s_20x20det_2_12_8  13514 14015 19696 1657717 12483 43844 1648576  6733  3197 107642 16575 34735 15329 112028
SRM_1831_300s_20x20det_2_12_9  13371 14451 19753 1657807 12714 44341 1648022  6624  2358 106840 16926 34597 16613 110193
SRM_1831_300s_20x20det_2_13_0   6609  6757  9489  804079  5916 21449  799352  3242  1372  52205  8066 16749  7943  54331
SRM_1831_300s_20x20det_2_13_1  13568 14232 19815 1655065 12206 44218 1646464  6878  2481 106829 16989 34625 15797 110541
SRM_1831_300s_20x20det_2_13_10 13730 14364 20000 1660858 12429 43611 1650716  6539  2068 107142 16749 34531 15684 110664
SRM_1831_300s_20x20det_2_13_11 13684 14240 19692 1660514 12647 44286 1650832  6287  2237 107563 17237 34398 16201 111362
SRM_1831_300s_20x20det_2_13_12 13449 14154 19707 1651501 12688 44051 1648266  6264  2444 106114 16534 34030 15861 111486
SRM_1831_300s_20x20det_2_13_13 13505 14152 19747 1659912 12250 44036 1650236  6234  2017 106353 16540 34606 15050 110425
SRM_1831_300s_20x20det_2_13_14 13856 14379 19584 1658873 12989 44399 1649135  6656  2781 107431 16377 35020 16196 110992
SRM_1831_300s_20x20det_2_13_15 13451 14138 20011 1658985 12655 43774 1650788  6124  2139 107218 16303 34445 15678 110585
SRM_1831_300s_20x20det_2_13_16 13711 14286 19819 1658692 12790 43858 1649954  6354  2278 107096 17977 34049 16372 110692
SRM_1831_300s_20x20det_2_13_17 13658 14112 19815 1658633 12542 44308 1647657  6637  2338 106158 16979 34950 15906 110537
SRM_1831_300s_20x20det_2_13_18 13620 14555 19810 1660439 12531 44399 1649029  6206  2455 106334 17073 34532 15464 111034
SRM_1831_300s_20x20det_2_13_19 13728 14235 19987 1659928 12545 43767 1650588  6407  2406 106510 16785 34797 15220 111478
SRM_1831_300s_20x20det_2_13_2  13612 14326 19878 1655619 12682 44278 1645892  6415  2506 106869 16203 34676 15769 110537
SRM_1831_300s_20x20det_2_13_3  13452 14190 19595 1655272 12666 43677 1647002  6568  2049 106704 16992 35100 16313 110464
SRM_1831_300s_20x20det_2_13_4  13424 14519 19748 1653469 12759 43679 1644840  6373  2062 106305 16686 34118 16364 110862
SRM_1831_300s_20x20det_2_13_5  13641 14167 19855 1658574 12653 43796 1649176  6249  2400 106395 17009 35009 16315 111337
SRM_1831_300s_20x20det_2_13_6  13761 14307 19838 1656630 12602 44084 1649909  6155  2366 107067 16718 34236 16541 110292
SRM_1831_300s_20x20det_2_13_7  13562 14220 19738 1656669 12741 44259 1649942  6289  2523 107204 16023 34885 14994 110262
SRM_1831_300s_20x20det_2_13_8  13945 14253 19665 1657527 12829 44205 1649098  6496  2347 106204 16605 34603 15387 111772
SRM_1831_300s_20x20det_2_13_9  13591 14264 19845 1659033 12466 44072 1651541  6055  2205 106739 16613 34432 15813 110654
SRM_1831_300s_20x20det_2_14_0  14052 14375 19798 1658728 12320 43614 1650271  6191  2361 106709 16994 34166 16314 111551
SRM_1831_300s_20x20det_2_14_1  13807 14389 19496 1658008 12440 44418 1647104  6447  2324 106481 16793 35146 15751 111372
SRM_1831_300s_20x20det_2_14_10 13555 14379 19782 1656947 12723 44491 1648956  6403  2390 106797 16512 34421 15765 110972
SRM_1831_300s_20x20det_2_14_11 13690 14465 19762 1657195 12784 43958 1650080  6683  2144 107772 16998 34688 15442 110880
SRM_1831_300s_20x20det_2_14_12  1337  1469  1936  162032  1224  4272  161904   684   421  10925  2076  3897  2173  11106
SRM_1831_300s_20x20det_2_14_13 13627 14351 19998 1661907 12856 44228 1653506  6262  2449 107387 17551 34725 16178 110878
SRM_1831_300s_20x20det_2_14_14 13462 14236 19515 1657532 12711 44233 1646473  6443  2363 106857 17208 33925 15891 110858
SRM_1831_300s_20x20det_2_14_15 13687 14215 19658 1658005 12679 44301 1650391  6611  2157 106379 16999 34746 15432 110635
SRM_1831_300s_20x20det_2_14_16 13676 14172 20191 1658445 12922 44244 1648234  6470  2425 106989 16536 33943 16214 110960
SRM_1831_300s_20x20det_2_14_17 13409 14282 19840 1656348 12526 43992 1646717  6455  2566 106897 17065 34172 15314 110356
SRM_1831_300s_20x20det_2_14_18 13793 13884 19616 1659867 12417 44129 1649894  6347  1994 105925 17763 34315 16026 111451
SRM_1831_300s_20x20det_2_14_19 13593 14213 19590 1657067 12548 43949 1648744  6349  2635 106547 16113 34809 15821 111139
SRM_1831_300s_20x20det_2_14_2  13526 14344 19878 1656479 12313 44287 1644885  6689  2132 105949 16960 34596 16183 110790
SRM_1831_300s_20x20det_2_14_3  13723 14402 19756 1658560 12797 43536 1649104  6632  2354 107053 16676 34750 14967 111824
SRM_1831_300s_20x20det_2_14_4  13557 14228 19687 1659121 13112 44155 1644985  6210  1976 106796 17109 34550 15393 110512
SRM_1831_300s_20x20det_2_14_5  13544 14259 19669 1657923 12305 44217 1646283  6359  2118 107025 16640 34096 15452 110557
SRM_1831_300s_20x20det_2_14_6  13574 14287 19769 1656711 12724 44157 1645287  6533  2500 107273 16480 34113 16074 110906
SRM_1831_300s_20x20det_2_14_7  13794 14374 19659 1656691 12507 44140 1646960  6185  1917 105886 16514 34203 15063 110244
SRM_1831_300s_20x20det_2_14_8  13361 14358 19759 1657301 12519 43997 1649360  6276  2125 106364 16502 34722 15746 110203
SRM_1831_300s_20x20det_2_14_9   8664  8785 12357 1043586  8177 28352 1065206  4468  1764  69660 10744 22250  9932  72326
SRM_1831_300s_20x20det_2_15_0  13796 14351 19662 1658111 12420 44026 1648104  6472  2219 106063 16481 34322 16269 112095
SRM_1831_300s_20x20det_2_15_1   7895  8273 11441  970667  7305 25576  967034  3865  1505  62813 10118 20385  9042  65399
SRM_1831_300s_20x20det_2_15_10 11231 11912 16579 1384609 10677 36548 1378909  5099  1598  89332 14249 29192 13530  91912
SRM_1831_300s_20x20det_2_15_11 13572 14216 19866 1656185 12691 44282 1647928  6316  2244 106206 15927 35268 14992 110946
SRM_1831_300s_20x20det_2_15_12 13518 14284 19919 1656909 12703 43687 1646685  6514  2198 108075 17047 33545 15335 111050
SRM_1831_300s_20x20det_2_15_13  2777  2918  3964  335590  2582  8975  334980  1436   549  22034  3816  7621  3825  22940
SRM_1831_300s_20x20det_2_15_14 13674 13797 19593 1650592 12403 44469 1647138  6364  2164 107215 17344 33891 15384 110888
SRM_1831_300s_20x20det_2_15_15 13574 14291 20221 1664154 12511 44319 1651370  6463  2328 106682 17875 33997 15452 110905
SRM_1831_300s_20x20det_2_15_16 13511 14110 19619 1661673 12644 44267 1650235  6528  2915 107284 17497 34665 15366 111309
SRM_1831_300s_20x20det_2_15_17 13579 14193 19813 1659769 12375 44179 1649116  6330  2486 106227 17168 35350 17592 110631
SRM_1831_300s_20x20det_2_15_18 13637 14029 19677 1657729 12432 43855 1648385  6659  2427 107379 17044 34543 15589 110691
SRM_1831_300s_20x20det_2_15_19 13742 14100 19746 1659809 12464 43808 1649601  6482  2506 106467 16865 34428 15620 111174
SRM_1831_300s_20x20det_2_15_2  13683 14260 19616 1655514 12471 43777 1645261  6701  2425 105937 17378 34413 16415 110822
SRM_1831_300s_20x20det_2_15_3  13764 14338 19911 1655607 12620 44193 1647128  6110  2160 106269 16440 34150 16525 111053
SRM_1831_300s_20x20det_2_15_4  13675 14443 19784 1657412 12543 43957 1646923  6192  2126 106462 17165 35186 15549 110439
SRM_1831_300s_20x20det_2_15_5  13561 14241 19654 1658454 12759 43944 1645115  6434  2459 107270 16800 34517 15643 110240
SRM_1831_300s_20x20det_2_15_6  13658 14230 19902 1658332 12913 44171 1648953  6751  2391 107325 16611 34767 15881 110654
SRM_1831_300s_20x20det_2_15_7  13336 14126 19451 1658027 12354 44554 1649157  6438  2411 106412 16883 34421 14744 110490
SRM_1831_300s_20x20det_2_15_8  13733 14090 19926 1659076 12451 44183 1646982  6447  2428 107143 17833 34567 16539 111015
SRM_1831_300s_20x20det_2_15_9  13855 14154 19754 1658458 12536 44174 1649964  6451  2345 106555 16725 34751 15990 110925
SRM_1831_300s_20x20det_2_16_0  13900 14356 20112 1658778 12869 44170 1648783  6215  2305 106741 16937 34284 16462 111711
SRM_1831_300s_20x20det_2_16_1   1608  1670  2202  186003  1537  4900  184799   906   496  12161  2332  4712  2336  12399
SRM_1831_300s_20x20det_2_16_10 13697 14361 19444 1661362 12859 44141 1649438  6457  2376 107485 17176 34991 15588 110734
SRM_1831_300s_20x20det_2_16_11 13837 14313 20006 1658127 12628 44082 1648066  6698  2155 107102 17078 34826 16035 111371
SRM_1831_300s_20x20det_2_16_12 13679 14058 19977 1658186 12530 43972 1649834  6322  2120 106950 16933 35316 15481 111050
SRM_1831_300s_20x20det_2_16_13 13623 13981 19602 1638457 15894 43430 1644861  6437  2278 106868 16888 33537 15759 110885
SRM_1831_300s_20x20det_2_16_14 13700 14362 20109 1659988 12553 43948 1648179  6706  2650 106918 16955 35025 17021 109607
SRM_1831_300s_20x20det_2_16_15 13751 14423 19769 1658511 12533 44026 1650912  6563  2552 107062 16688 35242 16002 111129
SRM_1831_300s_20x20det_2_16_16 13724 14393 20004 1657911 12576 43613 1648230  6357  2167 106825 17012 34251 15801 110708
SRM_1831_300s_20x20det_2_16_17 13704 14416 19944 1657729 12672 44139 1648086  6386  2233 107361 17559 34564 15609 110916
SRM_1831_300s_20x20det_2_16_18  9850 10387 14418 1221820  9278 32595 1211919  4888  1901  78633 12340 25073 11115  81957
SRM_1831_300s_20x20det_2_16_19 13641 14397 20239 1661192 12927 44593 1652452  6467  2572 106597 16628 34622 16450 111458
SRM_1831_300s_20x20det_2_16_2  13834 14158 19562 1655841 12614 44303 1647478  6552  2363 106657 16877 34567 15738 110437
SRM_1831_300s_20x20det_2_16_3  10320 10740 14589 1243719  9193 32959 1235657  4883  1818  79677 12629 25789 12251  82249
SRM_1831_300s_20x20det_2_16_4  13627 14090 19627 1658373 12573 43606 1650401  6574  2454 106760 16266 35093 16288 111051
SRM_1831_300s_20x20det_2_16_5  13669 14125 19863 1658045 12396 44100 1649806  6373  2147 106401 16415 34485 16110 110911
SRM_1831_300s_20x20det_2_16_6  13567 14136 19643 1655940 12423 44055 1647855  6483  2735 107817 16787 34312 15874 110481
SRM_1831_300s_20x20det_2_16_7  13632 14362 19719 1656741 12721 44264 1647862  6621  2543 105656 17002 34196 15955 110243
SRM_1831_300s_20x20det_2_16_8  13679 14172 19658 1656506 12305 43695 1646864  6528  2316 106919 16156 35543 16200 110240
SRM_1831_300s_20x20det_2_16_9  13474 13859 19294 1625792 12251 43118 1617139  5959  1972 105081 16285 34173 16159 108942
SRM_1831_300s_20x20det_2_17_0  13871 14188 19986 1659596 12671 43654 1650304  6352  2166 106569 17423 34086 15615 112194
SRM_1831_300s_20x20det_2_17_1  13700 14188 19801 1661628 12675 44046 1649193  6284  2397 106995 16617 34383 15568 111578
SRM_1831_300s_20x20det_2_17_10 13447 14355 19812 1659296 12473 44231 1650960  6826  2208 106373 16986 35091 14651 109907
SRM_1831_300s_20x20det_2_17_11 13651 14381 19895 1662992 12874 44431 1649730  6418  2265 107456 16699 34662 14958 111762
SRM_1831_300s_20x20det_2_17_12 13781 14294 19798 1659389 12581 44207 1647577  6302  2037 106472 16172 35529 16569 110697
SRM_1831_300s_20x20det_2_17_13 13489 13908 19630 1660019 12428 44573 1653533  6559  2365 107475 16783 34283 15633 111787
SRM_1831_300s_20x20det_2_17_14  8848  9149 12735 1074658  8101 28663 1067606  4078  1621  69383 11485 22609 10566  72559
SRM_1831_300s_20x20det_2_17_15 13919 14303 19721 1657601 12664 44142 1652416  6224  2326 106283 16761 34371 15442 110482
SRM_1831_300s_20x20det_2_17_16 13730 14133 19812 1659380 12660 44187 1649398  6316  2049 106435 16570 34104 15816 110189
SRM_1831_300s_20x20det_2_17_17 13708 14137 19769 1660535 12407 43905 1651148  6675  2375 106723 16706 34572 16028 111272
SRM_1831_300s_20x20det_2_17_18 13593 14343 19770 1657945 12675 44444 1651234  6831  2546 106759 16268 33434 15348 110291
SRM_1831_300s_20x20det_2_17_19 11049 11613 16062 1352496 10447 36404 1347396  5249  1802  86853 13862 28975 13594  90569
SRM_1831_300s_20x20det_2_17_2  13832 14303 19833 1660213 12677 44557 1650138  6439  1963 106513 16413 34674 16431 111446
SRM_1831_300s_20x20det_2_17_3  13645 14304 19985 1660518 12654 43571 1652794  6320  2462 105958 16716 33746 15697 110889
SRM_1831_300s_20x20det_2_17_4  13804 14255 19739 1660910 12710 44288 1650014  6263  2268 106444 17053 34211 16238 110375
SRM_1831_300s_20x20det_2_17_5  13869 14396 19880 1661525 12461 44218 1652006  6779  2454 107873 17313 34424 16095 111668
SRM_1831_300s_20x20det_2_17_6  13806 14426 19887 1663677 12656 43867 1651644  6290  2083 106866 16637 34093 16476 110809
SRM_1831_300s_20x20det_2_17_7  13764 14346 19455 1661485 12522 44537 1653998  6435  2343 105993 17109 35066 16494 110568
SRM_1831_300s_20x20det_2_17_8  13813 14316 19751 1660588 12464 44045 1652996  6640  2242 106418 16631 34309 16947 110434
SRM_1831_300s_20x20det_2_17_9  13536 14241 19681 1656952 12291 44105 1650137  6233  2323 107648 16602 35145 15951 110515
SRM_1831_300s_20x20det_2_18_0  13776 14229 19796 1658694 12457 44346 1648225  6440  2137 106324 16932 33877 16036 112824
SRM_1831_300s_20x20det_2_18_1  13769 14191 19748 1657426 12675 43649 1649515  6326  2314 106957 17452 35115 15976 111904
SRM_1831_300s_20x20det_2_18_10 13554 14242 19781 1658144 12516 44089 1646223  6351  2379 106339 16836 34203 15295 111171
SRM_1831_300s_20x20det_2_18_11 13835 14185 19784 1661144 12656 43815 1648287  6394  2235 106875 17563 34354 16691 109798
SRM_1831_300s_20x20det_2_18_12 13589 14324 19820 1658491 12534 44074 1651907  6537  2171 107121 16091 34830 16187 110085
SRM_1831_300s_20x20det_2_18_13 13891 14196 19886 1659519 12815 44055 1648257  6389  2422 107238 16462 34342 15017 111252
SRM_1831_300s_20x20det_2_18_14 13612 14361 19653 1659670 12376 43980 1650756  6454  2368 106525 17021 34226 16770 110585
SRM_1831_300s_20x20det_2_18_15 13520 14173 19592 1658307 12438 43975 1646940  6169  2108 107034 17479 35394 17203 110852
SRM_1831_300s_20x20det_2_18_16 13677 14183 19688 1659040 12601 44271 1649537  6500  2352 107018 16661 34378 15477 111057
SRM_1831_300s_20x20det_2_18_17 13530 14370 19760 1658933 12568 44110 1645212  6212  2124 106579 16819 33996 15986 110886
SRM_1831_300s_20x20det_2_18_18 13529 14086 19829 1658115 12548 44055 1649319  6528  2386 106501 17188 33979 16230 111824
SRM_1831_300s_20x20det_2_18_19 13531 14197 20017 1651123 12491 43629 1641086  6898  2322 106381 16978 34537 16283 110524
SRM_1831_300s_20x20det_2_18_2  13767 14135 19929 1656026 12296 43966 1646312  6127  1951 105849 16069 34297 16304 111600
SRM_1831_300s_20x20det_2_18_3  13711 14244 19579 1658282 12525 44219 1647993  6481  2234 106288 16863 34618 16223 110759
SRM_1831_300s_20x20det_2_18_4  13618 14016 19721 1658053 12777 44160 1646897  6395  2152 106915 16380 34719 16314 110798
SRM_1831_300s_20x20det_2_18_5  13848 13970 19722 1651983 12484 43925 1641867  6811  2321 106101 16746 33492 15265 110250
SRM_1831_300s_20x20det_2_18_6  13621 14097 19815 1656443 12626 43992 1646723  6325  2055 106604 16620 34110 15899 110459
SRM_1831_300s_20x20det_2_18_7  13542 14114 19244 1648926 12371 43778 1645947  6329  2327 107197 16647 35288 16391 110804
SRM_1831_300s_20x20det_2_18_8  13608 14180 19779 1658242 12426 44033 1648062  6293  2132 106184 16803 34851 15626 110964
SRM_1831_300s_20x20det_2_18_9  13609 14279 20043 1656879 13080 44340 1647822  6466  2149 106366 16144 34347 15645 110970
SRM_1831_300s_20x20det_2_19_0  13920 14175 19561 1654176 12151 43949 1647386  6389  1973 106668 16465 34653 16017 111802
SRM_1831_300s_20x20det_2_19_1  13667 14292 19993 1655265 12825 43834 1645429  6543  2444 107483 16901 34672 16363 109978
SRM_1831_300s_20x20det_2_19_10 13669 14304 19798 1656208 12521 43709 1648656  6485  2368 107069 16904 34521 15943 110567
SRM_1831_300s_20x20det_2_19_11 13706 14353 19729 1660605 12660 43772 1650619  6199  2621 106977 16878 34206 15839 110202
SRM_1831_300s_20x20det_2_19_12 13655 14127 20003 1663813 12886 44371 1652414  6510  1943 107057 16265 34573 15999 111201
SRM_1831_300s_20x20det_2_19_13 13665 14174 19558 1663839 12650 43913 1651377  6204  2218 106446 16515 34091 15031 111845
SRM_1831_300s_20x20det_2_19_14 13244 13953 19633 1661645 12199 44073 1648556  6323  2287 107571 16548 34020 14954 110655
SRM_1831_300s_20x20det_2_19_15 13784 14235 19511 1658836 12631 43946 1650515  6531  2421 105937 17363 34690 16141 110112
SRM_1831_300s_20x20det_2_19_16 13588 14248 19400 1662422 12544 44291 1647193  6434  2418 106870 16182 35591 16090 111189
SRM_1831_300s_20x20det_2_19_17 13494 14244 19826 1663069 12709 44454 1649676  6302  2287 106844 16969 34910 15083 110217
SRM_1831_300s_20x20det_2_19_18 13823 14551 19983 1662080 12804 44173 1650341  6548  2327 106102 16748 34519 15786 110626
SRM_1831_300s_20x20det_2_19_19 13557 14273 19516 1661051 12527 44106 1652229  6679  2310 107036 17426 35477 16562 110126
SRM_1831_300s_20x20det_2_19_2  13779 14232 19822 1656317 12493 44099 1647249  6147  2408 106955 16675 34503 15822 111607
SRM_1831_300s_20x20det_2_19_3  13787 14416 19793 1657029 12471 44256 1648105  6287  2060 106306 15825 34473 16094 109839
SRM_1831_300s_20x20det_2_19_4  13608 14184 19750 1658436 12658 44274 1650465  6423  2417 106583 16818 33983 15278 109872
SRM_1831_300s_20x20det_2_19_5  13432 14120 20029 1657051 12446 44606 1648931  6479  2117 106943 16578 34978 15653 110181
SRM_1831_300s_20x20det_2_19_6  13630 14071 19747 1658059 12462 44342 1650777  6393  2573 105748 16734 34928 15597 110959
SRM_1831_300s_20x20det_2_19_7  13579 14291 19641 1658108 12762 44256 1647672  6553  2264 106903 16282 34696 15965 110573
SRM_1831_300s_20x20det_2_19_8  13676 13974 19850 1656375 12375 43583 1647346  6310  2335 106896 16975 34320 15401 111271
SRM_1831_300s_20x20det_2_19_9  13849 14228 19754 1659922 12509 44125 1651142  6345  2312 107303 16792 35210 16245 110652
SRM_1831_300s_20x20det_2_2_0   13682 14387 19676 1653641 12524 44247 1645997  6481  2471 106016 16760 34357 16022 112456
SRM_1831_300s_20x20det_2_2_1   13451 14373 19545 1655183 12450 44049 1645290  6699  2578 106757 16695 35588 17391 111338
SRM_1831_300s_20x20det_2_2_10  13436 14283 19236 1657148 12355 44212 1647957  6242  1976 106458 16774 34597 15064 110955
SRM_1831_300s_20x20det_2_2_11   9219  9473 13223 1101033  8293 29310 1098937  4453  1441  71360 10934 23102 11444  73727
SRM_1831_300s_20x20det_2_2_12  13526 14102 19517 1654882 12335 44228 1646652  6336  2529 107005 17206 33441 14707 110820
SRM_1831_300s_20x20det_2_2_13  13544 14149 19506 1657646 12380 43989 1646808  6169  2187 106533 16742 35214 17020 110841
SRM_1831_300s_20x20det_2_2_14  13531 14172 19540 1655740 12847 44301 1648017  6252  2222 106162 17301 34533 15141 111135
SRM_1831_300s_20x20det_2_2_15  13448 14251 19745 1656658 12202 44043 1645764  6299  2359 106899 17394 34002 15534 111118
SRM_1831_300s_20x20det_2_2_16  13506 14283 19390 1653159 12598 43920 1647126  6283  2374 106457 16532 34741 15783 110536
SRM_1831_300s_20x20det_2_2_17  13676 14291 19833 1656424 12571 43829 1647415  6632  2284 106917 17074 34611 15491 111176
SRM_1831_300s_20x20det_2_2_18  13612 14262 19812 1652936 12555 43876 1648496  6436  2298 106455 16492 34858 16916 110994
SRM_1831_300s_20x20det_2_2_19  13481 14222 19976 1656452 12837 44376 1648984  6520  2332 106733 17222 34628 15213 110329
SRM_1831_300s_20x20det_2_2_2   13505 14411 19525 1652656 12705 43952 1645406  6648  2671 106617 16650 34926 15785 110395
SRM_1831_300s_20x20det_2_2_3   13686 14437 19678 1653897 12494 43870 1647840  6283  2436 106264 16304 34864 15816 110612
SRM_1831_300s_20x20det_2_2_4   13781 14265 19465 1655880 12609 43963 1646053  6013  2432 105922 17062 34331 15439 110224
SRM_1831_300s_20x20det_2_2_5     560   647   907   71544   645  1944   71767   398   283   4767  1237  1946  1071   4810
SRM_1831_300s_20x20det_2_2_6   13475 14354 19860 1654717 12442 44071 1646724  6498  2429 107067 16521 35018 15963 110806
SRM_1831_300s_20x20det_2_2_7    4350  4495  6351  527469  4078 14114  524789  2160   846  34343  5730 11809  5411  35934
SRM_1831_300s_20x20det_2_2_8   13747 14281 19897 1656455 12393 44023 1649986  6526  2567 106887 16969 34426 15889 110580
SRM_1831_300s_20x20det_2_2_9   13795 13951 20030 1653865 12641 44031 1647777  6318  2215 106816 17116 33996 16508 111022
SRM_1831_300s_20x20det_2_3_0   13885 14273 19731 1658339 12782 44400 1648062  6260  2284 106613 16459 35040 15545 112608
SRM_1831_300s_20x20det_2_3_1   13826 14365 19759 1655578 12636 44358 1647632  6431  2210 107019 17201 34248 16605 111541
SRM_1831_300s_20x20det_2_3_10  13313 14441 19867 1658072 12410 44275 1647906  6711  2543 105405 16711 34582 15340 110451
SRM_1831_300s_20x20det_2_3_11  13627 14112 19473 1656181 12317 44309 1650098  6642  2248 107270 16481 34025 15620 110597
SRM_1831_300s_20x20det_2_3_12  13690 14290 19713 1654233 12485 43893 1646558  6548  2672 106519 16489 34054 15984 110914
SRM_1831_300s_20x20det_2_3_13  13811 14288 19925 1656379 12734 44539 1649807  6706  2419 107460 17076 33936 15451 110383
SRM_1831_300s_20x20det_2_3_14  13453 14164 19400 1652729 12521 43971 1645388  6366  2184 106059 16879 34867 16182 110349
SRM_1831_300s_20x20det_2_3_15  13686 14285 19673 1658175 12510 43997 1649835  6382  2101 107391 16780 34358 15676 110023
SRM_1831_300s_20x20det_2_3_16  13401 14300 19734 1656311 12441 43983 1649839  6437  2109 106759 17040 33937 16433 109741
SRM_1831_300s_20x20det_2_3_17  13735 14506 19433 1655836 12446 44293 1649930  6236  2617 107185 17315 34834 15293 110683
SRM_1831_300s_20x20det_2_3_18  13833 14205 19985 1656824 12302 44002 1650460  6267  2342 105891 16501 33795 15096 109992
SRM_1831_300s_20x20det_2_3_19  13448 14498 19541 1656872 12447 44218 1649281  6286  2354 107813 17254 34099 15523 110686
SRM_1831_300s_20x20det_2_3_2   13451 14432 19920 1656360 12533 43861 1649774  6443  2344 107025 16835 34624 15943 111943
SRM_1831_300s_20x20det_2_3_3   13714 14082 20258 1655226 12317 43661 1647484  6738  2627 105895 17468 34241 15807 110273
SRM_1831_300s_20x20det_2_3_4   10516 10903 15076 1278769  9857 34124 1272602  5016  1981  81768 12999 27294 12342  86239
SRM_1831_300s_20x20det_2_3_5   13994 14364 19885 1656847 12903 44294 1651001  6451  2235 106551 17427 34342 15629 110988
SRM_1831_300s_20x20det_2_3_6   13513 13945 19809 1654175 12692 44032 1650063  6979  2546 106590 16888 34587 15780 111011
SRM_1831_300s_20x20det_2_3_7   13575 14276 19647 1656373 12425 44207 1648448  6714  2461 106809 16855 34498 15796 111672
SRM_1831_300s_20x20det_2_3_8   13711 14307 19657 1657691 12520 43910 1649841  6471  2334 106923 16987 34638 16338 111794
SRM_1831_300s_20x20det_2_3_9   13675 14083 19579 1655913 12442 43912 1647729  6412  2176 106270 16493 33805 15704 111125
SRM_1831_300s_20x20det_2_4_0   13792 14193 19848 1656860 12322 44043 1650405  6444  2331 107298 17072 34511 15607 112315
SRM_1831_300s_20x20det_2_4_1   13584 13992 19567 1656203 12388 44203 1649667  6617  2152 106580 16239 34613 15710 111292
SRM_1831_300s_20x20det_2_4_10  13718 14290 20074 1655013 12786 43722 1647236  6750  2507 105966 16292 34545 16083 111152
SRM_1831_300s_20x20det_2_4_11  13659 14087 19796 1656339 12385 44286 1647365  6664  2205 106294 16755 34411 16152 110391
SRM_1831_300s_20x20det_2_4_12  13706 14221 19460 1652890 12649 44444 1646769  6232  2089 107131 17229 34576 14963 110396
SRM_1831_300s_20x20det_2_4_13  13566 13999 19439 1654660 12460 43910 1646272  6364  2405 106303 16594 34571 15351 110936
SRM_1831_300s_20x20det_2_4_14  13819 14412 19664 1654639 12496 44420 1645813  6685  2571 107644 16817 33895 15563 110718
SRM_1831_300s_20x20det_2_4_15  13542 14058 19619 1656916 12393 44225 1649915  6491  2401 107151 17073 34153 15583 110234
SRM_1831_300s_20x20det_2_4_16  13407 14104 19496 1629600 12779 43845 1645950  6309  2200 107114 16514 34714 15404 110774
SRM_1831_300s_20x20det_2_4_17  13756 14239 19683 1655163 12523 44266 1648059  6147  2480 107312 17293 34481 15595 110627
SRM_1831_300s_20x20det_2_4_18  13663 14273 19676 1657668 12662 44106 1649608  6372  2185 106985 16959 33913 16302 110061
SRM_1831_300s_20x20det_2_4_19  13707 14085 19660 1656734 12664 43655 1648236  6371  2738 107174 17042 34397 16313 110530
SRM_1831_300s_20x20det_2_4_2   13742 14272 19699 1652135 12670 44076 1648074  6300  2349 106841 16398 34078 16495 110707
SRM_1831_300s_20x20det_2_4_3   13475 14167 19751 1652966 12468 43996 1645517  6527  2359 106956 16582 34902 15371 110982
SRM_1831_300s_20x20det_2_4_4   13611 14188 19923 1650567 12264 43802 1643379  6326  2562 106852 16807 34330 14977 110205
SRM_1831_300s_20x20det_2_4_5   13595 14020 19642 1650556 12304 44210 1643812  6116  2211 107262 16927 34747 15693 110032
SRM_1831_300s_20x20det_2_4_6   13458 14385 19812 1654218 12383 43986 1644477  6231  2259 106019 16382 34962 16304 110765
SRM_1831_300s_20x20det_2_4_7   13565 14052 19541 1654394 12356 43835 1646230  5941  1937 107189 16771 34039 15625 110328
SRM_1831_300s_20x20det_2_4_8   13463 14057 19692 1653441 12558 43649 1647264  6407  2129 107313 16927 34356 15631 111031
SRM_1831_300s_20x20det_2_4_9   13665 14018 19762 1652037 12875 44178 1648453  6373  2263 105843 16480 33942 15894 110380
SRM_1831_300s_20x20det_2_5_0   13677 14263 19893 1653955 12450 44459 1645935  6606  2279 106905 16611 33137 15854 111310
SRM_1831_300s_20x20det_2_5_1   13736 14077 19581 1656537 12526 44114 1648077  6464  2323 106431 16682 34361 14987 111241
SRM_1831_300s_20x20det_2_5_10  13490 14319 19954 1658412 12779 43873 1650979  6135  2146 106938 16562 34599 15486 112014
SRM_1831_300s_20x20det_2_5_11  13707 14090 19711 1655979 12680 43790 1651705  6421  2145 106681 17593 34954 15752 110772
SRM_1831_300s_20x20det_2_5_12  13799 14123 20081 1653684 12933 44063 1646503  6293  2319 106488 16431 34513 16400 109807
SRM_1831_300s_20x20det_2_5_13   9115  9437 13278 1103343  8460 29584 1099113  4363  1638  71217 12033 23255 10182  74209
SRM_1831_300s_20x20det_2_5_14  13619 14181 19674 1656286 12668 43895 1653563  6433  2537 106464 16472 34262 15701 110554
SRM_1831_300s_20x20det_2_5_15  13836 14164 19644 1654864 12639 44155 1648214  6002  2288 106383 17030 34395 15458 111875
SRM_1831_300s_20x20det_2_5_16  13575 14202 19618 1656952 12273 44014 1646476  6545  2099 106234 17111 34399 15448 110345
SRM_1831_300s_20x20det_2_5_17  13821 14283 19675 1655357 12478 44087 1646664  6380  2344 107242 16699 34395 15323 111274
SRM_1831_300s_20x20det_2_5_18  13387 14121 19464 1656886 12404 44091 1646786  6321  2203 106526 16714 34738 16534 110253
SRM_1831_300s_20x20det_2_5_19  13661 14336 19484 1655783 12571 44210 1647854  6369  1970 106827 17336 34265 15440 111135
SRM_1831_300s_20x20det_2_5_2   13704 14142 19761 1652345 12640 44396 1647258  6433  2266 106501 16272 34010 15066 110902
SRM_1831_300s_20x20det_2_5_3   13606 14282 19516 1651561 12436 44503 1644979  6861  2652 106875 16370 34166 15098 110377
SRM_1831_300s_20x20det_2_5_4   12825 13821 18998 1599509 12368 43906 1640366  6380  1964 106596 16330 34391 15501 110288
SRM_1831_300s_20x20det_2_5_5   13563 13916 19843 1655524 12581 43942 1647741  6204  2210 107192 16649 33533 15578 110321
SRM_1831_300s_20x20det_2_5_6   13327 13867 19563 1657601 12666 44014 1647680  6517  2188 106910 17102 34497 15962 110343
SRM_1831_300s_20x20det_2_5_7   13472 14028 19603 1657211 12666 44115 1647892  6615  2688 107080 16873 34388 15092 110326
SRM_1831_300s_20x20det_2_5_8   13651 14396 19785 1655910 12477 44456 1647282  6032  2121 106042 16901 35706 15278 110895
SRM_1831_300s_20x20det_2_5_9   13349 14268 19662 1655650 12211 43760 1650330  6233  2018 107150 17076 35392 16597 111331
SRM_1831_300s_20x20det_2_6_0    7770  8011 11308  949629  7120 25284  945996  3860  1470  61866 10232 19621  9002  63954
SRM_1831_300s_20x20det_2_6_1   13727 14206 19981 1649735 12605 44192 1647555  6349  1913 105721 16434 34437 15416 111528
SRM_1831_300s_20x20det_2_6_10  13526 14322 19543 1654515 12764 44307 1645830  6456  2371 106011 16946 33771 15270 110140
SRM_1831_300s_20x20det_2_6_11  13543 14305 19658 1656433 12484 44146 1647524  6603  2543 107522 16959 35013 15025 110599
SRM_1831_300s_20x20det_2_6_12  13799 14311 19831 1655579 12571 44066 1649539  6379  2445 106709 17216 34928 15390 110479
SRM_1831_300s_20x20det_2_6_13  12594 13301 18211 1545419 11643 41185 1540434  6028  2171  99696 15432 32155 14923 102864
SRM_1831_300s_20x20det_2_6_14  13570 14231 19958 1657898 12661 44152 1648943  6523  2808 106981 17305 35190 14723 111165
SRM_1831_300s_20x20det_2_6_15  13580 14122 19511 1658448 12544 44121 1649970  6505  2389 106952 16678 34770 15873 110854
SRM_1831_300s_20x20det_2_6_16  13377 14095 19775 1652812 12459 44031 1646127  6541  2229 106740 16525 34949 15956 110736
SRM_1831_300s_20x20det_2_6_17  13764 14269 19672 1656832 12008 43943 1646984  6563  2677 106200 16368 34125 15465 110546
SRM_1831_300s_20x20det_2_6_18   1475  1631  2242  186041  1517  5008  185217   882   519  12437  2606  4404  2497  12775
SRM_1831_300s_20x20det_2_6_19  13441 14061 19599 1655223 12639 44169 1649834  6653  2297 107157 17207 35030 15573 110607
SRM_1831_300s_20x20det_2_6_2   13557 14317 19783 1655488 12229 44785 1645237  6529  2444 105856 16962 34367 16389 110342
SRM_1831_300s_20x20det_2_6_3   12459 13264 17746 1498905 11368 40086 1490703  5636  2164  96446 14947 31611 13704 100223
SRM_1831_300s_20x20det_2_6_4   13625 14312 19933 1655881 12550 43497 1647182  6419  2437 107064 16872 34762 16517 110609
SRM_1831_300s_20x20det_2_6_5   13649 14052 19704 1653673 12406 43889 1643388  6259  2309 107345 16874 33796 15990 110785
SRM_1831_300s_20x20det_2_6_6   13542 14258 19717 1656147 12794 43816 1646135  6324  1911 106226 16113 34447 15253 110456
SRM_1831_300s_20x20det_2_6_7   13577 14123 19929 1655666 12534 44218 1648567  6046  2122 105924 17205 34545 15441 110426
SRM_1831_300s_20x20det_2_6_8   13392 14231 19601 1655634 12334 44078 1647717  6496  2535 106253 16469 34284 15963 110144
SRM_1831_300s_20x20det_2_6_9   13870 14130 19741 1656164 12251 44205 1649408  6109  2235 106433 16989 35251 15864 109867
SRM_1831_300s_20x20det_2_7_0   13705 14163 19624 1655009 12719 44088 1648007  6186  2564 106098 16827 34645 15885 111285
SRM_1831_300s_20x20det_2_7_1   13611 14080 19518 1657935 12662 43909 1645072  6363  2513 107264 16622 34110 15955 110770
SRM_1831_300s_20x20det_2_7_10  13494 14165 19476 1659354 12516 43967 1650727  6807  2629 106451 16604 35453 17237 110846
SRM_1831_300s_20x20det_2_7_11  13823 14357 19672 1656147 12398 44170 1646918  6202  2465 106592 16949 34122 15692 111549
SRM_1831_300s_20x20det_2_7_12  13652 14237 19869 1657784 12620 43933 1649543  5933  2243 107871 17093 35196 16132 110398
SRM_1831_300s_20x20det_2_7_13  10513 10999 15201 1269568  9624 33895 1261544  4776  2009  82361 13410 26433 11787  84547
SRM_1831_300s_20x20det_2_7_14  13662 14387 19892 1658216 12777 43966 1647853  6559  2157 107044 17059 34863 16551 110893
SRM_1831_300s_20x20det_2_7_15  13511 14200 19759 1654095 12429 44080 1650013  6245  2394 107264 17580 35100 16156 110879
SRM_1831_300s_20x20det_2_7_16  13332 14004 19749 1654215 12348 43794 1645835  6502  2492 106863 17734 34451 15059 110544
SRM_1831_300s_20x20det_2_7_17  13542 14185 19817 1658134 12589 43834 1651543  6479  2467 106670 16133 34925 16045 111616
SRM_1831_300s_20x20det_2_7_18  13860 14292 19654 1654377 12310 44303 1648040  6552  2181 105677 16729 34429 15831 109782
SRM_1831_300s_20x20det_2_7_19  13615 14112 19795 1654208 12588 44252 1647714  6312  2097 106723 16799 35072 16906 110529
SRM_1831_300s_20x20det_2_7_2   13848 14424 19649 1655302 12617 43985 1646821  6430  2387 106634 16366 34976 15475 110708
SRM_1831_300s_20x20det_2_7_3   13596 14212 19575 1655582 12204 44033 1650735  6399  2369 106713 16931 33766 15319 110398
SRM_1831_300s_20x20det_2_7_4   13697 14382 20009 1656968 12476 44083 1649697  6238  2513 107414 16924 34175 15527 110516
SRM_1831_300s_20x20det_2_7_5   13506 14272 19805 1657783 12542 44285 1647892  6473  2293 106875 16712 34456 16185 110669
SRM_1831_300s_20x20det_2_7_6   13616 14204 19612 1656646 12658 43564 1650931  6339  1943 106888 16851 34164 15942 110847
SRM_1831_300s_20x20det_2_7_7   13586 14258 19665 1655169 12452 44479 1646471  6226  1907 106610 16441 33881 15963 110509
SRM_1831_300s_20x20det_2_7_8   13626 14150 19386 1658591 12297 44113 1649123  6370  2246 106729 16291 34013 16014 111347
SRM_1831_300s_20x20det_2_7_9   13529 14246 19732 1656294 12860 43979 1646636  6433  2693 107740 17315 34597 15861 110356
SRM_1831_300s_20x20det_2_8_0   13499 14477 19857 1658459 12408 44016 1648974  6446  2276 107011 16655 34152 15710 112051
SRM_1831_300s_20x20det_2_8_1   13465 14189 19849 1657681 12396 44055 1650696  6174  2020 107488 16936 33999 15755 110974
SRM_1831_300s_20x20det_2_8_10  13468 14266 19473 1656172 12728 44265 1650899  6510  2664 106860 17156 34661 16458 111076
SRM_1831_300s_20x20det_2_8_11  13615 14092 19782 1656198 12748 44288 1645493  6259  2197 107360 16672 33733 15680 111004
SRM_1831_300s_20x20det_2_8_12  13690 14328 19852 1654910 12199 43504 1647154  6084  2154 107290 16934 34666 15628 111044
SRM_1831_300s_20x20det_2_8_13  13591 13955 19537 1653686 12548 43683 1645525  6469  2604 107083 17259 34573 15091 109910
SRM_1831_300s_20x20det_2_8_14  13611 14137 19845 1653559 12655 43916 1645960  6499  2025 105744 16259 33744 15554 110541
SRM_1831_300s_20x20det_2_8_15  13744 14074 19580 1656716 12603 43871 1651099  6137  1879 107111 16563 34282 15430 111447
SRM_1831_300s_20x20det_2_8_16   4293  4503  6119  518934  3999 13643  517295  2102   832  34028  5590 11266  5626  34975
SRM_1831_300s_20x20det_2_8_17  13493 14212 19763 1655625 12588 44015 1644839  6066  2000 106135 15997 33509 15119 110327
SRM_1831_300s_20x20det_2_8_18  13766 14364 19853 1656042 12841 44432 1650502  6513  2259 106830 16743 34043 15834 110743
SRM_1831_300s_20x20det_2_8_19  13885 14239 19879 1660574 12721 44064 1651457  6287  2147 106202 16630 34591 16345 111264
SRM_1831_300s_20x20det_2_8_2   13781 14184 19893 1655954 12748 44054 1648733  6597  2211 106663 17356 34800 15057 111999
SRM_1831_300s_20x20det_2_8_3   13299 14208 19896 1659909 12229 43926 1649741  6095  2162 106100 16858 34913 15955 111707
SRM_1831_300s_20x20det_2_8_4   13538 14090 19677 1660220 12533 44171 1651460  6492  2307 107421 16554 33933 15534 110521
SRM_1831_300s_20x20det_2_8_5   13700 14176 19719 1657966 12251 43946 1648515  5862  1869 107087 16896 33929 15025 110937
SRM_1831_300s_20x20det_2_8_6   13575 14076 19765 1657682 12367 43778 1648339  6542  2525 107671 16869 34353 16228 110816
SRM_1831_300s_20x20det_2_8_7   13718 14298 19845 1659959 12687 44187 1650574  5977  2307 107232 17184 34593 15933 111765
SRM_1831_300s_20x20det_2_8_8   13533 14090 19491 1658116 12525 44216 1648790  6325  2231 106998 16666 34150 15702 111787
SRM_1831_300s_20x20det_2_8_9   13694 14329 19639 1658090 12642 44389 1649277  6412  1916 105841 17128 34262 15331 110398
SRM_1831_300s_20x20det_2_9_0   13487 14123 19518 1653466 12311 44050 1648890  6513  2152 106113 16581 34771 15913 111287
SRM_1831_300s_20x20det_2_9_1   10967 11383 15675 1311646 10207 34740 1304213  5189  2013  84563 13412 27564 12524  88170
SRM_1831_300s_20x20det_2_9_10  13629 14301 19842 1656097 12696 43922 1649431  6746  2149 107480 16778 34304 16142 111169
SRM_1831_300s_20x20det_2_9_11  13590 14479 19706 1656817 12337 43840 1651943  6197  2202 106212 16827 34266 15701 110785
SRM_1831_300s_20x20det_2_9_12   2679  2803  3811  330991  2621  8583  328972  1504   699  21560  4113  7351  3522  22271
SRM_1831_300s_20x20det_2_9_13  13520 14174 19603 1657672 12423 44554 1649407  6363  2349 106849 17064 34628 14720 110584
SRM_1831_300s_20x20det_2_9_14  13632 13977 20115 1655141 12511 43997 1648094  6375  2520 107151 16940 34420 15774 111259
SRM_1831_300s_20x20det_2_9_15  13364 14138 19557 1654509 12352 43703 1643044  6238  2300 106714 15877 34465 15783 110292
SRM_1831_300s_20x20det_2_9_16  13484 14334 19713 1657520 12685 44308 1649393  6387  2276 106911 16567 34285 15738 110492
SRM_1831_300s_20x20det_2_9_17  13415 14324 20003 1643847 12813 44122 1646457  6813  2462 107140 16483 34803 16348 110837
SRM_1831_300s_20x20det_2_9_18  13584 13976 19809 1657281 12625 44034 1649435  6694  2173 107123 16774 35248 15648 110471
SRM_1831_300s_20x20det_2_9_19  13562 14309 19754 1657427 12294 43963 1648221  6450  1805 106883 16438 34173 14933 110234
SRM_1831_300s_20x20det_2_9_2   12932 13393 18863 1608517 12350 43955 1642990  6390  2394 107181 16796 34091 16311 111607
SRM_1831_300s_20x20det_2_9_3   13488 13981 19802 1655767 12591 43992 1649247  6220  2257 107076 16562 34114 16165 110704
SRM_1831_300s_20x20det_2_9_4   13362 14278 19682 1652096 12505 43891 1644252  6380  2580 106806 16786 35114 15809 110184
SRM_1831_300s_20x20det_2_9_5   13736 14398 20076 1656122 12784 44296 1648721  6369  2384 107693 16989 34490 15804 111670
SRM_1831_300s_20x20det_2_9_6   13551 14358 19731 1654781 12644 44205 1649418  6936  2497 107094 16821 34590 15333 110056
SRM_1831_300s_20x20det_2_9_7   13522 14354 19743 1654597 12588 44261 1650253  6498  2068 106386 15834 34390 15032 110530
SRM_1831_300s_20x20det_2_9_8    1991  2030  2917  245680  1756  6458  244982  1166   633  16301  2666  5739  2733  16610
SRM_1831_300s_20x20det_2_9_9   13881 14380 19635 1658365 12716 43656 1648639  6235  2123 106433 16852 34759 15751 110915


Mean value:                    12893 13454 18393 1555716 12017 41423 1548096  6033  2184 100214 15860 32529 14782 105023
Std. Abw.:                      1592  1660  2347  193934  1471  5157  192814   755   310  12460  1929  3962  1843  12843
Std. Abw. rel. [%]:            12.35 12.34 12.76   12.47 12.24 12.45   12.45 12.51 14.18  12.43 12.16 12.18 12.47  12.23
Conf. interval:                   56    59    83    6857    52   182    6817    27    11    441    68   140    65    454
