ROI sum

Spectrum                          Na    Mg    Al      Si     S     K      Ca    Ti     V     Fe    Zn     Sr    Zr     Rh
-------------------------------------------------------------------------------------------------------------------------
SRM_1831_300s_20x20det_1_0_0   14915 15928 21357 1534856 15490 46221 1523235 14745 17250 132600 86052 117147 81315 144365
SRM_1831_300s_20x20det_1_0_1   15066 15992 20946 1530644 15612 46743 1520607 14825 17124 132605 86250 117813 81916 144442
SRM_1831_300s_20x20det_1_0_10  14956 16101 21108 1535467 15679 46157 1524423 14541 17123 133322 85795 117776 82304 143191
SRM_1831_300s_20x20det_1_0_11  14758 15946 21218 1535127 15632 46762 1530798 14768 17191 133558 86450 118063 81867 143319
SRM_1831_300s_20x20det_1_0_12  14714 16090 20973 1536966 15516 47209 1530310 14683 17042 133400 86306 119052 82603 143907
SRM_1831_300s_20x20det_1_0_13  15117 16013 21263 1533865 15643 46527 1529738 14739 17108 133741 86650 117950 82698 143270
SRM_1831_300s_20x20det_1_0_14  15055 15747 20974 1532365 15578 46727 1527920 14845 16960 133001 85972 118609 82024 143450
SRM_1831_300s_20x20det_1_0_15  15168 15899 20849 1534326 15673 46361 1529624 14456 17135 133307 86495 118019 82502 143532
SRM_1831_300s_20x20det_1_0_16  15089 16077 20955 1534471 15731 46778 1529545 14494 17010 133583 86735 118137 82657 143736
SRM_1831_300s_20x20det_1_0_17  15074 16010 20839 1533477 15441 46612 1526609 14739 17196 133493 86543 118612 81850 143717
SRM_1831_300s_20x20det_1_0_18  14879 15849 20775 1536536 15736 46766 1530592 14801 17259 133813 86938 119051 82433 143685
SRM_1831_300s_20x20det_1_0_19  14950 15764 21094 1534983 15563 46567 1529134 14695 17255 132710 86581 118804 82785 143782
SRM_1831_300s_20x20det_1_0_2   14838 15800 20829 1527515 15576 46307 1519601 14768 17228 133089 85969 117201 81943 142946
SRM_1831_300s_20x20det_1_0_3   15029 15810 20854 1537472 15454 46590 1525270 14528 16989 133257 85999 117764 82478 143667
SRM_1831_300s_20x20det_1_0_4   14850 15990 21055 1531698 15621 46336 1525316 14693 17040 133262 86338 117826 81812 143205
SRM_1831_300s_20x20det_1_0_5   14940 15936 21177 1531694 15737 46388 1526316 14757 17245 132755 85873 117277 82048 143588
SRM_1831_300s_20x20det_1_0_6   14908 15870 21093 1537057 15665 46552 1532766 14645 17244 134290 86517 118053 82423 143772
SRM_1831_300s_20x20det_1_0_7   14964 16156 20997 1535642 15566 46573 1529875 14805 17163 133281 86086 117887 82371 143624
SRM_1831_300s_20x20det_1_0_8   14978 16061 21068 1538889 15679 46649 1532000 14877 17152 133631 86072 118937 82415 144248
SRM_1831_300s_20x20det_1_0_9   14468 15890 20346 1495672 15836 46333 1523002 14472 17630 133339 86314 118006 81839 142907
SRM_1831_300s_20x20det_1_1_0   15034 16288 21002 1531233 15722 46927 1532511 14918 17119 134152 86823 117853 82569 147933
SRM_1831_300s_20x20det_1_1_1   14713 16180 21149 1534819 15743 46683 1531091 14861 17160 133435 86616 118841 82862 145660
SRM_1831_300s_20x20det_1_1_10  14919 16006 20840 1532738 15775 47027 1529209 14637 17125 133465 87194 117973 81773 143070
SRM_1831_300s_20x20det_1_1_11  14944 15780 20989 1532960 15663 46497 1529201 14650 17028 133089 86800 118553 82810 143519
SRM_1831_300s_20x20det_1_1_12  14649 16111 20792 1531130 15603 46633 1527986 14450 17272 133595 86199 117886 82049 143651
SRM_1831_300s_20x20det_1_1_13  14968 15991 20797 1532623 15542 46278 1529023 14892 17202 133371 86072 117990 82333 143250
SRM_1831_300s_20x20det_1_1_14  15043 15983 20728 1532341 15814 45886 1527911 14797 17293 133040 86124 118632 82302 143961
SRM_1831_300s_20x20det_1_1_15  14726 15854 20753 1532786 15623 46649 1528808 14579 17230 133140 85934 118120 82246 144286
SRM_1831_300s_20x20det_1_1_16  14712 15819 21526 1533722 15719 46833 1528722 15035 17252 133717 85691 118677 82576 143255
SRM_1831_300s_20x20det_1_1_17  14803 15825 20958 1530997 15538 46567 1523626 14678 17241 133205 85825 118587 82034 144347
SRM_1831_300s_20x20det_1_1_18  14955 15814 20886 1532141 15634 46826 1527935 14555 17116 132877 86165 118448 82247 143502
SRM_1831_300s_20x20det_1_1_19  14854 16011 20966 1529647 15467 46706 1526042 14847 17168 133595 86468 117539 82174 143578
SRM_1831_300s_20x20det_1_1_2   15039 16129 21175 1536148 15522 46471 1528619 14821 17209 133909 86541 118516 82113 144862
SRM_1831_300s_20x20det_1_1_3   14719 16125 20912 1532469 15507 46359 1527410 14473 17457 133851 85979 118218 82169 143925
SRM_1831_300s_20x20det_1_1_4   14747 16175 20978 1533719 15488 46592 1530464 14795 17059 133806 86141 117949 81789 143781
SRM_1831_300s_20x20det_1_1_5   14897 16095 20742 1532392 15502 46475 1526922 14673 17082 133772 86469 118234 81971 144111
SRM_1831_300s_20x20det_1_1_6   14838 15900 21169 1534126 15528 46371 1526518 14722 17138 133571 85824 118479 82326 143418
SRM_1831_300s_20x20det_1_1_7   14804 15864 20840 1530542 15458 46631 1526524 14556 17382 133326 85969 118533 82187 143822
SRM_1831_300s_20x20det_1_1_8   14818 15966 21025 1532377 15495 46893 1528687 14824 17173 133071 86243 118460 81867 142973
SRM_1831_300s_20x20det_1_1_9   15028 15843 20760 1531420 15631 46614 1528331 14802 17113 133581 85716 118156 82196 144076
SRM_1831_300s_20x20det_1_10_0  15159 16369 21094 1536342 15605 46778 1531116 14631 17250 133842 86532 117896 82714 146149
SRM_1831_300s_20x20det_1_10_1   2208  2227  3024  221107  2237  6801  221011  2149  2488  19290 12435  17116 11986  20916
SRM_1831_300s_20x20det_1_10_10 14664 15803 20631 1519262 15751 46361 1525242 14845 17174 133375 86231 118167 82163 144218
SRM_1831_300s_20x20det_1_10_11 14877 15919 20827 1530767 15551 46373 1527396 14430 17048 133117 86117 117715 82228 142932
SRM_1831_300s_20x20det_1_10_12 14960 15665 20845 1532535 15609 46672 1529057 14884 16977 133332 86910 117736 81910 143128
SRM_1831_300s_20x20det_1_10_13 14961 15951 21004 1530499 15563 46461 1527526 14719 16980 133595 86505 118711 82325 144491
SRM_1831_300s_20x20det_1_10_14 14991 15893 20933 1534997 15709 46488 1529984 14663 17128 133382 85984 118244 81714 143497
SRM_1831_300s_20x20det_1_10_15 14676 16285 20724 1531846 15552 46644 1526838 14685 17075 132868 86476 118141 82808 143480
SRM_1831_300s_20x20det_1_10_16 15048 15992 21064 1533822 15689 46511 1528024 14759 17252 133188 86146 118742 82899 143527
SRM_1831_300s_20x20det_1_10_17 14958 15832 20930 1532085 15902 46381 1527025 14721 17313 133356 86155 118341 82048 143959
SRM_1831_300s_20x20det_1_10_18 14662 15753 21034 1527463 15766 46567 1526322 14573 16930 132797 86925 118481 81924 143583
SRM_1831_300s_20x20det_1_10_19 14761 16032 21064 1535480 15770 46752 1528030 14740 17170 132939 86241 117931 82674 144352
SRM_1831_300s_20x20det_1_10_2  14856 16071 21016 1534640 15616 46402 1526579 14819 17208 133240 86159 117733 82530 144328
SRM_1831_300s_20x20det_1_10_3  14921 15826 20989 1532145 15650 46318 1528626 14799 17352 134301 86007 118567 82714 144413
SRM_1831_300s_20x20det_1_10_4  14841 16004 20906 1533593 15705 46361 1523442 14592 17397 133235 86573 118584 82523 143926
SRM_1831_300s_20x20det_1_10_5  14842 15994 21260 1534085 15644 46561 1525760 14885 17300 132932 85600 117965 82581 143779
SRM_1831_300s_20x20det_1_10_6  15127 15906 21042 1531496 15593 46514 1528059 14566 17065 133136 86708 118043 81788 143596
SRM_1831_300s_20x20det_1_10_7  14740 15810 20996 1532030 15711 46885 1527484 14880 17203 133121 86393 117843 82377 143966
SRM_1831_300s_20x20det_1_10_8  14688 15667 21012 1535103 15678 46377 1525752 14676 17099 134005 86630 118245 81612 143652
SRM_1831_300s_20x20det_1_10_9  14656 15966 20926 1533985 15732 46491 1528039 14661 17145 133323 86706 118349 82586 143704
SRM_1831_300s_20x20det_1_11_0  14874 15992 20975 1527517 15636 46389 1522645 14755 17301 133485 85895 118335 81779 146760
SRM_1831_300s_20x20det_1_11_1  14829 16097 20970 1533287 15731 46358 1527614 14845 17036 132427 86363 118068 82189 145745
SRM_1831_300s_20x20det_1_11_10 14817 15884 20918 1532902 15442 46483 1528189 14552 17194 133383 86651 118094 82483 144384
SRM_1831_300s_20x20det_1_11_11 14973 15909 21087 1534578 15735 46720 1529180 14821 17082 133559 85763 118161 82808 143435
SRM_1831_300s_20x20det_1_11_12 15010 15844 21044 1532795 15353 46548 1526044 14621 17188 133545 85631 117839 81780 143491
SRM_1831_300s_20x20det_1_11_13 14897 15845 21090 1535054 15778 46847 1527592 14723 17321 133387 85822 117932 81966 143293
SRM_1831_300s_20x20det_1_11_14 14944 16138 20647 1534976 15616 46469 1528244 14900 16970 133685 86134 118080 82339 143127
SRM_1831_300s_20x20det_1_11_15 14746 15927 20737 1530365 15553 46644 1528225 15018 17246 132900 86007 118258 82272 143494
SRM_1831_300s_20x20det_1_11_16 14768 15981 20606 1531069 15616 46383 1528198 14924 17157 133656 86350 118118 82252 143151
SRM_1831_300s_20x20det_1_11_17 14185 15192 20018 1480720 15548 46551 1521803 14764 17320 133070 86260 117904 82807 143366
SRM_1831_300s_20x20det_1_11_18 14628 15704 21056 1533891 15763 46817 1529776 14564 17051 133274 86229 118700 82396 143240
SRM_1831_300s_20x20det_1_11_19 14667 15779 20981 1531625 15651 46771 1527291 14660 17076 132900 86155 117361 82132 143227
SRM_1831_300s_20x20det_1_11_2  14916 15999 21019 1527594 15438 46688 1525312 14653 17095 132493 86220 118403 82277 143800
SRM_1831_300s_20x20det_1_11_3  14728 15782 20901 1531507 15686 46857 1528593 14798 17107 133375 86528 118206 82157 143515
SRM_1831_300s_20x20det_1_11_4  14948 15703 20903 1528264 15799 46327 1523554 14719 17033 132868 86631 117772 82694 143179
SRM_1831_300s_20x20det_1_11_5  14992 16036 21031 1533877 15715 46574 1527195 14616 16994 133451 86219 118457 82273 143561
SRM_1831_300s_20x20det_1_11_6  15164 15913 20757 1533332 15637 46500 1528105 14823 17187 132990 86286 118344 82549 143270
SRM_1831_300s_20x20det_1_11_7  15019 15962 21065 1534210 15756 46693 1526857 14712 17061 132932 86340 118203 82297 143168
SRM_1831_300s_20x20det_1_11_8  14765 15883 21131 1533434 15651 46719 1526455 14662 17006 133977 86511 117976 82113 143864
SRM_1831_300s_20x20det_1_11_9  14593 15752 20685 1524678 15293 46638 1520911 14637 17169 133418 85928 117596 82643 143367
SRM_1831_300s_20x20det_1_12_0  14975 16057 21301 1531247 15479 46517 1525896 14767 17200 133419 86571 118124 82487 146617
SRM_1831_300s_20x20det_1_12_1  14912 16023 20961 1533705 15634 46581 1529972 14923 17322 133389 86530 118344 82764 145014
SRM_1831_300s_20x20det_1_12_10 14805 16020 20783 1537406 15836 46611 1530525 14799 17032 134023 86376 118035 82560 143713
SRM_1831_300s_20x20det_1_12_11 14844 15917 20810 1529057 15456 46235 1524426 14945 17297 132916 86700 118144 81868 143308
SRM_1831_300s_20x20det_1_12_12 15145 15893 20900 1532318 15405 45900 1525988 14664 16920 133422 86174 118406 82207 143407
SRM_1831_300s_20x20det_1_12_13 14766 15718 20930 1534480 15663 46393 1527539 14620 17030 133331 85724 118010 82814 143328
SRM_1831_300s_20x20det_1_12_14 15112 15722 20948 1531284 15717 46918 1527035 14620 17437 132863 85947 118111 82060 143418
SRM_1831_300s_20x20det_1_12_15 14447 15933 20761 1532098 15685 46212 1526067 14744 17145 133707 86638 117991 82177 143628
SRM_1831_300s_20x20det_1_12_16 14873 15958 20849 1530470 15522 46940 1525732 14660 17159 133001 86177 118143 82437 142796
SRM_1831_300s_20x20det_1_12_17 14804 15770 21286 1530307 15565 46504 1528330 14777 17214 133542 86299 117756 82353 143049
SRM_1831_300s_20x20det_1_12_18 14791 15730 20655 1529065 15597 46527 1527190 14587 16877 133800 86176 118292 82001 143926
SRM_1831_300s_20x20det_1_12_19 14901 15592 20576 1520258 15437 46412 1525652 14639 17129 132947 85745 118437 82293 143235
SRM_1831_300s_20x20det_1_12_2  14861 15847 20760 1535601 15762 46807 1529681 14774 17271 133839 86761 118502 82837 144272
SRM_1831_300s_20x20det_1_12_3  14894 15815 20807 1532694 15659 46571 1530295 14868 17250 133697 86461 117931 82251 144090
SRM_1831_300s_20x20det_1_12_4  15115 15861 20969 1530083 15738 46204 1525925 14776 16945 132989 86288 117896 82152 144659
SRM_1831_300s_20x20det_1_12_5  14662 16127 20908 1531534 15452 46671 1526737 14661 17297 133284 86166 118973 82498 143346
SRM_1831_300s_20x20det_1_12_6  14589 15885 21228 1532993 15737 46489 1527285 14637 17231 133309 86504 118300 82262 143539
SRM_1831_300s_20x20det_1_12_7  14822 15789 20866 1534930 15573 46341 1527603 14507 16963 133247 86897 117858 82536 143575
SRM_1831_300s_20x20det_1_12_8  14862 15837 20789 1532411 15600 46858 1524541 14782 16919 133604 86360 118980 82384 143932
SRM_1831_300s_20x20det_1_12_9  14672 15949 21110 1531835 15340 47052 1529237 14630 17098 133381 86497 118003 82209 142810
SRM_1831_300s_20x20det_1_13_0  14985 16017 21351 1532631 15829 47055 1526903 14673 16920 132956 86505 118200 82833 146111
SRM_1831_300s_20x20det_1_13_1  15185 15893 21049 1532142 15714 46580 1528321 14752 17381 133188 86734 117622 81876 145229
SRM_1831_300s_20x20det_1_13_10 14656 15952 20952 1537247 15672 47067 1529742 14679 17303 133591 86043 118789 82430 143524
SRM_1831_300s_20x20det_1_13_11 15025 15948 21017 1537550 15686 46657 1530768 14847 17005 133502 86074 118624 82806 143383
SRM_1831_300s_20x20det_1_13_12 14882 15977 20737 1524102 15736 46447 1525185 14641 17197 133349 85955 117857 82666 143037
SRM_1831_300s_20x20det_1_13_13 14882 15728 21203 1536181 15591 46254 1528865 14713 17280 132976 86160 117542 81924 143561
SRM_1831_300s_20x20det_1_13_14 15078 16029 21210 1533538 15688 46396 1528930 14642 17439 133406 86511 118094 82068 143861
SRM_1831_300s_20x20det_1_13_15 14921 16022 20945 1534281 15552 46715 1526310 14855 16995 133550 86510 118410 82913 143395
SRM_1831_300s_20x20det_1_13_16 14760 16040 20973 1534000 15805 46777 1532297 14797 17103 133841 86835 118637 82611 143782
SRM_1831_300s_20x20det_1_13_17 14818 15981 20789 1532743 15805 46715 1525122 14821 17407 133171 86123 118915 82271 143271
SRM_1831_300s_20x20det_1_13_18 15069 15937 21145 1537285 15703 46682 1530002 14466 17434 133646 86311 118151 82216 143844
SRM_1831_300s_20x20det_1_13_19 14939 15775 20698 1534970 15789 46637 1529584 14596 17337 133914 86034 118054 82347 143881
SRM_1831_300s_20x20det_1_13_2  14865 15999 21258 1531684 15936 46160 1528840 14792 17196 133089 86327 118201 82466 143722
SRM_1831_300s_20x20det_1_13_3  14917 15836 20920 1533587 15565 46744 1524967 14637 17388 132971 85651 117709 82071 143005
SRM_1831_300s_20x20det_1_13_4  14969 15778 20981 1530595 15578 46356 1525806 14545 17092 133170 85941 118226 81816 143473
SRM_1831_300s_20x20det_1_13_5  14875 15882 20849 1531669 15458 46570 1525498 14842 16985 133311 86191 118159 81878 143341
SRM_1831_300s_20x20det_1_13_6  14780 15946 20984 1533443 15494 46440 1527881 14735 17123 133584 86384 118367 82202 143581
SRM_1831_300s_20x20det_1_13_7  14964 15979 21006 1527644 15789 46675 1527924 14624 17287 132902 86226 118057 81317 143314
SRM_1831_300s_20x20det_1_13_8  14763 15675 21238 1534444 15700 46709 1528539 14941 17445 133457 85904 117743 82067 142679
SRM_1831_300s_20x20det_1_13_9  14897 15928 21082 1531583 15879 46648 1527802 14605 17117 133387 86471 118546 82540 143788
SRM_1831_300s_20x20det_1_14_0  14914 16217 21179 1537611 15974 46524 1529367 14878 17396 133073 86488 118783 82335 146453
SRM_1831_300s_20x20det_1_14_1  14844 16122 21170 1532132 15680 46222 1527939 14541 17083 133346 86090 117652 82518 145501
SRM_1831_300s_20x20det_1_14_10 14853 15994 21079 1535430 15758 46331 1528683 14640 17058 132875 86402 118497 82024 143991
SRM_1831_300s_20x20det_1_14_11 14801 15976 21130 1533960 15800 46545 1528275 14861 17165 132972 86038 118273 81945 143906
SRM_1831_300s_20x20det_1_14_12 14874 15710 20917 1535775 15644 46618 1527518 14816 17180 133547 87193 117757 82537 144488
SRM_1831_300s_20x20det_1_14_13 15003 15938 20988 1537163 15749 46496 1529091 14696 17043 132972 86869 118228 82413 143920
SRM_1831_300s_20x20det_1_14_14 14741 15973 20984 1536704 15493 46679 1529476 14781 17293 133465 85893 118747 82559 144081
SRM_1831_300s_20x20det_1_14_15 14970 15995 21135 1533577 15858 46710 1525965 14653 17290 133571 86008 118453 82142 142970
SRM_1831_300s_20x20det_1_14_16 14812 16033 20802 1535411 15886 46378 1529487 14808 17113 133483 86482 118286 82536 143529
SRM_1831_300s_20x20det_1_14_17 14962 16113 21024 1534348 15748 45744 1527811 14542 17100 133728 86340 117909 82756 143446
SRM_1831_300s_20x20det_1_14_18 15012 16015 21055 1534487 15613 46434 1529292 14641 17276 132375 86341 118018 81983 143425
SRM_1831_300s_20x20det_1_14_19 14785 15906 20859 1535472 15819 47030 1528966 14939 17024 133299 86219 118281 82544 143865
SRM_1831_300s_20x20det_1_14_2  14782 16002 20921 1530479 15761 46536 1528736 15011 17225 132762 86389 117487 82488 143441
SRM_1831_300s_20x20det_1_14_3  14696 15919 20931 1534027 15731 46627 1527123 14571 17064 133178 86111 118147 82095 144279
SRM_1831_300s_20x20det_1_14_4  14956 15877 20897 1532373 15618 46814 1526946 14558 17066 132845 86334 118734 81914 143519
SRM_1831_300s_20x20det_1_14_5  14811 15924 21118 1533495 15267 46257 1525618 14802 17232 133419 85826 118262 82005 143357
SRM_1831_300s_20x20det_1_14_6  14768 16091 20852 1534066 15492 46826 1527784 14758 17353 132944 86003 118064 82329 144111
SRM_1831_300s_20x20det_1_14_7  14958 15950 20877 1528627 15806 46291 1527432 14639 17282 133363 86367 118049 82343 143843
SRM_1831_300s_20x20det_1_14_8  14948 15688 21102 1532489 15755 46770 1526053 14805 17021 133207 86387 117951 82952 143251
SRM_1831_300s_20x20det_1_14_9  14092 15568 20285 1483539 15444 45796 1519283 14601 17116 132956 86248 118026 82890 143685
SRM_1831_300s_20x20det_1_15_0  15051 16054 21229 1535970 15833 46548 1528982 14861 17245 132928 86291 118738 82696 146802
SRM_1831_300s_20x20det_1_15_1  15154 16178 21097 1536029 15644 47005 1529060 14980 17418 133294 86721 118116 82244 144565
SRM_1831_300s_20x20det_1_15_10 14926 15874 20757 1532985 15777 46428 1525704 14895 17329 133309 86104 118282 81945 142914
SRM_1831_300s_20x20det_1_15_11 14776 16050 21026 1530259 15691 46941 1525192 14877 16909 133104 86099 117878 82209 143242
SRM_1831_300s_20x20det_1_15_12 14819 15733 20955 1529790 15455 46684 1526517 14541 17171 133568 86420 118055 82199 144046
SRM_1831_300s_20x20det_1_15_13 14820 16018 20861 1533238 15696 46040 1525572 14686 17109 132778 86122 117413 82737 143503
SRM_1831_300s_20x20det_1_15_14 15025 15783 20875 1529063 15892 46573 1526160 14672 17191 133402 86206 118136 82258 144053
SRM_1831_300s_20x20det_1_15_15 14995 15950 20906 1532039 15531 46705 1530236 14665 17182 133402 86100 118088 82234 142942
SRM_1831_300s_20x20det_1_15_16 14743 16037 21099 1534938 15790 46379 1529650 14785 17225 133516 86454 117967 82898 143988
SRM_1831_300s_20x20det_1_15_17 14830 15778 21285 1536385 15633 46571 1530358 14644 16826 133936 86070 118352 82842 143107
SRM_1831_300s_20x20det_1_15_18 14774 16054 21105 1533147 15522 46340 1527310 14707 17150 133104 86394 117830 82564 143501
SRM_1831_300s_20x20det_1_15_19 14912 16043 20593 1537136 15702 46559 1530237 14743 17118 133125 86684 118402 82322 143496
SRM_1831_300s_20x20det_1_15_2  14770 16144 20862 1532185 15765 46757 1532940 14775 17127 133516 86102 118364 82551 144554
SRM_1831_300s_20x20det_1_15_3  14827 15797 20945 1533689 15772 46623 1528520 14828 17027 133216 86109 118325 81945 143697
SRM_1831_300s_20x20det_1_15_4  14967 15982 20629 1530506 15633 46981 1528250 14408 16975 133579 86041 118861 82173 143389
SRM_1831_300s_20x20det_1_15_5  14884 15918 20788 1533900 15629 46318 1528466 14719 17214 133283 86312 119005 82045 143883
SRM_1831_300s_20x20det_1_15_6  14961 15923 20808 1534597 15749 46674 1531076 14768 17163 133107 86141 117817 82911 143736
SRM_1831_300s_20x20det_1_15_7  14801 15911 20901 1534303 15811 46669 1527942 14633 16985 133460 86570 117738 82103 144225
SRM_1831_300s_20x20det_1_15_8  14794 16011 20781 1532091 15413 46504 1525996 14693 17051 132856 86472 117910 82243 143535
SRM_1831_300s_20x20det_1_15_9  14920 15737 20864 1532124 15602 46609 1524798 14546 17056 132442 86294 118281 82027 143652
SRM_1831_300s_20x20det_1_16_0  14985 16060 21394 1536060 15869 46885 1529897 14601 17166 133650 86786 118149 82361 146478
SRM_1831_300s_20x20det_1_16_1  14815 16178 21248 1533687 15529 46194 1529036 14840 17187 133248 86153 117985 82370 144309
SRM_1831_300s_20x20det_1_16_10 14845 15707 20878 1533903 15583 46535 1528374 14664 17001 133250 86071 118515 82745 144141
SRM_1831_300s_20x20det_1_16_11 14856 15977 20984 1536410 15799 47114 1531090 14735 17059 133904 86331 118260 82506 143278
SRM_1831_300s_20x20det_1_16_12 14771 16004 20912 1533643 15540 46586 1530174 14562 17218 133294 85920 118064 82467 143023
SRM_1831_300s_20x20det_1_16_13 13244 14382 19311 1413211 19447 46003 1511526 14679 17272 133223 86587 118708 82947 143667
SRM_1831_300s_20x20det_1_16_14 14921 15995 20969 1534301 15647 46341 1526806 14782 17203 133082 86270 118079 82613 143818
SRM_1831_300s_20x20det_1_16_15 15120 15902 21073 1533235 15501 46692 1528478 14725 17147 132869 86431 117784 82165 143506
SRM_1831_300s_20x20det_1_16_16 14922 16108 20940 1536064 15592 46648 1528269 14724 17111 133806 87053 118144 82097 143629
SRM_1831_300s_20x20det_1_16_17 14673 15851 21207 1533228 15658 46367 1529082 14739 17226 133524 86188 118227 81915 143753
SRM_1831_300s_20x20det_1_16_18 15059 15865 21069 1537925 15593 46812 1531253 14767 17338 133011 86372 118477 82632 143774
SRM_1831_300s_20x20det_1_16_19 14817 16101 21117 1533975 15864 46707 1528878 14681 17220 132836 86239 118562 82677 143868
SRM_1831_300s_20x20det_1_16_2  15045 16163 21316 1536693 15458 46588 1528663 14622 17262 133759 86332 118195 82474 144279
SRM_1831_300s_20x20det_1_16_3  14987 15866 20950 1528766 15716 46561 1525059 14588 17100 133334 86149 117524 82114 143472
SRM_1831_300s_20x20det_1_16_4  14868 15865 21013 1535217 15800 46443 1529532 14835 17311 133149 86582 118469 82444 143921
SRM_1831_300s_20x20det_1_16_5  14761 15984 20790 1535666 15584 46737 1526338 14778 16862 133617 85942 118213 82248 143703
SRM_1831_300s_20x20det_1_16_6  14642 15968 20730 1532943 15684 46847 1527703 14565 17160 133068 86836 118366 82717 142978
SRM_1831_300s_20x20det_1_16_7  14945 15700 20713 1531887 15756 46268 1527716 14723 17129 133054 86067 117775 83067 143960
SRM_1831_300s_20x20det_1_16_8  14917 15886 20708 1532824 15724 46287 1528284 14645 17135 132968 85881 118371 82330 144247
SRM_1831_300s_20x20det_1_16_9  14827 15899 21259 1532656 15743 46538 1526053 14774 17349 133165 86079 118577 82560 143537
SRM_1831_300s_20x20det_1_17_0  15185 16126 21103 1537273 15707 46581 1533546 14686 17035 133034 86327 118218 82892 146498
SRM_1831_300s_20x20det_1_17_1  15070 16099 21257 1534721 15728 46470 1530866 14876 17252 133150 86413 117801 82844 145145
SRM_1831_300s_20x20det_1_17_10 14868 15973 20972 1536639 15689 46824 1529264 14837 17204 133844 86458 118235 82678 143659
SRM_1831_300s_20x20det_1_17_11 14826 16033 20852 1537548 15622 46685 1529838 14644 17213 133842 86505 118736 82857 144182
SRM_1831_300s_20x20det_1_17_12 14903 15922 21193 1536242 15631 46210 1529949 14806 17002 133261 85814 118032 83003 143756
SRM_1831_300s_20x20det_1_17_13 14792 15966 21080 1535209 15579 46067 1527898 14984 17134 133765 86545 118605 82927 143852
SRM_1831_300s_20x20det_1_17_14 15030 15950 20896 1537149 15744 46661 1530810 14736 17315 132944 86674 118531 82392 143967
SRM_1831_300s_20x20det_1_17_15 14988 16039 20735 1532086 15461 46450 1526719 14768 17175 133242 86232 117969 82576 143643
SRM_1831_300s_20x20det_1_17_16 14968 15917 21142 1536952 15715 46335 1527919 14529 17522 134216 85520 118126 82462 143242
SRM_1831_300s_20x20det_1_17_17 14906 16288 21150 1534585 15643 46551 1525741 14775 17160 133668 86433 118287 82170 143950
SRM_1831_300s_20x20det_1_17_18 14681 16054 20992 1534141 15483 46525 1528065 14841 17179 132970 85960 117951 82236 143378
SRM_1831_300s_20x20det_1_17_19 15080 15951 21000 1535443 15736 46377 1527343 14961 17378 133183 86138 118158 82421 143936
SRM_1831_300s_20x20det_1_17_2  14928 16057 20742 1536945 15785 46727 1529562 14871 17103 133933 86584 117999 82730 144536
SRM_1831_300s_20x20det_1_17_3  14818 16016 20878 1538063 15788 46524 1531201 14825 17004 133327 86478 118487 82504 144394
SRM_1831_300s_20x20det_1_17_4  14926 15823 20963 1530966 15396 46582 1523832 14799 17020 132920 85648 117525 82434 144434
SRM_1831_300s_20x20det_1_17_5  14968 15889 20989 1537058 15726 46496 1532365 14647 17220 134079 86415 118292 82677 143726
SRM_1831_300s_20x20det_1_17_6  15029 15961 21118 1537732 15718 46664 1528364 14738 17067 133166 85945 118325 82812 144070
SRM_1831_300s_20x20det_1_17_7  14929 16088 20664 1535115 15600 46782 1527139 14709 16956 133640 85910 117554 82620 143708
SRM_1831_300s_20x20det_1_17_8  15082 16018 20776 1534848 15589 46587 1526482 14639 17119 133392 86165 118564 82809 144669
SRM_1831_300s_20x20det_1_17_9  14782 16166 20847 1537298 15914 46780 1532679 14658 17178 133687 86644 118414 82542 143504
SRM_1831_300s_20x20det_1_18_0  14977 15929 21415 1535084 15658 46607 1530229 14887 17242 133452 86435 117924 82586 146757
SRM_1831_300s_20x20det_1_18_1  14888 16038 21325 1532426 15964 46482 1526993 14629 17225 133619 86625 118178 82532 145564
SRM_1831_300s_20x20det_1_18_10 14800 15965 20907 1533620 15692 46665 1524751 14563 17330 133089 85306 117843 82542 143488
SRM_1831_300s_20x20det_1_18_11 14977 15841 21135 1534548 15423 46812 1529482 14482 17263 133248 86325 117971 81964 143859
SRM_1831_300s_20x20det_1_18_12 14874 15996 21068 1535410 15729 46404 1523983 14875 17130 132991 86340 118873 81896 143564
SRM_1831_300s_20x20det_1_18_13 15093 16111 21023 1534494 15753 46835 1527049 14834 17236 133250 86386 118079 82783 143887
SRM_1831_300s_20x20det_1_18_14 14881 15887 20999 1532354 15753 46185 1526679 14890 17233 133166 86159 117999 82397 144247
SRM_1831_300s_20x20det_1_18_15 14720 15933 20779 1531096 15797 46489 1524752 14716 17243 133680 86193 118184 82660 144221
SRM_1831_300s_20x20det_1_18_16 14933 16018 20946 1530186 15733 46307 1525675 14589 17017 133023 86103 118102 82584 143422
SRM_1831_300s_20x20det_1_18_17 14864 16115 20608 1533204 15611 46485 1525845 14481 17134 132808 86125 117124 82588 143914
SRM_1831_300s_20x20det_1_18_18 14673 16008 21071 1532521 15737 46745 1527164 14860 17301 133772 85777 117789 82022 143755
SRM_1831_300s_20x20det_1_18_19 14843 16122 21141 1531994 15664 46557 1525295 14605 17278 133378 86508 118366 82519 144124
SRM_1831_300s_20x20det_1_18_2  14836 16003 21148 1535156 15827 46570 1530719 14747 17195 132861 86402 118437 82102 144277
SRM_1831_300s_20x20det_1_18_3  14854 16004 20715 1532966 15567 46215 1524714 14775 16885 132860 86570 118695 82549 143918
SRM_1831_300s_20x20det_1_18_4  14976 16180 21026 1536578 15860 46533 1528319 14480 17156 133481 86651 118238 82649 144326
SRM_1831_300s_20x20det_1_18_5  14850 15983 20851 1530241 15648 46222 1529274 14468 17113 133572 86229 118765 82199 143062
SRM_1831_300s_20x20det_1_18_6  14888 15877 21042 1533684 15545 46626 1525415 14500 16987 132931 85405 117454 82289 143452
SRM_1831_300s_20x20det_1_18_7  14690 15796 20854 1526003 15515 46312 1526496 14682 17025 133429 86664 117889 82511 143039
SRM_1831_300s_20x20det_1_18_8  14820 15920 21071 1535018 15717 46752 1525737 14623 16967 132641 86226 118296 82296 143549
SRM_1831_300s_20x20det_1_18_9  14950 15890 20941 1533612 15897 46577 1526874 14714 17212 133080 86074 118344 82603 143937
SRM_1831_300s_20x20det_1_19_0  15243 16104 21219 1533832 15577 46669 1526020 14776 17059 133096 85905 117847 82469 146625
SRM_1831_300s_20x20det_1_19_1  14911 15992 21287 1531896 15739 46286 1525289 14601 17012 133218 86575 117390 82515 144754
SRM_1831_300s_20x20det_1_19_10 15037 15935 20873 1531535 15638 46583 1525772 14575 17259 133405 86592 118081 82926 144730
SRM_1831_300s_20x20det_1_19_11 14830 15832 20897 1536044 15705 46542 1527430 14540 17245 133095 86084 118094 82055 144147
SRM_1831_300s_20x20det_1_19_12 15109 15885 20727 1535171 15901 46323 1526763 14613 17274 132975 85743 118097 82469 144037
SRM_1831_300s_20x20det_1_19_13 14847 15931 21019 1537991 15699 46823 1528957 14578 17385 133208 86528 118561 82892 143899
SRM_1831_300s_20x20det_1_19_14 14954 15919 21234 1533696 15544 46752 1529025 14737 17017 134064 86212 118944 82317 144442
SRM_1831_300s_20x20det_1_19_15 15034 15923 20918 1529619 15429 46410 1522090 14780 17125 133027 86309 118036 82275 143997
SRM_1831_300s_20x20det_1_19_16 15094 15885 21183 1535121 15858 46400 1526150 14748 17422 133029 86438 117883 82472 144612
SRM_1831_300s_20x20det_1_19_17 14781 16093 21081 1533348 15841 46725 1525345 14674 17024 132543 85956 117837 82662 143403
SRM_1831_300s_20x20det_1_19_18 14922 15949 21072 1538152 15450 46832 1529496 14797 17135 133540 86530 119377 83119 144185
SRM_1831_300s_20x20det_1_19_19 14993 16001 21067 1536329 15810 46234 1531047 14748 17169 133961 86189 118432 82903 144259
SRM_1831_300s_20x20det_1_19_2  14596 15867 20963 1532129 15675 46341 1526394 14611 17109 132975 86374 118564 82148 144769
SRM_1831_300s_20x20det_1_19_3  14762 16160 20855 1530562 15643 46637 1525035 14697 17209 133095 86822 118319 82181 144444
SRM_1831_300s_20x20det_1_19_4  15044 16113 21052 1532081 15412 46388 1527301 14743 17118 133274 86234 117947 82643 143518
SRM_1831_300s_20x20det_1_19_5  14945 16057 20913 1536581 15593 47061 1528757 14852 17139 133579 86341 117931 82775 143433
SRM_1831_300s_20x20det_1_19_6  14945 16056 20948 1531764 15536 46428 1526517 14732 17080 133432 86380 117409 82195 143736
SRM_1831_300s_20x20det_1_19_7  14929 16037 21052 1531665 15408 46527 1526553 14628 17220 133639 85880 118374 82172 143654
SRM_1831_300s_20x20det_1_19_8  14704 16098 20761 1531416 15943 46812 1525602 14707 17084 133257 85924 118491 82114 144141
SRM_1831_300s_20x20det_1_19_9  14765 16177 21057 1535569 15722 46014 1527855 14501 17082 132453 86326 118183 82222 144488
SRM_1831_300s_20x20det_1_2_0   14990 15989 21213 1533451 15905 46884 1530766 14621 17008 133477 86816 118616 82773 147604
SRM_1831_300s_20x20det_1_2_1   15144 15907 21130 1533361 15636 46417 1528811 14742 17064 132577 86377 118613 82199 145057
SRM_1831_300s_20x20det_1_2_10  14821 15850 20805 1531901 15835 46398 1529655 14665 17329 133506 86491 117649 82591 143788
SRM_1831_300s_20x20det_1_2_11  14950 16168 20895 1526973 15741 46652 1526669 14643 17150 132758 86131 118537 82252 143575
SRM_1831_300s_20x20det_1_2_12  14792 15889 20886 1532358 15640 46601 1527719 14748 16909 133360 86224 118430 82511 142989
SRM_1831_300s_20x20det_1_2_13  14900 16037 20986 1534077 15672 46733 1529868 14669 17196 134240 86316 117820 82159 144224
SRM_1831_300s_20x20det_1_2_14  14966 15968 21058 1530043 15603 46864 1524646 14714 17004 133051 86201 117949 81777 143254
SRM_1831_300s_20x20det_1_2_15  14700 15938 20796 1528748 15943 46396 1524182 14595 17093 133696 85913 118309 82174 142575
SRM_1831_300s_20x20det_1_2_16  14633 15858 20955 1521282 15238 46470 1519136 14571 16960 132551 85085 117775 81835 143135
SRM_1831_300s_20x20det_1_2_17  14826 15966 20863 1530247 15358 46618 1523176 14675 17328 133466 86194 118241 82115 143188
SRM_1831_300s_20x20det_1_2_18  14740 15972 20679 1531307 15541 46380 1528886 14678 17169 133529 86655 117808 82316 143614
SRM_1831_300s_20x20det_1_2_19  15099 15670 20884 1533153 15878 46504 1531571 14810 17018 133625 86311 118818 82512 144141
SRM_1831_300s_20x20det_1_2_2   14820 16006 21155 1530078 15586 46322 1526868 14687 17167 133152 85690 118118 82858 144490
SRM_1831_300s_20x20det_1_2_3   14952 16176 21100 1534794 15518 46827 1530816 14869 17143 133592 86637 118034 82563 143648
SRM_1831_300s_20x20det_1_2_4   15050 15721 21134 1528729 15761 46681 1525397 14621 17366 133368 86447 118034 82606 143515
SRM_1831_300s_20x20det_1_2_5   15001 15907 20986 1530650 15668 46640 1525854 14830 17244 132950 86228 118587 82308 144004
SRM_1831_300s_20x20det_1_2_6   14947 15935 20986 1533928 15459 46444 1527624 14948 17273 133331 86639 118138 82236 143934
SRM_1831_300s_20x20det_1_2_7   14871 15925 20891 1529220 15497 46368 1525079 14719 17102 132946 86822 117951 82425 143147
SRM_1831_300s_20x20det_1_2_8   14961 15891 20817 1532138 15685 46199 1525585 14733 17209 133764 86250 118660 82068 143740
SRM_1831_300s_20x20det_1_2_9   14900 15850 20933 1533346 15722 46470 1526856 14946 17363 133847 86705 118081 82143 143879
SRM_1831_300s_20x20det_1_3_0   14961 16129 21259 1530327 15751 46423 1529981 14668 17340 133535 86488 118166 82481 147230
SRM_1831_300s_20x20det_1_3_1   15076 15960 21073 1532206 15408 46679 1529373 14728 17292 132918 86474 117765 82223 145261
SRM_1831_300s_20x20det_1_3_10  14862 16090 20877 1531802 15699 46828 1528967 14613 17360 133790 86229 117817 82133 143119
SRM_1831_300s_20x20det_1_3_11  14959 16106 20921 1533187 15843 46556 1529776 14875 16989 133122 86378 117916 81523 143035
SRM_1831_300s_20x20det_1_3_12  14844 15935 20888 1535283 15801 46732 1528434 14755 17013 132707 86090 118724 81880 143818
SRM_1831_300s_20x20det_1_3_13  14964 15762 21068 1530581 15555 46926 1525900 14823 17073 133185 86559 118585 82462 143586
SRM_1831_300s_20x20det_1_3_14  14877 15852 21005 1530532 16070 47092 1526953 14681 17099 133118 86124 118137 83045 142960
SRM_1831_300s_20x20det_1_3_15  14875 16074 20902 1535297 15654 46912 1524618 14798 17160 134112 86082 118157 82289 143403
SRM_1831_300s_20x20det_1_3_16  14922 15899 21067 1532505 15700 46689 1528202 14806 17297 133110 85665 118305 81450 142200
SRM_1831_300s_20x20det_1_3_17  14728 16154 20865 1532183 15750 46224 1524281 14744 17150 132993 86110 117980 82810 144107
SRM_1831_300s_20x20det_1_3_18  14893 16018 21023 1531676 15647 46559 1529409 14496 16979 133562 85916 118666 81851 143348
SRM_1831_300s_20x20det_1_3_19  14761 16161 20804 1532258 15714 46515 1529163 14829 17025 133250 85847 118022 82572 143122
SRM_1831_300s_20x20det_1_3_2   15128 16103 21292 1531596 15397 46554 1528984 14789 16900 133671 86107 118087 82742 144402
SRM_1831_300s_20x20det_1_3_3   14932 16100 21004 1535238 15691 46601 1528674 14729 17307 133801 86759 118346 82393 144834
SRM_1831_300s_20x20det_1_3_4   14898 15644 21007 1532976 15641 46907 1527725 14842 17267 132981 86509 119228 82429 144203
SRM_1831_300s_20x20det_1_3_5   15089 15856 21262 1532211 15533 46694 1529188 14550 16955 133574 85976 118384 81854 143834
SRM_1831_300s_20x20det_1_3_6   15057 16134 20888 1534236 15692 46668 1526389 14823 17404 133754 86240 117800 82748 143704
SRM_1831_300s_20x20det_1_3_7   14825 15817 20736 1530000 15600 46651 1528250 14929 16946 133265 86314 118899 82451 143443
SRM_1831_300s_20x20det_1_3_8   15067 15834 20707 1531823 15589 46301 1528138 14861 17215 132836 85814 117482 82436 143460
SRM_1831_300s_20x20det_1_3_9   14976 15773 20907 1534534 15422 46587 1529213 14684 17042 133431 86205 118315 82784 143294
SRM_1831_300s_20x20det_1_4_0   15112 16191 21152 1531543 15911 46522 1529863 14670 17594 133861 86199 118272 82401 147445
SRM_1831_300s_20x20det_1_4_1   15052 15986 20998 1532130 15721 46506 1528058 14942 17406 133043 86757 118218 82090 145324
SRM_1831_300s_20x20det_1_4_10  14672 16024 20787 1530991 15575 47003 1524643 14636 17352 132898 86996 117574 82321 144099
SRM_1831_300s_20x20det_1_4_11  14748 15939 21041 1529590 15494 46423 1522918 14864 17262 133052 85702 118220 82381 143179
SRM_1831_300s_20x20det_1_4_12  14928 16245 20932 1529651 15702 46457 1526251 15003 17264 133466 86088 117892 82369 142952
SRM_1831_300s_20x20det_1_4_13  14781 15838 20810 1530953 15341 46409 1527219 14835 16958 133543 86512 117696 82173 143353
SRM_1831_300s_20x20det_1_4_14  14708 15874 20784 1530412 15683 46340 1525753 14607 17087 133234 85898 118596 82137 143180
SRM_1831_300s_20x20det_1_4_15  14883 16124 20827 1529718 15931 46320 1526352 14650 17038 133300 86359 118073 82273 143332
SRM_1831_300s_20x20det_1_4_16  14588 15697 20223 1507429 15610 46376 1526830 14858 17371 133482 86273 118269 82206 143176
SRM_1831_300s_20x20det_1_4_17  14950 15840 20820 1529232 15572 46032 1524483 14755 17203 133193 86492 117570 82277 143735
SRM_1831_300s_20x20det_1_4_18  14783 15920 20956 1531748 15783 46295 1527629 14774 17444 133404 86372 118118 82227 143981
SRM_1831_300s_20x20det_1_4_19  14718 15804 21105 1534812 15741 46453 1530337 14690 17135 133726 85896 118420 81911 143840
SRM_1831_300s_20x20det_1_4_2   14752 15942 20676 1530408 15328 46541 1529148 14612 17035 133461 86152 118221 82177 145477
SRM_1831_300s_20x20det_1_4_3   14857 15852 20800 1531641 15565 46410 1525827 14823 17387 133239 86216 117811 82132 142956
SRM_1831_300s_20x20det_1_4_4   14592 15944 20876 1525393 15531 46509 1520659 14541 17201 133042 86235 117869 81986 143117
SRM_1831_300s_20x20det_1_4_5   14957 15943 20893 1527974 15643 46706 1524868 14648 17275 132850 86160 118169 82614 142591
SRM_1831_300s_20x20det_1_4_6   14881 16031 20927 1527073 15328 46243 1524691 14720 16877 132844 85776 117856 82528 142745
SRM_1831_300s_20x20det_1_4_7   14850 15830 20777 1530541 15437 46791 1527118 14534 17213 132825 86408 118398 82392 143048
SRM_1831_300s_20x20det_1_4_8   14758 16060 20724 1528835 15565 46307 1526552 14538 17128 133032 86436 117180 82143 142997
SRM_1831_300s_20x20det_1_4_9   14780 16235 21022 1530615 15587 46826 1522192 14558 17199 133354 86502 117986 82036 142724
SRM_1831_300s_20x20det_1_5_0   15132 15999 21261 1533950 15725 46494 1529094 14726 17034 133960 86787 117680 82634 146741
SRM_1831_300s_20x20det_1_5_1   15047 16255 21118 1532916 15528 46260 1530982 14596 17160 133604 86119 118095 82566 144680
SRM_1831_300s_20x20det_1_5_10  14810 15967 20907 1530411 15562 46512 1525171 14602 16991 133617 86562 117672 82281 143473
SRM_1831_300s_20x20det_1_5_11  14927 15787 21088 1536555 15736 46740 1531971 14796 17384 134035 86660 118247 82057 144122
SRM_1831_300s_20x20det_1_5_12  14778 15803 20973 1531241 15582 46087 1526462 14555 17366 133287 85790 117921 82273 143897
SRM_1831_300s_20x20det_1_5_13  14868 15918 21098 1531442 15591 46437 1526381 14612 17242 133317 86051 118409 81703 143767
SRM_1831_300s_20x20det_1_5_14  14974 16179 20888 1535527 15737 46978 1531566 14902 17321 134035 86683 118128 82207 143590
SRM_1831_300s_20x20det_1_5_15  14858 15719 21090 1532942 15815 46486 1529337 14666 17300 133055 86518 118232 82674 143431
SRM_1831_300s_20x20det_1_5_16  14846 15792 20902 1527855 15753 46515 1523961 14746 17253 133388 86225 118265 82269 143831
SRM_1831_300s_20x20det_1_5_17  14977 15929 20832 1531003 15786 46546 1527804 14371 17035 133177 85724 117302 82177 143000
SRM_1831_300s_20x20det_1_5_18  14981 16007 20856 1532431 15588 46702 1525205 14913 17170 133394 86006 118895 82404 143335
SRM_1831_300s_20x20det_1_5_19  14843 15871 20658 1530072 15699 46406 1526970 14883 17055 132982 86250 118172 82307 143412
SRM_1831_300s_20x20det_1_5_2   14789 15982 21119 1532711 16002 46415 1526674 14677 16998 133421 86407 118583 82260 144195
SRM_1831_300s_20x20det_1_5_3   14792 15956 20751 1528484 15541 46513 1527919 14813 17309 133404 86551 118335 82308 144195
SRM_1831_300s_20x20det_1_5_4   15185 15922 20872 1533239 15442 46496 1527807 14743 16942 133204 86579 117961 82385 143548
SRM_1831_300s_20x20det_1_5_5   14691 15887 21133 1527311 15484 46818 1524483 14684 16937 133174 86559 118204 81932 144031
SRM_1831_300s_20x20det_1_5_6   14522 15775 20808 1530538 15680 46543 1526928 14696 16905 133222 85819 118100 82028 143349
SRM_1831_300s_20x20det_1_5_7    2123  2358  3041  218236  2191  6594  217707  2113  2499  19011 12486  17021 11831  20807
SRM_1831_300s_20x20det_1_5_8   14993 15705 21013 1530968 15714 46519 1525753 14691 17085 133390 86123 118404 82487 144065
SRM_1831_300s_20x20det_1_5_9   14644 15912 21120 1529787 15514 46619 1525108 14699 17045 133381 86241 117908 81671 143394
SRM_1831_300s_20x20det_1_6_0   15024 16100 21243 1533197 15589 46740 1530700 14788 17075 133529 86292 118090 83226 147472
SRM_1831_300s_20x20det_1_6_1   14974 15768 21067 1531525 15555 46228 1527538 14716 16860 133612 86077 118257 82384 145682
SRM_1831_300s_20x20det_1_6_10  14679 16065 20894 1532296 15707 46219 1526763 14523 17129 133365 86062 118336 82214 143288
SRM_1831_300s_20x20det_1_6_11  14706 16135 20655 1529281 15581 46459 1527099 14655 17190 132793 86226 118753 82373 143570
SRM_1831_300s_20x20det_1_6_12  14785 15893 21085 1535103 15698 46871 1528923 14653 16958 133798 86346 118600 82715 143376
SRM_1831_300s_20x20det_1_6_13  14951 16011 21135 1531418 15618 47060 1524672 14753 17252 133482 86637 118743 82830 143502
SRM_1831_300s_20x20det_1_6_14  14691 15903 20939 1535804 15718 46570 1530379 14742 17250 133118 86304 117821 82383 142871
SRM_1831_300s_20x20det_1_6_15  14729 15978 20962 1534008 15598 46678 1527787 14670 17202 133996 86766 118013 82787 143534
SRM_1831_300s_20x20det_1_6_16  14685 15984 20982 1531932 15576 46354 1526029 14851 17142 132670 86769 117333 81704 143595
SRM_1831_300s_20x20det_1_6_17  14872 15813 20911 1530101 15585 46514 1525593 14724 16899 132433 86438 117916 82530 142562
SRM_1831_300s_20x20det_1_6_18  14791 16119 21241 1533905 15553 46552 1528260 14938 16985 132977 86332 119430 82105 143621
SRM_1831_300s_20x20det_1_6_19  14737 15856 20665 1532498 15471 46968 1527553 14689 17300 132795 85988 118345 82132 143431
SRM_1831_300s_20x20det_1_6_2   14821 15888 21041 1532228 15757 46573 1527055 14882 17320 133128 85711 117471 82651 143374
SRM_1831_300s_20x20det_1_6_3   14871 16082 21082 1531010 15458 47118 1525128 14567 17083 133243 86342 118187 82008 143742
SRM_1831_300s_20x20det_1_6_4   14787 16234 20870 1533326 15645 46446 1526922 14577 16901 133620 86145 117752 82171 143781
SRM_1831_300s_20x20det_1_6_5   14852 16008 21243 1529646 15638 46543 1522815 14586 17191 133010 86209 118871 82455 143511
SRM_1831_300s_20x20det_1_6_6   14769 16033 20830 1530077 15591 46293 1526451 14793 17194 133162 86481 118397 82741 143129
SRM_1831_300s_20x20det_1_6_7   14789 15920 20984 1530936 15544 46704 1525171 14724 16863 133030 86196 118206 81775 142881
SRM_1831_300s_20x20det_1_6_8   14773 15901 20993 1533825 15545 46414 1529207 14531 17144 132670 86194 118088 82034 143154
SRM_1831_300s_20x20det_1_6_9   14561 15886 20863 1530507 15520 46618 1525820 14651 17373 132456 86229 118492 81912 143825
SRM_1831_300s_20x20det_1_7_0   14950 16129 21348 1532062 15565 46270 1524996 14649 17150 133004 85876 118265 82334 146849
SRM_1831_300s_20x20det_1_7_1   14866 16327 20776 1535073 15685 46825 1528850 14620 17074 133322 86350 118095 82335 145518
SRM_1831_300s_20x20det_1_7_10  15011 16133 20644 1532114 15555 46465 1526916 14709 17219 133484 86266 118332 82525 143461
SRM_1831_300s_20x20det_1_7_11  14870 16133 20750 1533086 15744 46941 1529661 14980 16932 133378 86562 117648 82640 144000
SRM_1831_300s_20x20det_1_7_12  14962 15938 20929 1533906 15539 46373 1530432 14533 17186 133288 86574 117854 81958 143832
SRM_1831_300s_20x20det_1_7_13  14827 15838 20995 1531716 15577 46484 1527971 14678 17068 133995 86768 118069 81915 143881
SRM_1831_300s_20x20det_1_7_14  14769 16145 21033 1532964 15378 46736 1528215 14631 17310 133045 86232 118667 81846 143377
SRM_1831_300s_20x20det_1_7_15  14861 15874 20870 1530579 15512 46648 1527379 14842 17354 133483 85805 118253 82721 143575
SRM_1831_300s_20x20det_1_7_16  14720 15748 20812 1532597 15775 46600 1527141 14530 17239 133005 86077 117778 82573 142779
SRM_1831_300s_20x20det_1_7_17  14846 15737 20928 1528004 15823 46282 1522670 14720 16929 133094 86335 117894 82162 143284
SRM_1831_300s_20x20det_1_7_18  14843 15883 20937 1532808 15435 46376 1527969 14687 17208 133361 86290 118335 82890 144774
SRM_1831_300s_20x20det_1_7_19  14988 16034 20668 1533934 15517 46747 1530046 14522 17268 133416 87050 117650 82300 143977
SRM_1831_300s_20x20det_1_7_2   15002 15814 21063 1532159 15702 46402 1529002 14608 17424 132770 86243 117841 82286 144575
SRM_1831_300s_20x20det_1_7_3   14583 16234 21039 1534153 15534 46433 1528778 14802 17144 132945 86045 118504 82388 144299
SRM_1831_300s_20x20det_1_7_4   14794 16090 20881 1533813 15533 46757 1527254 14892 17052 133442 86139 117718 82854 143925
SRM_1831_300s_20x20det_1_7_5   14905 15899 21087 1534150 15729 46839 1529515 14788 17212 133295 86274 118999 82125 143302
SRM_1831_300s_20x20det_1_7_6   14783 16208 20857 1532427 15688 46106 1526416 14807 17102 133229 85912 118159 81804 142893
SRM_1831_300s_20x20det_1_7_7   14842 15836 20865 1531149 15408 46385 1526701 14635 17215 132469 86043 118043 82468 143252
SRM_1831_300s_20x20det_1_7_8   14796 15842 21003 1535402 15609 46571 1529010 14657 17286 133870 86061 118586 82512 143594
SRM_1831_300s_20x20det_1_7_9   15143 16090 21170 1535821 15286 46737 1529181 14842 17013 133956 86457 118740 82414 143547
SRM_1831_300s_20x20det_1_8_0   15025 16052 21049 1532769 15899 46602 1529551 14950 17209 133263 86560 118389 82553 146212
SRM_1831_300s_20x20det_1_8_1   14895 16106 21104 1532931 15680 46309 1528372 14748 17139 133409 86107 119160 82121 144769
SRM_1831_300s_20x20det_1_8_10  15039 15910 21067 1533446 15478 46376 1528153 14922 17243 133487 86079 118058 82104 143450
SRM_1831_300s_20x20det_1_8_11  14783 15848 21160 1533439 15637 46577 1529274 14607 17225 133725 86576 118682 82243 143494
SRM_1831_300s_20x20det_1_8_12  15187 15768 20864 1532523 15628 46700 1526111 14555 17143 133119 86117 117770 82406 143254
SRM_1831_300s_20x20det_1_8_13  14807 15962 20885 1533304 15509 46578 1528266 14499 17198 133119 86380 118372 82307 143952
SRM_1831_300s_20x20det_1_8_14  14872 16066 21220 1532592 15644 46443 1529235 14505 17066 133161 85889 118013 82161 142850
SRM_1831_300s_20x20det_1_8_15  15194 15922 20477 1532014 15726 46334 1529399 14735 17203 133688 86566 118041 81991 143853
SRM_1831_300s_20x20det_1_8_16  14740 15705 20906 1531057 15782 46539 1525890 14839 16941 133424 86021 118539 82037 142997
SRM_1831_300s_20x20det_1_8_17  14864 15771 20893 1527472 15494 46513 1525504 14883 16938 133424 86348 117981 81837 142883
SRM_1831_300s_20x20det_1_8_18  14747 15699 21028 1532288 15624 46909 1527799 14757 17177 132586 86745 118646 83102 143460
SRM_1831_300s_20x20det_1_8_19  14695 15890 21103 1531715 15339 46229 1527079 14746 17150 132551 87179 118286 82421 143251
SRM_1831_300s_20x20det_1_8_2   15001 15910 21096 1532056 15597 46473 1528468 14927 17106 132934 86137 118603 82773 143798
SRM_1831_300s_20x20det_1_8_3   14791 15902 20625 1532126 15562 46590 1527095 14794 17230 134447 85898 117917 81766 143086
SRM_1831_300s_20x20det_1_8_4   14779 15985 21059 1533928 15585 46145 1527375 14606 17026 133077 86630 117591 82451 143622
SRM_1831_300s_20x20det_1_8_5   14824 15945 20883 1534850 15497 46382 1531765 14801 17235 133588 86485 118193 82411 144282
SRM_1831_300s_20x20det_1_8_6   15062 16029 21162 1534519 15823 46571 1529952 14753 17211 133731 85922 118412 81898 144052
SRM_1831_300s_20x20det_1_8_7   14745 15874 20909 1534024 15543 46787 1527885 14738 17226 133167 86241 118375 82252 143357
SRM_1831_300s_20x20det_1_8_8   14894 15907 20931 1534460 15575 46792 1527156 14499 17063 133438 86547 118043 82206 143704
SRM_1831_300s_20x20det_1_8_9   14784 15848 21105 1536471 15753 46523 1531020 14865 17101 133459 85945 118309 82081 144273
SRM_1831_300s_20x20det_1_9_0   15063 16181 21220 1535907 15879 47075 1530278 14807 17548 133098 86122 118744 82638 147036
SRM_1831_300s_20x20det_1_9_1   15030 16096 21127 1532074 15663 46592 1530032 14637 16942 132958 86014 118616 82161 145361
SRM_1831_300s_20x20det_1_9_10  14792 15929 20980 1532673 15622 46602 1528530 14777 17227 133545 85629 118171 82407 143522
SRM_1831_300s_20x20det_1_9_11  14888 15843 21124 1533740 15633 46457 1527120 14704 17191 133339 86084 118124 82296 143287
SRM_1831_300s_20x20det_1_9_12  14995 16039 21108 1533858 15800 46240 1527576 14555 17216 133538 86628 118213 82676 143806
SRM_1831_300s_20x20det_1_9_13  14862 15914 20867 1530397 15831 46515 1524902 14607 17280 133586 86504 118632 82295 143330
SRM_1831_300s_20x20det_1_9_14  14838 15961 21053 1531085 15609 46717 1527139 14546 17048 133571 86480 117870 82334 142783
SRM_1831_300s_20x20det_1_9_15  14844 15942 20732 1531198 15558 46302 1523499 14853 17194 133570 86765 117731 82495 143152
SRM_1831_300s_20x20det_1_9_16  14877 15957 20675 1533541 15697 46716 1530468 14806 17058 133784 85923 118408 83019 143854
SRM_1831_300s_20x20det_1_9_17  14378 15447 20201 1493572 15376 46146 1519932 14533 17115 133806 86579 117946 82384 143111
SRM_1831_300s_20x20det_1_9_18  14990 16198 21044 1532768 15667 46685 1527306 14898 17200 132966 86192 118065 82456 143587
SRM_1831_300s_20x20det_1_9_19  14989 15979 20588 1534461 15517 46661 1527230 14640 17047 133033 86431 117990 82536 143378
SRM_1831_300s_20x20det_1_9_2   14876 16045 21150 1531621 15652 46477 1526957 14811 17226 133070 86344 118077 82100 144310
SRM_1831_300s_20x20det_1_9_3   14866 15943 20842 1534887 15458 46886 1530104 15082 17228 133362 86503 118673 82081 143834
SRM_1831_300s_20x20det_1_9_4   15063 16005 21123 1535342 15620 46919 1525167 14673 17203 132974 86293 117748 82388 143694
SRM_1831_300s_20x20det_1_9_5   14754 15949 20929 1532098 15600 46553 1527001 14891 17198 132674 85485 117946 82413 143914
SRM_1831_300s_20x20det_1_9_6   14929 16117 21020 1535749 15666 46206 1529773 14480 17333 132554 86437 118118 82497 143443
SRM_1831_300s_20x20det_1_9_7   14872 15932 20899 1530802 15895 46243 1527451 14786 17112 134104 86338 118881 82389 143370
SRM_1831_300s_20x20det_1_9_8   14817 15894 20988 1534564 15548 46579 1528691 14793 17176 132874 86115 117765 82156 143598
SRM_1831_300s_20x20det_1_9_9   14958 15878 21179 1530325 15383 46530 1528128 14641 17187 132985 86477 118105 82190 143949
SRM_1831_300s_20x20det_2_0_0   16062 17402 23228 1659597 16499 50841 1648682 16218 18939 143695 92969 124178 88303 155285
SRM_1831_300s_20x20det_2_0_1   16137 17182 23290 1656560 16816 50307 1646774 16114 18786 144396 92685 123354 88598 154979
SRM_1831_300s_20x20det_2_0_10  16229 17338 23106 1662243 16901 51034 1656620 16075 19083 145118 92934 125507 89128 155158
SRM_1831_300s_20x20det_2_0_11  16135 17342 23107 1662897 16748 51097 1657772 16325 18951 144742 93097 124587 89909 154539
SRM_1831_300s_20x20det_2_0_12  16006 17091 22945 1664376 16835 50482 1659591 16033 18972 145421 92811 125122 89448 155054
SRM_1831_300s_20x20det_2_0_13  16044 17180 23265 1663222 16534 50861 1657442 16075 19002 144558 92764 124849 89479 155192
SRM_1831_300s_20x20det_2_0_14  16100 17255 23325 1664053 16793 50943 1659085 15981 18914 145288 93227 125145 89007 154986
SRM_1831_300s_20x20det_2_0_15  16102 17385 23163 1659763 16995 51275 1656147 15973 18841 145489 92754 124405 89342 154731
SRM_1831_300s_20x20det_2_0_16  16053 17186 23386 1663490 16909 50787 1656725 16201 18884 145066 93173 125619 88960 154534
SRM_1831_300s_20x20det_2_0_17  16063 17374 23335 1662131 16973 50685 1653066 16473 18977 144965 93425 124856 89072 154732
SRM_1831_300s_20x20det_2_0_18  16197 17302 23580 1659425 16966 50682 1655550 16069 18674 144845 93172 124613 89195 153992
SRM_1831_300s_20x20det_2_0_19  16185 17244 23129 1663924 16808 50514 1657333 16174 18779 144816 93106 124820 88946 154548
SRM_1831_300s_20x20det_2_0_2    2987  3151  4133  301166  3056  9164  299923  2915  3330  26112 16673  22615 16133  28073
SRM_1831_300s_20x20det_2_0_3   16159 17210 23353 1659258 16894 50671 1649643 15918 18479 144640 92900 124329 89254 154795
SRM_1831_300s_20x20det_2_0_4   16167 17116 23347 1661816 16768 50454 1653841 16267 18949 144136 93073 124769 89552 154825
SRM_1831_300s_20x20det_2_0_5   16059 17440 23223 1660090 16965 50482 1654141 16272 18579 145740 92501 124232 89102 155001
SRM_1831_300s_20x20det_2_0_6   15989 17253 23639 1667326 16923 51115 1660672 16305 18899 145587 93401 124451 90025 154831
SRM_1831_300s_20x20det_2_0_7   16090 17222 23354 1665453 16737 50789 1659177 16311 18979 145176 93558 124956 89396 155359
SRM_1831_300s_20x20det_2_0_8   16161 17303 23296 1664197 16888 50870 1658257 16162 18993 144630 94050 125014 89321 155133
SRM_1831_300s_20x20det_2_0_9   15739 16870 22809 1621393 17025 50741 1652730 16317 19074 145563 93962 124461 89340 154838
SRM_1831_300s_20x20det_2_1_0   16013 17243 23194 1655668 16851 50792 1655636 16196 18859 144900 93253 125027 89914 156764
SRM_1831_300s_20x20det_2_1_1   16257 16991 23031 1663786 16943 50870 1657093 16353 18895 145535 93299 125487 89619 154996
SRM_1831_300s_20x20det_2_1_10  16014 17121 23292 1657000 16567 50776 1656854 15917 18990 144897 92996 124923 89090 152988
SRM_1831_300s_20x20det_2_1_11  15819 17295 23105 1659186 16641 50717 1654918 16008 18742 144950 92773 124476 89170 154107
SRM_1831_300s_20x20det_2_1_12  15908 17006 22888 1655753 16903 50303 1653547 15979 18674 145015 93011 125306 89023 153563
SRM_1831_300s_20x20det_2_1_13  15965 17119 23069 1658445 16915 50812 1655550 16129 18749 144172 92941 125140 88911 154722
SRM_1831_300s_20x20det_2_1_14  16047 17135 23237 1659002 16820 50467 1655016 16275 18961 144800 93028 124815 89025 154070
SRM_1831_300s_20x20det_2_1_15  16108 17242 22970 1661796 16608 50594 1656720 16001 18873 144138 93014 124647 89430 153902
SRM_1831_300s_20x20det_2_1_16  16178 17245 23652 1655691 16897 51060 1653245 16151 18942 145012 93317 124155 89173 152718
SRM_1831_300s_20x20det_2_1_17  15769 17070 23125 1657742 16965 50464 1651250 16033 18531 144498 93149 124376 88993 153103
SRM_1831_300s_20x20det_2_1_18  15883 17421 23189 1657827 16880 50698 1650918 16385 18792 145222 92895 124786 89567 153947
SRM_1831_300s_20x20det_2_1_19  16112 17192 23116 1660291 16943 50802 1656672 16396 18999 144552 93194 124984 89339 153929
SRM_1831_300s_20x20det_2_1_2   16246 17142 23228 1660638 16801 50578 1659350 16249 18862 144412 93593 125065 89455 154133
SRM_1831_300s_20x20det_2_1_3   16086 17286 23438 1659489 16828 50510 1652993 16195 18985 144986 92784 124832 88966 153813
SRM_1831_300s_20x20det_2_1_4   10121 10720 14578 1047516 10602 32240 1046498  9997 11854  91677 59034  78791 56026  96804
SRM_1831_300s_20x20det_2_1_5   16347 17244 23317 1657491 16680 50639 1653874 16452 18763 144206 93172 124328 89156 154713
SRM_1831_300s_20x20det_2_1_6   15869 17337 23213 1658246 16588 50685 1655398 16163 18478 144587 93430 124463 89095 152978
SRM_1831_300s_20x20det_2_1_7   16074 16954 23159 1659393 16767 50664 1656878 16262 18653 145494 93443 125014 89053 153186
SRM_1831_300s_20x20det_2_1_8   16101 17137 23371 1660032 16895 50668 1656678 15880 18831 145264 92803 124983 89300 153402
SRM_1831_300s_20x20det_2_1_9   16134 17156 23225 1658323 16592 50816 1654171 16157 18605 144231 92650 125030 88974 153623
SRM_1831_300s_20x20det_2_10_0  16130 17103 23459 1659187 16865 50724 1653988 16378 18584 145341 93526 124766 88879 155815
SRM_1831_300s_20x20det_2_10_1  15852 17299 23411 1658528 16836 50678 1655530 16079 18649 144823 93134 125098 89275 154649
SRM_1831_300s_20x20det_2_10_10 15475 16839 22623 1630079 16948 50766 1649289 16106 18839 144745 93683 125583 89020 153472
SRM_1831_300s_20x20det_2_10_11 15932 17158 23239 1660580 16879 51185 1656273 16313 18750 144701 93011 124380 88901 151642
SRM_1831_300s_20x20det_2_10_12 16017 17308 23185 1660065 16504 50724 1655632 16223 19221 144833 93205 125099 88830 152574
SRM_1831_300s_20x20det_2_10_13 15936 17222 23227 1657214 16774 50821 1652595 16152 18761 145492 93072 125208 89285 153108
SRM_1831_300s_20x20det_2_10_14 15933 17196 23049 1658263 16685 49996 1654764 15986 18597 144602 92990 124718 88801 153185
SRM_1831_300s_20x20det_2_10_15 16054 16959 23156 1663613 16725 50727 1656444 16033 18891 145143 92855 124474 88836 153066
SRM_1831_300s_20x20det_2_10_16 16215 17322 23338 1661688 16732 50629 1654119 16077 18763 145146 93188 125327 89098 152839
SRM_1831_300s_20x20det_2_10_17 16050 17164 23163 1656427 16731 50835 1653519 16192 18712 144247 93275 125278 88746 153414
SRM_1831_300s_20x20det_2_10_18 15804 17289 22883 1659254 16678 50876 1655303 16245 18792 144985 93540 125123 89150 153523
SRM_1831_300s_20x20det_2_10_19 15943 17174 23203 1658402 16851 50489 1656102 16294 18677 144794 93600 124950 89090 153510
SRM_1831_300s_20x20det_2_10_2  15892 17501 23181 1662100 16704 50811 1656807 16346 19115 144950 93640 124370 89315 153545
SRM_1831_300s_20x20det_2_10_3  16018 17040 23210 1662104 16738 51232 1652668 16076 18804 145637 92564 124838 89076 152644
SRM_1831_300s_20x20det_2_10_4  15935 17096 23343 1660589 16963 50504 1654694 16247 18676 145090 93072 124739 89164 153573
SRM_1831_300s_20x20det_2_10_5  16158 17118 23234 1660047 16656 50763 1655234 16233 18632 144636 93459 124293 89240 152542
SRM_1831_300s_20x20det_2_10_6  15890 16910 23221 1659701 16835 50738 1652801 16145 18824 145025 92935 124652 88844 152781
SRM_1831_300s_20x20det_2_10_7  15942 17020 23109 1661174 16919 50722 1655979 15704 18764 144911 93559 124940 89886 152246
SRM_1831_300s_20x20det_2_10_8  16118 17217 23412 1658526 16643 50607 1655957 16144 18812 144276 93012 124851 88828 152963
SRM_1831_300s_20x20det_2_10_9   9937 10849 14500 1035882 10713 31652 1032749 10136 11708  90042 57914  77659 55685  95342
SRM_1831_300s_20x20det_2_11_0  16103 17132 23643 1655588 16848 50825 1651005 16312 18812 144435 93014 124573 88952 155899
SRM_1831_300s_20x20det_2_11_1  16177 17278 23169 1658131 17023 50686 1653563 15948 19034 144417 93323 124491 89094 154513
SRM_1831_300s_20x20det_2_11_10 15982 17290 23148 1662029 16693 50241 1656099 16328 18573 144874 93403 125270 89164 153257
SRM_1831_300s_20x20det_2_11_11 16103 17187 23307 1662083 16782 50920 1657271 16262 19059 144922 92550 124780 89136 152715
SRM_1831_300s_20x20det_2_11_12 15959 17284 23087 1661953 16715 50921 1656345 16338 18795 144920 93439 124601 88869 152780
SRM_1831_300s_20x20det_2_11_13 16135 17131 23190 1659307 16982 50591 1656682 16443 18848 145253 93063 125374 89639 152541
SRM_1831_300s_20x20det_2_11_14 15839 17000 23482 1660268 16615 50530 1657891 16317 18723 144973 93285 124863 89423 152881
SRM_1831_300s_20x20det_2_11_15 16028 17229 23217 1662142 16786 51098 1657569 16036 18981 144580 93522 124897 88889 153301
SRM_1831_300s_20x20det_2_11_16  7332  7919 10837  776547  7954 23472  775462  7651  8749  68061 43603  58488 41798  71441
SRM_1831_300s_20x20det_2_11_17 15918 17064 22919 1653997 16910 50528 1655831 16002 18878 145450 93151 124528 89127 152351
SRM_1831_300s_20x20det_2_11_18 15908 17286 23038 1661004 16885 50626 1653900 15998 18935 144887 93309 124989 88995 152663
SRM_1831_300s_20x20det_2_11_19 16014 17059 23272 1657003 16779 50965 1655917 16186 18756 144836 93380 124811 89383 153250
SRM_1831_300s_20x20det_2_11_2  15967 17022 23306 1658691 16699 50697 1654909 15902 18876 145576 93367 125289 89550 153078
SRM_1831_300s_20x20det_2_11_3   5341  5818  7823  552387  5544 16942  550701  5453  6041  48251 31382  41456 29494  50753
SRM_1831_300s_20x20det_2_11_4  16223 17107 23319 1657835 16874 50867 1655958 16338 18639 144588 93300 124670 88980 152852
SRM_1831_300s_20x20det_2_11_5  16153 17196 23193 1661574 16641 51048 1657395 16178 18768 144902 92991 124712 89775 153195
SRM_1831_300s_20x20det_2_11_6  16242 17098 23158 1658954 16706 50796 1654160 16289 18898 144665 93025 124652 88632 153555
SRM_1831_300s_20x20det_2_11_7  15854 17256 23092 1662373 16640 50607 1654387 16144 18806 144427 93708 125031 89260 152548
SRM_1831_300s_20x20det_2_11_8  15837 16876 23106 1658444 16713 50482 1655043 16371 18808 144992 93039 124798 89303 152802
SRM_1831_300s_20x20det_2_11_9   9642 10263 13910  996367 10027 30522  993737  9840 11323  87119 56102  75368 53661  92221
SRM_1831_300s_20x20det_2_12_0  16140 17436 23165 1660889 16852 50521 1654661 16258 18738 144981 93180 124412 89342 156016
SRM_1831_300s_20x20det_2_12_1   6757  7407  9720  697022  7037 21463  695281  6764  7905  60218 39029  52391 37765  64689
SRM_1831_300s_20x20det_2_12_10 15921 17198 23024 1663387 16654 50592 1657218 16363 18741 145054 93085 125180 89050 153010
SRM_1831_300s_20x20det_2_12_11 16302 17277 22919 1657446 16425 50793 1655183 16150 18952 145135 93756 125064 89081 152110
SRM_1831_300s_20x20det_2_12_12 15835 17276 23139 1656101 16865 50868 1652229 16230 18895 144834 92590 124861 89167 152336
SRM_1831_300s_20x20det_2_12_13 15755 17162 23246 1660813 16856 50557 1656740 16010 18880 144090 93066 125252 88629 153363
SRM_1831_300s_20x20det_2_12_14 16101 17188 23272 1660878 16600 50935 1656070 15961 18782 144126 92788 125155 89289 151784
SRM_1831_300s_20x20det_2_12_15 15912 17242 23386 1656788 16939 49722 1654759 16361 18775 144622 92923 124567 88494 152570
SRM_1831_300s_20x20det_2_12_16 15923 17135 23005 1657352 16470 50609 1655376 16082 18805 144652 93015 124751 88752 152720
SRM_1831_300s_20x20det_2_12_17 15905 17000 23275 1659699 16621 50745 1654351 16039 18680 144912 93287 124591 88714 152358
SRM_1831_300s_20x20det_2_12_18 16151 17301 22746 1659050 16719 50957 1656051 16286 18869 145027 93712 124699 89075 152872
SRM_1831_300s_20x20det_2_12_19 12070 12836 17186 1237003 12333 37855 1233065 11960 14079 107873 69088  92890 66886 113215
SRM_1831_300s_20x20det_2_12_2  15653 17316 23349 1660630 16795 50829 1656789 16175 18851 145222 93644 124790 89371 153973
SRM_1831_300s_20x20det_2_12_3  15908 17241 23338 1659901 16912 50573 1654953 16173 18748 145184 92861 124490 89332 153384
SRM_1831_300s_20x20det_2_12_4  15843 17319 23274 1661482 16686 50208 1656042 15967 18774 145047 93519 124600 89058 153596
SRM_1831_300s_20x20det_2_12_5  10957 11828 16150 1154911 11817 35252 1152851 11345 13149 101205 65250  87205 62140 106332
SRM_1831_300s_20x20det_2_12_6  16028 17273 23293 1656805 16642 50433 1654118 15962 18944 144624 93075 124451 89000 152775
SRM_1831_300s_20x20det_2_12_7  15800 17239 23330 1658944 16735 50470 1652814 16192 18744 145045 92948 124572 88889 152393
SRM_1831_300s_20x20det_2_12_8  15890 16986 23144 1661273 16741 50457 1655664 16244 19024 145388 92756 125403 89090 153893
SRM_1831_300s_20x20det_2_12_9  15736 17406 23176 1661327 16868 50897 1655074 16259 18739 144892 93230 125167 89262 152571
SRM_1831_300s_20x20det_2_13_0   7824  8280 11267  805930  8114 24780  802922  7887  9215  70370 44896  60273 43237  75786
SRM_1831_300s_20x20det_2_13_1  15987 17270 23369 1658775 16643 50860 1653531 16497 18823 144675 93497 124510 88865 153719
SRM_1831_300s_20x20det_2_13_10 16106 17334 23442 1664402 16584 50212 1657824 16179 18493 145367 93313 125315 89524 152257
SRM_1831_300s_20x20det_2_13_11 16028 17166 23084 1664012 16784 50767 1657827 16125 18751 145659 93533 125103 89400 153419
SRM_1831_300s_20x20det_2_13_12 15795 17072 23066 1654929 16769 50718 1655452 15984 18993 144285 92749 124596 89541 153463
SRM_1831_300s_20x20det_2_13_13 15890 17129 23202 1663485 16509 50703 1657433 16202 18551 144662 93024 125478 88995 153045
SRM_1831_300s_20x20det_2_13_14 16159 17241 22869 1662207 16933 50874 1656116 16196 19118 145070 92936 125302 89217 153025
SRM_1831_300s_20x20det_2_13_15 15828 17105 23445 1662515 16863 50546 1658176 16049 18813 145070 92721 124952 89494 152595
SRM_1831_300s_20x20det_2_13_16 16046 17199 23193 1662171 16914 50559 1657226 16042 18782 144851 94232 124248 89631 152813
SRM_1831_300s_20x20det_2_13_17 16052 17106 23287 1662214 16786 50712 1654481 16258 18781 144301 93062 125187 89174 152777
SRM_1831_300s_20x20det_2_13_18 15958 17474 23185 1663899 16689 51066 1656206 16043 19037 144477 93109 125115 89260 153597
SRM_1831_300s_20x20det_2_13_19 16103 17209 23436 1663477 16804 50480 1657806 16016 18866 144561 93261 125315 88862 153975
SRM_1831_300s_20x20det_2_13_2  15967 17259 23266 1659096 16815 50822 1652959 15935 18730 144537 92457 124819 89236 153046
SRM_1831_300s_20x20det_2_13_3  15826 17174 23087 1658917 16920 50208 1653996 16323 18634 144713 93615 124974 89413 152750
SRM_1831_300s_20x20det_2_13_4  15737 17404 23081 1656888 16835 50382 1652117 15984 18621 144402 93054 124167 89562 152926
SRM_1831_300s_20x20det_2_13_5  16027 17149 23309 1662125 16719 50355 1656242 16022 18811 144556 93159 125032 88897 153457
SRM_1831_300s_20x20det_2_13_6  16117 17242 23223 1660094 16652 50717 1657132 16016 18887 144785 93326 124615 89509 152822
SRM_1831_300s_20x20det_2_13_7  15929 17181 23180 1660231 16939 50942 1657215 16077 18915 145070 92463 125374 88551 152631
SRM_1831_300s_20x20det_2_13_8  16294 17177 23033 1660964 16834 50858 1656317 16291 19016 144407 92768 125082 88975 153399
SRM_1831_300s_20x20det_2_13_9  15951 17219 23278 1662581 16701 50758 1658783 15895 18681 144381 93172 124910 89483 152956
SRM_1831_300s_20x20det_2_14_0  16451 17390 23327 1662416 16778 50444 1657630 16134 18974 145237 93048 124636 89587 155945
SRM_1831_300s_20x20det_2_14_1  16185 17361 22947 1661578 16622 51037 1654353 16103 18980 144797 93075 125240 89063 154675
SRM_1831_300s_20x20det_2_14_10 15927 17332 23188 1660435 16804 51126 1656099 16096 18556 144305 92813 124952 89109 152188
SRM_1831_300s_20x20det_2_14_11 16036 17384 23121 1660626 16736 50555 1657347 16342 18667 145161 93582 125267 89231 153263
SRM_1831_300s_20x20det_2_14_12  1554  1731  2225  162308  1543  4875  162558  1531  1823  14305  9223  12264  8855  14925
SRM_1831_300s_20x20det_2_14_13 15973 17277 23376 1665366 16912 50858 1660728 16063 18870 145438 93557 125093 89476 153300
SRM_1831_300s_20x20det_2_14_14 15821 17176 22913 1661021 16765 50775 1653598 16321 18893 144642 93509 124372 89196 152850
SRM_1831_300s_20x20det_2_14_15 16065 17177 23072 1661492 16778 50902 1657533 16175 18664 144593 93698 125099 88903 152613
SRM_1831_300s_20x20det_2_14_16 15989 17049 23502 1661823 16918 50745 1655293 16179 19079 145234 93003 124229 89550 153297
SRM_1831_300s_20x20det_2_14_17 15746 17197 23207 1659801 16558 50505 1653764 16058 18821 144860 92943 124468 89038 152506
SRM_1831_300s_20x20det_2_14_18 16200 16892 23112 1663486 16668 50657 1656858 15929 18525 144392 93746 124741 89134 153303
SRM_1831_300s_20x20det_2_14_19 15994 17227 23111 1660731 16956 50661 1655965 16114 19070 144795 92629 125096 88797 153296
SRM_1831_300s_20x20det_2_14_2  15946 17387 23442 1660204 16780 50948 1651970 16264 18608 144105 93388 124912 89357 153178
SRM_1831_300s_20x20det_2_14_3  16063 17330 23165 1662098 17045 50296 1656455 16241 18856 145032 92994 125457 88924 153648
SRM_1831_300s_20x20det_2_14_4  15903 17138 23014 1662482 17027 50698 1652026 16151 18713 145002 93469 124978 88867 152675
SRM_1831_300s_20x20det_2_14_5  15953 17272 23171 1661549 16532 50797 1653339 16009 18590 144806 92898 124604 89241 152605
SRM_1831_300s_20x20det_2_14_6  15913 17218 23178 1660238 16959 50715 1652339 16248 18920 144415 92540 124044 88541 153207
SRM_1831_300s_20x20det_2_14_7  16156 17324 23082 1660230 16707 50785 1654142 16026 18594 144644 92755 124636 88512 152093
SRM_1831_300s_20x20det_2_14_8  15717 17300 23159 1660783 16651 50788 1656728 16142 18743 144678 92909 125208 89311 152476
SRM_1831_300s_20x20det_2_14_9  10151 10635 14492 1045775 10750 32569 1069744 10608 12366  93864 60240  80597 57653  99165
SRM_1831_300s_20x20det_2_15_0  16254 17429 23245 1661827 16817 50629 1655178 16304 18849 144115 92910 124734 89505 156561
SRM_1831_300s_20x20det_2_15_1   9308 10037 13486  972774  9823 29523  971212  9369 10908  85114 54691  73317 52168  90649
SRM_1831_300s_20x20det_2_15_10 13181 14347 19395 1387499 14038 42152 1384992 13551 15611 120891 77931 104443 74836 127172
SRM_1831_300s_20x20det_2_15_11 15976 17226 23367 1659809 16884 50743 1654868 16024 18744 144484 92378 125429 89037 152643
SRM_1831_300s_20x20det_2_15_12 15855 17199 23291 1660376 16847 50462 1654028 16333 18622 145469 93349 124394 89346 152670
SRM_1831_300s_20x20det_2_15_13  3278  3543  4690  336342  3435 10296  336404  3296  3719  29365 18910  25446 18133  31332
SRM_1831_300s_20x20det_2_15_14 16038 16762 23051 1654185 16729 51219 1654430 16246 18872 145340 93613 124530 89296 152803
SRM_1831_300s_20x20det_2_15_15 15925 17233 23637 1667679 16717 50908 1658447 16211 18912 144995 93913 124685 89507 152677
SRM_1831_300s_20x20det_2_15_16 15893 17102 23122 1665336 17002 50996 1657520 16129 19086 145207 93724 125100 89096 153253
SRM_1831_300s_20x20det_2_15_17 16014 17237 23342 1663404 16694 50839 1656227 15968 18854 144163 93310 125327 89737 152956
SRM_1831_300s_20x20det_2_15_18 16033 17025 23159 1661329 16716 50432 1655439 16261 18580 145381 93524 124833 88932 152964
SRM_1831_300s_20x20det_2_15_19 16112 17062 23183 1663363 16642 50359 1656707 16244 19045 144588 93192 124823 89201 153441
SRM_1831_300s_20x20det_2_15_2  16122 17304 23143 1659148 16687 50368 1652332 16173 18830 143960 93554 124591 89608 153450
SRM_1831_300s_20x20det_2_15_3  16110 17267 23303 1659097 16780 50862 1654333 15940 18728 144447 92726 124405 89483 153181
SRM_1831_300s_20x20det_2_15_4  16039 17389 23191 1660915 16672 50585 1654043 15874 18655 144572 93612 124960 88972 152737
SRM_1831_300s_20x20det_2_15_5  15947 17234 23149 1662098 17080 50590 1652234 16076 18707 144598 93247 124883 89433 152448
SRM_1831_300s_20x20det_2_15_6  15984 17126 23240 1661745 16954 50731 1656130 16366 18765 144727 92881 125168 89296 152941
SRM_1831_300s_20x20det_2_15_7  15750 17152 22980 1661694 16729 51197 1656312 15987 18622 144713 93254 124991 88695 152722
SRM_1831_300s_20x20det_2_15_8  16096 17052 23374 1662646 16731 50761 1654008 16161 18727 144884 93767 124849 89516 153153
SRM_1831_300s_20x20det_2_15_9  16273 17183 23276 1662101 16828 50758 1657057 16149 18765 144607 92965 125304 89429 153160
SRM_1831_300s_20x20det_2_16_0  16291 17332 23539 1662278 16873 50658 1655793 16076 19011 144740 93292 124801 89610 155986
SRM_1831_300s_20x20det_2_16_1   1867  1986  2557  186353  1927  5590  185541  1858  2085  16175 10432  14134 10102  17061
SRM_1831_300s_20x20det_2_16_10 16075 17316 22838 1664811 16923 50747 1656500 16223 18960 145275 93503 125337 89080 152763
SRM_1831_300s_20x20det_2_16_11 16154 17196 23321 1661498 16679 50786 1655364 16421 18705 145136 93071 125013 89488 152873
SRM_1831_300s_20x20det_2_16_12 16043 17000 23364 1661645 16591 50674 1657121 16215 18847 145324 93239 125294 88883 153159
SRM_1831_300s_20x20det_2_16_13 16019 16989 23114 1642116 20259 50206 1652150 16121 18834 145144 93465 123781 88958 152984
SRM_1831_300s_20x20det_2_16_14 16036 17282 23504 1663505 16698 50582 1655397 16258 18996 144736 93467 124986 89588 151536
SRM_1831_300s_20x20det_2_16_15 16110 17371 23185 1662025 16724 50499 1657845 16165 18941 145261 93198 125799 89520 153098
SRM_1831_300s_20x20det_2_16_16 16080 17333 23412 1661425 16747 50239 1655375 16223 18932 144887 93294 124657 89163 153090
SRM_1831_300s_20x20det_2_16_17 16035 17336 23343 1661253 16840 50780 1655306 16203 18881 145345 93527 124722 88710 153092
SRM_1831_300s_20x20det_2_16_18 11615 12592 16983 1224482 12433 37539 1217274 11940 13978 106469 68511  91687 65516 112761
SRM_1831_300s_20x20det_2_16_19 15970 17282 23537 1664521 16844 51088 1659450 16009 19106 144814 93357 125044 89578 153353
SRM_1831_300s_20x20det_2_16_2  16170 17076 22948 1659334 16783 50824 1654467 16186 18871 144749 93434 124915 89398 153107
SRM_1831_300s_20x20det_2_16_3  12145 13028 17258 1246495 12494 37938 1240973 12103 14097 108403 69711  93240 66844 114156
SRM_1831_300s_20x20det_2_16_4  15966 17009 23003 1661841 16710 50330 1657678 16319 18886 144591 92814 125408 89621 153400
SRM_1831_300s_20x20det_2_16_5  16061 17106 23308 1661584 16573 50876 1657158 16110 18745 144826 92984 124880 88996 153043
SRM_1831_300s_20x20det_2_16_6  15933 17103 23099 1659520 16711 50600 1654822 16105 19025 145368 92971 124740 89270 152841
SRM_1831_300s_20x20det_2_16_7  15948 17262 23101 1660260 16908 50844 1654953 16208 18831 143771 93331 124496 89288 153103
SRM_1831_300s_20x20det_2_16_8  16078 17179 23171 1660172 16687 50448 1654196 16308 18751 144897 92993 125205 89255 152487
SRM_1831_300s_20x20det_2_16_9  15840 16819 22726 1629329 16412 49652 1624223 15904 18375 142208 91342 122654 88065 150124
SRM_1831_300s_20x20det_2_17_0  16302 17231 23520 1663246 17007 50381 1657566 16132 18832 145009 93717 124779 89586 156580
SRM_1831_300s_20x20det_2_17_1  16097 17183 23268 1665186 16937 50673 1656250 16057 18986 145298 92814 124993 89600 154692
SRM_1831_300s_20x20det_2_17_10 15829 17336 23273 1662870 16670 50844 1658060 16463 18675 144472 93180 125622 88839 152130
SRM_1831_300s_20x20det_2_17_11 16010 17329 23317 1666531 17039 50944 1656728 16254 18873 145294 93153 125067 88731 154075
SRM_1831_300s_20x20det_2_17_12 16117 17204 23157 1662833 16664 50839 1654783 16147 18673 144982 92667 125460 89472 152913
SRM_1831_300s_20x20det_2_17_13 15884 16913 23141 1663681 16784 51199 1660673 15983 18725 145635 93040 124827 89097 153818
SRM_1831_300s_20x20det_2_17_14 10403 11087 14976 1076962 10836 32992 1072263 10312 12118  93885 60330  80830 57685  99425
SRM_1831_300s_20x20det_2_17_15 16276 17249 23145 1661148 16908 50882 1659676 15947 18838 144879 93185 125017 89075 152647
SRM_1831_300s_20x20det_2_17_16 16065 17033 23140 1662761 16572 50726 1656501 16120 18674 144731 93010 124582 89271 152633
SRM_1831_300s_20x20det_2_17_17 16103 17142 23281 1664200 16756 50529 1658342 16242 18862 144871 93199 124867 89114 153663
SRM_1831_300s_20x20det_2_17_18 15973 17325 23241 1661545 16911 50942 1658165 16240 18919 144869 92885 124185 89121 152452
SRM_1831_300s_20x20det_2_17_19 12992 14042 18873 1355381 13831 41712 1353150 13395 15488 118253 76338 102165 72776 124893
SRM_1831_300s_20x20det_2_17_2  16213 17284 23303 1663809 16941 51197 1657303 16098 18559 144951 92850 125273 90114 154426
SRM_1831_300s_20x20det_2_17_3  15995 17261 23453 1664152 17024 50362 1660152 16140 19059 144053 93043 124472 89635 153541
SRM_1831_300s_20x20det_2_17_4  16189 17232 23188 1664464 16882 50957 1657211 16044 18971 144898 93463 124808 89429 153249
SRM_1831_300s_20x20det_2_17_5  16194 17291 23222 1664954 16550 50745 1659008 16135 18714 145702 93626 124901 89806 153839
SRM_1831_300s_20x20det_2_17_6  16183 17406 23357 1667276 16921 50621 1658930 16165 18638 145066 92830 124421 89874 153285
SRM_1831_300s_20x20det_2_17_7  16099 17254 22815 1664936 16624 51197 1661172 16089 18970 144711 93664 125587 89494 153079
SRM_1831_300s_20x20det_2_17_8  16193 17294 23219 1664188 16722 50634 1660085 16321 18859 144742 93229 124551 89691 152743
SRM_1831_300s_20x20det_2_17_9  15915 17233 23185 1660614 16688 50761 1657271 16033 18720 145378 93154 125342 88849 152378
SRM_1831_300s_20x20det_2_18_0  16209 17274 23335 1662356 16802 51012 1655390 16217 18708 144567 93529 124247 89866 156091
SRM_1831_300s_20x20det_2_18_1  16163 17188 23238 1661051 16938 50250 1656610 16051 18885 144699 93342 125728 89368 154369
SRM_1831_300s_20x20det_2_18_10 15914 17196 23212 1661692 16754 50739 1653394 15970 18951 144537 93111 124877 89243 153283
SRM_1831_300s_20x20det_2_18_11 16211 17157 23227 1664682 16895 50435 1655333 16156 18676 144602 93927 125020 90075 152251
SRM_1831_300s_20x20det_2_18_12 15944 17273 23253 1662051 16793 50776 1659164 16216 18772 145389 92264 125039 89519 152268
SRM_1831_300s_20x20det_2_18_13 16208 17089 23237 1662968 16929 50586 1655245 16011 18753 145133 92730 125017 88994 153591
SRM_1831_300s_20x20det_2_18_14 16041 17412 23226 1663410 16832 50700 1657973 16145 18788 144439 93366 124572 89884 153080
SRM_1831_300s_20x20det_2_18_15 15905 17169 23095 1661962 16761 50659 1654206 16032 18651 144663 93720 125329 89655 153300
SRM_1831_300s_20x20det_2_18_16 16067 17162 23124 1662553 16782 50907 1656652 16179 18821 144837 93439 125162 89319 153334
SRM_1831_300s_20x20det_2_18_17 15858 17277 23133 1662418 16719 50759 1652380 15971 18665 144763 93002 124272 89096 152829
SRM_1831_300s_20x20det_2_18_18 15873 17007 23201 1661571 16650 50690 1656503 16156 18823 144181 93289 124565 89633 153597
SRM_1831_300s_20x20det_2_18_19 15881 17135 23418 1654615 16596 50186 1648138 16243 18511 144110 92759 124183 88948 152046
SRM_1831_300s_20x20det_2_18_2  16203 17183 23474 1659695 16642 50665 1653520 16136 18737 144521 92931 124580 89104 153735
SRM_1831_300s_20x20det_2_18_3  16098 17237 23067 1661900 16853 50831 1655058 15973 18592 144579 93211 124834 89582 152731
SRM_1831_300s_20x20det_2_18_4  15972 16946 23097 1661503 16843 50876 1654133 16002 18677 145061 93188 125113 89015 152947
SRM_1831_300s_20x20det_2_18_5  16186 16896 23117 1655480 16663 50595 1649127 16429 18685 144053 92719 123661 88700 151954
SRM_1831_300s_20x20det_2_18_6  16017 17085 23265 1659978 16773 50680 1653907 16090 18517 144673 92862 124759 89718 152584
SRM_1831_300s_20x20det_2_18_7  15937 17107 22713 1652500 16584 50491 1653196 16055 18806 145046 92767 125111 89253 152548
SRM_1831_300s_20x20det_2_18_8  16002 17185 23286 1661886 16767 50773 1655355 15982 18641 144380 93134 124927 89093 152820
SRM_1831_300s_20x20det_2_18_9  15984 17228 23419 1660290 17072 50968 1654963 16326 18892 144995 92712 124643 88697 153147
SRM_1831_300s_20x20det_2_19_0  16361 17254 23185 1657994 16661 50460 1654377 16155 18510 144522 92803 124740 89326 155690
SRM_1831_300s_20x20det_2_19_1  16007 17224 23406 1658803 17000 50379 1652484 16241 18792 144841 93158 124408 88902 152965
SRM_1831_300s_20x20det_2_19_10 16048 17289 23281 1659827 16876 50393 1655842 16199 18854 145454 93092 124680 89410 152887
SRM_1831_300s_20x20det_2_19_11 16074 17331 23216 1664251 17049 50571 1657958 16004 18905 144698 93161 124663 89484 152912
SRM_1831_300s_20x20det_2_19_12 16022 17078 23414 1667312 17061 50933 1659503 16425 18652 144996 93023 125113 89469 153754
SRM_1831_300s_20x20det_2_19_13 16112 17242 23135 1667557 17059 50701 1658645 16138 18916 144533 93231 125055 89046 153558
SRM_1831_300s_20x20det_2_19_14 15637 16970 23180 1665373 16678 50793 1655774 16132 18939 145358 92935 124824 88839 152785
SRM_1831_300s_20x20det_2_19_15 16132 17177 22939 1662398 16883 50538 1657580 16237 18924 144165 93539 125148 89559 152532
SRM_1831_300s_20x20det_2_19_16 15954 17216 22861 1666020 16843 51048 1654513 16184 18694 144804 92790 125571 89039 152853
SRM_1831_300s_20x20det_2_19_17 15850 17192 23256 1666626 16963 51087 1656813 16179 18958 145056 93373 125570 89196 152748
SRM_1831_300s_20x20det_2_19_18 16172 17471 23344 1665509 16879 50718 1657350 16272 18901 144321 93250 124638 89069 152950
SRM_1831_300s_20x20det_2_19_19 15969 17299 23047 1664725 16903 50787 1659413 16381 18900 145581 93834 125534 90139 152777
SRM_1831_300s_20x20det_2_19_2  16131 17169 23226 1659823 16633 50726 1654462 16058 18719 144860 93157 124953 89281 153805
SRM_1831_300s_20x20det_2_19_3  16143 17367 23228 1660589 16723 50948 1655385 16236 18715 144655 92254 124802 89794 152321
SRM_1831_300s_20x20det_2_19_4  15964 17142 23207 1662042 17004 50954 1657739 16025 18906 144849 93152 124766 89112 152480
SRM_1831_300s_20x20det_2_19_5  15814 17100 23494 1660639 16716 51205 1656027 16064 18700 145042 93022 125358 89262 152897
SRM_1831_300s_20x20det_2_19_6  16020 17069 23245 1661698 16830 51046 1658001 16149 18989 144080 93364 125454 89112 153512
SRM_1831_300s_20x20det_2_19_7  15940 17242 23073 1661667 17000 50784 1654608 16256 18794 144606 92457 125117 89214 153253
SRM_1831_300s_20x20det_2_19_8  16014 16895 23223 1659823 16519 50230 1654545 16134 18959 144934 93349 124552 89057 153268
SRM_1831_300s_20x20det_2_19_9  16219 17198 23214 1663515 16768 50849 1658473 16155 18824 145084 93221 125472 89530 152817
SRM_1831_300s_20x20det_2_2_0   16139 17463 23256 1657356 16928 50950 1653168 16240 19064 144091 93002 124896 89505 157302
SRM_1831_300s_20x20det_2_2_1   15865 17410 23108 1658919 16944 50744 1652476 16364 19091 144929 92715 124947 89284 154569
SRM_1831_300s_20x20det_2_2_10  15850 17321 22801 1660888 16731 50801 1655050 16029 18598 144824 93445 125077 89178 153537
SRM_1831_300s_20x20det_2_2_11  10849 11513 15591 1103478 11122 33820 1103838 10727 12251  96742 61569  82927 59885 101902
SRM_1831_300s_20x20det_2_2_12  15897 17071 22971 1658457 16616 50951 1653880 16080 18840 145143 93200 124249 89109 152501
SRM_1831_300s_20x20det_2_2_13  15950 17161 23005 1661262 16638 50642 1653956 16091 18803 144475 93159 125038 89062 153305
SRM_1831_300s_20x20det_2_2_14  15893 17115 22930 1659201 16887 50907 1655147 15996 18854 144262 93358 124900 88962 153223
SRM_1831_300s_20x20det_2_2_15  15858 17281 23288 1660350 16615 50579 1652797 16159 19047 145054 93816 124397 89134 153378
SRM_1831_300s_20x20det_2_2_16  15880 17248 22826 1656696 16798 50624 1654315 16009 18672 144201 92842 124877 88816 153033
SRM_1831_300s_20x20det_2_2_17  16001 17179 23145 1659780 16559 50478 1654663 16243 18783 145264 93370 124741 89076 153498
SRM_1831_300s_20x20det_2_2_18  15958 17188 23191 1656399 16632 50473 1655640 16156 18722 144468 93020 124897 89307 153038
SRM_1831_300s_20x20det_2_2_19  15833 17134 23292 1659776 16648 51090 1656334 16316 18894 145126 93298 125097 89155 152843
SRM_1831_300s_20x20det_2_2_2   15875 17365 22933 1656146 16855 50659 1652636 16254 18847 144732 93190 125241 89183 153342
SRM_1831_300s_20x20det_2_2_3   16079 17445 23193 1657558 16904 50505 1654928 16031 19064 144480 92691 124971 89164 153480
SRM_1831_300s_20x20det_2_2_4   16170 17251 22928 1659450 16829 50511 1653095 15866 18949 144172 93350 124400 88953 153147
SRM_1831_300s_20x20det_2_2_5     654   758  1026   71650   745  2188   72044   743   822   6235  4173   5455  3842   6549
SRM_1831_300s_20x20det_2_2_6   15847 17317 23297 1658263 16656 50667 1653854 16337 18963 144813 93001 125290 89580 153157
SRM_1831_300s_20x20det_2_2_7    5126  5462  7469  528615  5411 16203  527009  5140  5986  46275 29806  39959 28516  49061
SRM_1831_300s_20x20det_2_2_8   16129 17249 23325 1659975 16540 50674 1657134 16163 19066 144613 93310 124956 89718 152819
SRM_1831_300s_20x20det_2_2_9   16162 16917 23483 1657442 16930 50766 1654955 16026 18509 144755 93689 124021 89587 152971
SRM_1831_300s_20x20det_2_3_0   16247 17207 23102 1661774 16812 51048 1655249 16118 18809 144547 92921 125353 88958 157435
SRM_1831_300s_20x20det_2_3_1   16252 17401 23287 1659227 16915 50836 1654548 16192 18774 145161 93493 124823 89165 154706
SRM_1831_300s_20x20det_2_3_10  15645 17351 23239 1661549 16578 50959 1655085 16320 18981 143767 92829 124786 89269 152625
SRM_1831_300s_20x20det_2_3_11  16047 17126 22945 1659724 16418 50944 1657245 16368 18761 145578 92933 124817 89116 153118
SRM_1831_300s_20x20det_2_3_12  16022 17198 23070 1657668 16610 50670 1653914 16287 18813 144239 92768 124409 89270 153304
SRM_1831_300s_20x20det_2_3_13  16122 17166 23244 1659774 16754 51007 1656754 16166 18783 145049 93364 124384 88641 152424
SRM_1831_300s_20x20det_2_3_14  15825 17148 22897 1656384 16934 50693 1652597 16210 18866 144435 93347 124530 89223 152760
SRM_1831_300s_20x20det_2_3_15  16060 17247 23095 1661679 16663 50698 1657078 16196 18732 145167 93095 124704 88924 152346
SRM_1831_300s_20x20det_2_3_16  15777 17274 23195 1659903 16755 50622 1656961 16299 18727 145032 93436 124096 89381 152101
SRM_1831_300s_20x20det_2_3_17  16099 17467 22876 1659396 16678 50849 1656977 15829 19105 144991 93262 125303 88672 153233
SRM_1831_300s_20x20det_2_3_18  16206 17179 23451 1660427 16576 50627 1657503 16111 19042 144316 92907 124245 88516 152075
SRM_1831_300s_20x20det_2_3_19  15815 17458 22979 1660423 16704 50893 1656441 16132 18761 145215 93643 124390 88935 152891
SRM_1831_300s_20x20det_2_3_2   15800 17365 23324 1659879 16717 50543 1657012 16139 18951 145558 93243 125239 89410 154496
SRM_1831_300s_20x20det_2_3_3   16092 17079 23778 1658920 16715 50225 1654513 16257 18955 144712 93839 124815 89130 152836
SRM_1831_300s_20x20det_2_3_4   12352 13199 17743 1281526 13051 39119 1278045 12499 14693 111454 71706  96752 69011 118731
SRM_1831_300s_20x20det_2_3_5   16288 17207 23137 1660136 16759 50852 1658114 16199 18746 144288 93235 124924 89477 153219
SRM_1831_300s_20x20det_2_3_6   15943 17000 23378 1657886 16974 50647 1657177 16449 18891 144909 93477 124761 88973 153282
SRM_1831_300s_20x20det_2_3_7   15934 17229 23079 1659923 16708 50879 1655603 16206 18718 144654 93236 124990 89234 153198
SRM_1831_300s_20x20det_2_3_8   16052 17231 23038 1661157 16652 50545 1656999 16060 18747 144706 93428 124753 89143 154236
SRM_1831_300s_20x20det_2_3_9   16067 17092 23108 1659611 16869 50548 1654796 16294 18935 144739 93187 124248 89333 153422
SRM_1831_300s_20x20det_2_4_0   16223 17235 23385 1660522 16692 50899 1657791 16092 18476 145166 93219 125057 89390 156906
SRM_1831_300s_20x20det_2_4_1   16004 17021 23087 1659844 16710 50899 1656799 16235 18720 144586 92816 125065 89247 154665
SRM_1831_300s_20x20det_2_4_10  16045 17192 23428 1658456 16824 50322 1654409 16399 18699 144398 92635 124815 88988 153049
SRM_1831_300s_20x20det_2_4_11  16057 17089 23286 1659951 16618 50968 1654632 16396 18734 144486 92885 124469 88996 152867
SRM_1831_300s_20x20det_2_4_12  16041 17122 22794 1656281 16657 51017 1653822 16037 18687 144796 93684 124738 88660 152616
SRM_1831_300s_20x20det_2_4_13  15914 16941 22864 1658211 16700 50559 1653462 15911 18851 144691 92872 124825 88919 152983
SRM_1831_300s_20x20det_2_4_14  16183 17364 23090 1658180 16695 51073 1653073 16409 18927 145239 93146 124246 89160 152911
SRM_1831_300s_20x20det_2_4_15  15934 17064 23136 1660591 16760 50784 1656984 16212 18979 145261 93294 124420 89136 152509
SRM_1831_300s_20x20det_2_4_16  15765 17045 22894 1633085 16888 50549 1653269 16245 18911 145087 93031 125038 88908 153060
SRM_1831_300s_20x20det_2_4_17  16138 17223 23150 1658743 16802 50876 1655180 15880 18947 145207 93446 124503 88798 152468
SRM_1831_300s_20x20det_2_4_18  16038 17246 23138 1661262 16935 50779 1656834 16207 18666 145251 93178 124614 89238 152479
SRM_1831_300s_20x20det_2_4_19  16124 17104 23149 1660305 16893 50321 1655409 16102 19150 145845 93174 124795 89661 153132
SRM_1831_300s_20x20det_2_4_2   16113 17224 23088 1655564 16763 50735 1655274 16259 18777 144407 93058 124306 89631 153658
SRM_1831_300s_20x20det_2_4_3   15892 17196 23280 1656628 16834 50580 1652502 16050 18682 145071 93106 125084 88765 152932
SRM_1831_300s_20x20det_2_4_4   15930 17095 23311 1654084 16517 50489 1650606 15961 18973 144573 93200 124632 88367 152691
SRM_1831_300s_20x20det_2_4_5   16000 17040 23172 1654235 16677 50871 1651027 16008 18826 144837 93052 124277 88494 152122
SRM_1831_300s_20x20det_2_4_6   15841 17367 23280 1657810 16646 50551 1651543 15940 18643 143500 92878 124843 89539 152912
SRM_1831_300s_20x20det_2_4_7   15951 17039 23016 1657997 16609 50521 1653470 16004 18734 145416 93235 124838 89424 152267
SRM_1831_300s_20x20det_2_4_8   15851 17056 23197 1657093 16854 50332 1654470 16322 18729 144794 93309 124640 89356 153073
SRM_1831_300s_20x20det_2_4_9   16012 16936 23109 1655426 16897 50849 1655633 16196 18834 144262 92653 124063 88834 152827
SRM_1831_300s_20x20det_2_5_0   16114 17321 23461 1657661 16864 51114 1653107 16315 18792 144783 92759 123731 89740 155970
SRM_1831_300s_20x20det_2_5_1   16145 17082 23044 1660069 16677 50706 1655139 16262 18767 144439 93095 124665 88870 154370
SRM_1831_300s_20x20det_2_5_10  15853 17271 23374 1661932 16900 50430 1658080 16112 18863 144970 93424 125102 89469 154135
SRM_1831_300s_20x20det_2_5_11  16064 17034 23124 1659497 16858 50447 1658929 16195 18764 144572 93731 125314 89236 153281
SRM_1831_300s_20x20det_2_5_12  16139 17025 23400 1657034 16900 50732 1653744 16124 18849 144603 92920 124836 89111 152329
SRM_1831_300s_20x20det_2_5_13  10711 11430 15591 1105733 11246 33897 1103806 10701 12480  96514 62677  83396 59234 102088
SRM_1831_300s_20x20det_2_5_14  15968 17108 23058 1659761 16801 50535 1660722 16122 19043 144729 92816 125037 89318 153343
SRM_1831_300s_20x20det_2_5_15  16192 17094 23014 1658297 16630 50850 1655540 15976 18956 144404 93463 124938 88987 153576
SRM_1831_300s_20x20det_2_5_16  15970 17203 23116 1660585 16559 50683 1653635 16205 18620 144604 92867 124431 88871 152316
SRM_1831_300s_20x20det_2_5_17  16165 17210 23061 1658836 16591 50811 1653975 16152 18579 145007 93239 124676 88613 152950
SRM_1831_300s_20x20det_2_5_18  15764 17096 22921 1660460 16653 50679 1653865 15999 18667 144282 92932 124938 89178 152636
SRM_1831_300s_20x20det_2_5_19  15976 17232 22852 1659273 16714 50867 1655116 16312 18624 145477 93586 124878 89435 153249
SRM_1831_300s_20x20det_2_5_2   16071 17100 23191 1655882 16765 50857 1654194 16028 18755 144224 92712 124617 89081 153775
SRM_1831_300s_20x20det_2_5_3   15979 17248 22960 1655123 16654 50906 1651787 16298 18786 144372 92696 124617 88573 153144
SRM_1831_300s_20x20det_2_5_4   15122 16696 22348 1602989 16553 50503 1647500 16180 18628 144751 93083 124722 88841 152851
SRM_1831_300s_20x20det_2_5_5   15914 16856 23260 1659059 16734 50507 1654787 15954 18747 145182 92913 123964 89239 152653
SRM_1831_300s_20x20det_2_5_6   15724 16862 23038 1661187 16866 50713 1654915 16282 18625 144915 93117 125011 89331 151675
SRM_1831_300s_20x20det_2_5_7   15866 17011 23040 1660719 16794 50774 1655064 16183 19085 144583 92917 124654 88636 152241
SRM_1831_300s_20x20det_2_5_8   16020 17363 23241 1659497 16720 51097 1654447 15815 18706 144218 92948 126070 88977 153154
SRM_1831_300s_20x20det_2_5_9   15768 17304 23211 1659350 16651 50554 1657650 16136 18698 145497 93028 125298 89899 153487
SRM_1831_300s_20x20det_2_6_0    9206  9805 13391  951782  9630 29070  950030  9173 10803  83205 53587  71437 51313  89219
SRM_1831_300s_20x20det_2_6_1   16119 17196 23459 1653343 16896 50864 1654732 16193 18601 144296 92579 124958 89206 154391
SRM_1831_300s_20x20det_2_6_10  15878 17253 22928 1657984 16841 50850 1652846 16117 18887 144088 92972 124149 89169 152261
SRM_1831_300s_20x20det_2_6_11  15847 17187 23010 1659906 16622 50684 1654580 16149 18830 145263 93449 125306 88689 152811
SRM_1831_300s_20x20det_2_6_12  16172 17282 23282 1659142 16818 50727 1656687 16036 18965 144649 93311 125355 89271 152820
SRM_1831_300s_20x20det_2_6_13  14807 16082 21464 1548815 15683 47434 1547129 15174 17747 135421 86870 116210 83156 142003
SRM_1831_300s_20x20det_2_6_14  15882 17107 23259 1661243 16645 50710 1656097 16094 19039 145365 93882 125520 88563 153417
SRM_1831_300s_20x20det_2_6_15  15995 17135 22999 1662039 16747 50761 1657149 16188 18927 145058 93191 124965 88746 153250
SRM_1831_300s_20x20det_2_6_16  15763 17092 23276 1656454 16727 50695 1653306 16178 18776 145145 92960 124898 88758 152676
SRM_1831_300s_20x20det_2_6_17  16161 17294 23228 1660564 16491 50652 1654184 16080 18988 144711 92681 124248 89086 152619
SRM_1831_300s_20x20det_2_6_18   1740  1955  2605  186396  1935  5734  185959  1792  2072  16302 10811  14019 10115  17068
SRM_1831_300s_20x20det_2_6_19  15827 17035 23034 1658747 16750 50764 1656934 16377 18812 145151 93444 125021 88476 152780
SRM_1831_300s_20x20det_2_6_2   15933 17296 23260 1659109 16526 51382 1652302 16143 18873 143898 93076 124880 89769 153013
SRM_1831_300s_20x20det_2_6_3   14564 15894 20798 1502056 15133 46227 1497381 14559 17121 130900 83880 112843 80146 138315
SRM_1831_300s_20x20det_2_6_4   16013 17286 23362 1659389 16651 50179 1654404 16027 18928 144798 93195 124825 89077 152989
SRM_1831_300s_20x20det_2_6_5   16041 17052 23195 1657282 16760 50611 1650607 16037 18734 144896 92969 124146 89218 152962
SRM_1831_300s_20x20det_2_6_6   15881 17148 22999 1659424 16650 50486 1653350 16251 18641 144497 92262 125110 88843 152407
SRM_1831_300s_20x20det_2_6_7   15925 17053 23329 1659181 16722 50947 1655867 16024 18637 144555 93716 125055 89056 152840
SRM_1831_300s_20x20det_2_6_8   15782 17228 23096 1659266 16659 50527 1654560 16139 19040 144737 92949 124594 89301 152157
SRM_1831_300s_20x20det_2_6_9   16214 17073 23175 1659734 16509 50808 1656569 15967 18994 145191 93446 125359 89379 151919
SRM_1831_300s_20x20det_2_7_0   16183 17255 23203 1658693 17020 50745 1655167 15871 18879 144226 93099 125013 89585 155001
SRM_1831_300s_20x20det_2_7_1   16026 17098 23019 1661551 16913 50687 1652408 16155 19089 144977 92828 124547 89034 153565
SRM_1831_300s_20x20det_2_7_10  15863 17148 22979 1663031 16917 50562 1657768 16256 18921 144676 93449 125544 89859 152840
SRM_1831_300s_20x20det_2_7_11  16141 17255 23031 1659605 16501 50854 1654150 16060 18984 144308 93548 124573 89520 153457
SRM_1831_300s_20x20det_2_7_12  16036 17221 23332 1661356 16878 50720 1656901 15828 18900 145590 93368 125140 89098 153034
SRM_1831_300s_20x20det_2_7_13  12287 13198 17718 1272114 12653 38881 1266952 12223 14580 111007 71524  95415 68043 116965
SRM_1831_300s_20x20det_2_7_14  16026 17346 23327 1661761 16924 50600 1654985 16199 18706 145660 93648 125048 89455 153038
SRM_1831_300s_20x20det_2_7_15  15932 17230 23277 1657727 16725 50843 1657292 16173 18786 145124 93272 125362 89780 153383
SRM_1831_300s_20x20det_2_7_16  15719 16998 23245 1657856 16679 50418 1652864 16222 19083 144997 93832 124715 89185 152584
SRM_1831_300s_20x20det_2_7_17  15862 17074 23150 1661541 16635 50441 1658699 16143 18790 144979 92722 125256 89209 153772
SRM_1831_300s_20x20det_2_7_18  16274 17329 23217 1658112 16757 50950 1655115 16305 18800 143690 92868 124983 89239 152154
SRM_1831_300s_20x20det_2_7_19  15974 17067 23238 1657784 16808 50797 1654803 15987 18598 144780 93138 124798 89055 152850
SRM_1831_300s_20x20det_2_7_2   16193 17343 23003 1658704 16671 50553 1653910 16007 18629 145160 93098 125026 88981 153433
SRM_1831_300s_20x20det_2_7_3   15981 17200 23054 1659190 16540 50742 1657938 16185 18825 145035 93414 124145 88812 153386
SRM_1831_300s_20x20det_2_7_4   16046 17310 23393 1660439 16620 50793 1656984 15984 19054 145737 93030 124299 88932 153049
SRM_1831_300s_20x20det_2_7_5   15888 17250 23259 1661347 16770 50932 1655048 16237 18783 144741 93140 124806 88991 152835
SRM_1831_300s_20x20det_2_7_6   15982 17140 22977 1660055 16706 50298 1658234 16304 18659 144853 93292 124353 88959 153180
SRM_1831_300s_20x20det_2_7_7   15954 17224 23116 1658746 16747 51219 1653712 15979 18582 144917 93112 123969 89152 152936
SRM_1831_300s_20x20det_2_7_8   16025 17153 22879 1662208 16522 50909 1656486 16241 18984 145185 92911 124471 89692 153502
SRM_1831_300s_20x20det_2_7_9   15819 17119 23078 1659764 16962 50492 1653719 15879 19019 145452 93648 124952 89009 153104
SRM_1831_300s_20x20det_2_8_0   15935 17532 23425 1662176 16692 50681 1656196 16324 18810 144998 93037 124800 89486 156135
SRM_1831_300s_20x20det_2_8_1   15887 17232 23404 1661382 16839 50814 1657979 16105 18739 145794 93518 124791 89585 154422
SRM_1831_300s_20x20det_2_8_10  15837 17235 22937 1659771 16946 50835 1657941 16198 19039 145246 93809 124883 89432 153064
SRM_1831_300s_20x20det_2_8_11  15989 17041 23167 1659637 16708 50859 1652604 16064 18674 145283 93067 124157 89197 153055
SRM_1831_300s_20x20det_2_8_12  16079 17320 23325 1658491 16495 50314 1654504 15995 18888 145464 93387 124374 88722 153141
SRM_1831_300s_20x20det_2_8_13  15979 16949 23038 1657346 16937 50482 1652872 16125 18866 144617 93493 124864 88746 152274
SRM_1831_300s_20x20det_2_8_14  15963 17070 23232 1657028 16776 50592 1653161 16475 18638 144158 92741 124049 88976 152734
SRM_1831_300s_20x20det_2_8_15  16101 17022 23007 1660267 16827 50549 1658291 16014 18610 145346 93014 124987 89252 153068
SRM_1831_300s_20x20det_2_8_16   5038  5433  7198  520049  5329 15650  519432  5004  5761  45401 29198  39070 27900  47925
SRM_1831_300s_20x20det_2_8_17  15868 17188 23226 1659214 16906 50817 1652188 16079 18840 144509 92146 124278 88796 152568
SRM_1831_300s_20x20det_2_8_18  16124 17314 23284 1659602 17044 51086 1657726 16229 18795 144986 92921 124181 89051 152856
SRM_1831_300s_20x20det_2_8_19  16225 17156 23255 1664050 16825 50715 1658627 16178 18804 144509 93333 125007 89223 153620
SRM_1831_300s_20x20det_2_8_2   16116 17085 23224 1659340 16750 50717 1655939 16409 18879 145042 93477 125093 88490 154482
SRM_1831_300s_20x20det_2_8_3   15681 17197 23392 1663564 16606 50601 1656961 16105 18878 144603 93187 125330 89730 153586
SRM_1831_300s_20x20det_2_8_4   15913 17059 23122 1663773 16749 50862 1658666 16206 18716 145259 93010 124539 89554 153236
SRM_1831_300s_20x20det_2_8_5   16088 17170 23205 1661579 16570 50761 1655881 15928 18550 144867 93261 124829 89308 153105
SRM_1831_300s_20x20det_2_8_6   15913 16996 23157 1661193 16579 50431 1655492 16209 18871 145262 93432 124398 89459 152710
SRM_1831_300s_20x20det_2_8_7   16078 17239 23233 1663412 16837 50832 1657723 15953 18999 145112 93743 125264 89328 153200
SRM_1831_300s_20x20det_2_8_8   15895 17055 22957 1661734 16854 50905 1655992 16057 18947 145605 92789 124864 89286 154067
SRM_1831_300s_20x20det_2_8_9   16022 17232 22985 1661505 16717 51043 1656511 16170 18585 144499 93375 124840 88951 152778
SRM_1831_300s_20x20det_2_9_0   15938 17197 23107 1657203 16749 50797 1656166 16273 18594 144288 93031 124887 88985 155101
SRM_1831_300s_20x20det_2_9_1   12832 13708 18363 1314405 13410 40003 1309899 12793 14894 114563 73688  99016 70682 121879
SRM_1831_300s_20x20det_2_9_10  15963 17211 23209 1659563 16778 50510 1656589 16409 18680 145625 93384 124596 89309 153500
SRM_1831_300s_20x20det_2_9_11  15977 17479 23215 1660480 16728 50617 1659292 16101 18849 144378 93067 124830 89453 152987
SRM_1831_300s_20x20det_2_9_12   3150  3387  4478  331662  3412  9903  330404  3271  3615  28750 18838  24927 17699  30513
SRM_1831_300s_20x20det_2_9_13  15906 17166 23094 1661305 16736 51267 1656693 16291 18944 144757 93507 125207 88604 152658
SRM_1831_300s_20x20det_2_9_14  15976 16922 23559 1658733 16837 50597 1655194 16104 19010 144938 93210 124936 88967 152973
SRM_1831_300s_20x20det_2_9_15  15712 17071 22958 1658019 16474 50264 1650090 16136 18963 144551 92236 124639 88906 152374
SRM_1831_300s_20x20det_2_9_16  15806 17227 23057 1660954 16803 50920 1656523 16232 18991 145074 93071 124720 89291 152509
SRM_1831_300s_20x20det_2_9_17  15737 17217 23340 1647261 16916 50839 1653754 16321 19022 145371 93120 124868 89350 152570
SRM_1831_300s_20x20det_2_9_18  15996 16997 23323 1660920 16893 50494 1656345 16156 18609 145302 92964 125751 89101 152718
SRM_1831_300s_20x20det_2_9_19  15935 17283 23221 1661030 16571 50636 1655375 16230 18423 145146 93287 124644 89014 152540
SRM_1831_300s_20x20det_2_9_2   15276 16333 22290 1612071 16481 50587 1650158 16054 18808 144867 93210 124445 89339 154314
SRM_1831_300s_20x20det_2_9_3   15832 16916 23226 1659334 16838 50599 1656373 16084 18880 145256 93024 124523 88900 152969
SRM_1831_300s_20x20det_2_9_4   15712 17226 23124 1655681 16791 50555 1651452 16192 18911 144542 92952 125123 88815 152702
SRM_1831_300s_20x20det_2_9_5   16108 17328 23398 1659430 16569 50824 1655740 16011 18942 145485 93211 125284 89580 153408
SRM_1831_300s_20x20det_2_9_6   15913 17315 23168 1658336 16874 50792 1656525 16474 18792 145326 93174 125042 88683 152425
SRM_1831_300s_20x20det_2_9_7   15910 17337 23201 1658161 16766 50781 1657268 16237 18655 144940 92551 125105 89232 153090
SRM_1831_300s_20x20det_2_9_8    2376  2511  3473  246249  2416  7437  246005  2393  2839  21656 13845  18573 13210  22729
SRM_1831_300s_20x20det_2_9_9   16210 17291 23015 1661860 16864 50218 1655720 15988 18625 144616 93468 124867 88996 152289


Mean value:                    15082 16185 21555 1558971 15843 47507 1554692 15077 17570 135853 87649 118729 83787 145174
Std. Abw.:                      1871  2011  2763  194362  1965  5960  193677  1910  2227  16974 10873  14466 10432  17816
Std. Abw. rel. [%]:            12.41 12.42 12.82   12.47 12.40 12.54   12.46 12.67 12.67  12.49 12.40  12.18 12.45  12.27
Conf. interval:                   66    71    98    6872    69   211    6848    68    79    600   384    511   369    630
