Net counts

Spectrum                          Na    Mg    Al      Si     S     K      Ca    Ti     V     Fe    Zn    Sr    Zr     Rh
------------------------------------------------------------------------------------------------------------------------
SRM_1831_300s_20x20det_1_0_0    9339  9401  8942 1659001  9049 40318 1814021  6521   511 119634  5356 30478 10067 117948
SRM_1831_300s_20x20det_1_0_1    9568  9539  8534 1652756  9248 40575 1813244  6641   318 119068  5516 31687  9940 119765
SRM_1831_300s_20x20det_1_0_10   9600  9634  8637 1659640  9470 39891 1817246  6264    49 120173  4603 30806 10414 119063
SRM_1831_300s_20x20det_1_0_11   9429  9543  8713 1657766  9160 40904 1823683  6424   232 119834  4463 30850  9768 119433
SRM_1831_300s_20x20det_1_0_12   9193  9709  8553 1661183  9283 41207 1822809  6378    98 119787  4746 31842 10067 119259
SRM_1831_300s_20x20det_1_0_13   9589  9428  8724 1655512  9489 40475 1822416  6702     0 120601  4999 30664 10490 119005
SRM_1831_300s_20x20det_1_0_14   9751  9318  8715 1655369  9079 40815 1819824  6549     0 119588  4728 31528  9855 119627
SRM_1831_300s_20x20det_1_0_15   9677  9330  8486 1657440  9471 40204 1821889  6266   299 119799  5364 30224 10310 119350
SRM_1831_300s_20x20det_1_0_16   9673  9636  8479 1657218  9397 40439 1820995  6185    78 120040  4896 30948 10064 119252
SRM_1831_300s_20x20det_1_0_17   9693  9685  8472 1656004  9251 40572 1817007  6341    22 119938  5020 31499  9520 119881
SRM_1831_300s_20x20det_1_0_18   9502  9399  8512 1660340  9245 40713 1823522  6501   211 120637  5208 31722 10191 119317
SRM_1831_300s_20x20det_1_0_19   9542  9336  8569 1658184  9324 40346 1820748  6527   382 119111  4643 31620 10687 119978
SRM_1831_300s_20x20det_1_0_2    9361  9207  8173 1650452  9206 40113 1809162  6657   349 119463  4695 30018 10577 118696
SRM_1831_300s_20x20det_1_0_3    9558  9477  8606 1661130  9203 40603 1818753  6342     0 119752  4578 30380 10765 119806
SRM_1831_300s_20x20det_1_0_4    9444  9454  8487 1654950  9174 40269 1818543  6425   146 119822  4453 30903  9698 117944
SRM_1831_300s_20x20det_1_0_5    9539  9435  8670 1653952  9311 40304 1817899  6515   400 119773  4680 30768 10572 119621
SRM_1831_300s_20x20det_1_0_6    9527  9280  8543 1659962  9445 40531 1825270  6379   263 120888  4603 30602 10718 120161
SRM_1831_300s_20x20det_1_0_7    9401  9471  8479 1659020  9245 40338 1822890  6563    81 119555  4529 30876 10481 119100
SRM_1831_300s_20x20det_1_0_8    9506  9429  8533 1662694  9223 40727 1823813  6619   163 120503  4225 31266 10145 120398
SRM_1831_300s_20x20det_1_0_9    8978  9513  8068 1614864  9175 40308 1814971  6050   341 118774  4374 31180  9801 119286
SRM_1831_300s_20x20det_1_1_0    9328  9614  8366 1654355  9343 40644 1824939  6500   101 119865  5209 30452 10423 120403
SRM_1831_300s_20x20det_1_1_1    9250  9689  8697 1657864  9327 40666 1823644  6629     0 119906  4907 31168 10320 120672
SRM_1831_300s_20x20det_1_1_10   9270  9412  8270 1654469  9489 40826 1820740  6343    73 119728  5744 30436 10012 119113
SRM_1831_300s_20x20det_1_1_11   9675  9358  8569 1655755  9296 40464 1820368  6327     0 119880  5055 31343 10297 119263
SRM_1831_300s_20x20det_1_1_12   9270  9707  8387 1653485  9254 40314 1820107  6188   576 120150  4867 30235 10286 119894
SRM_1831_300s_20x20det_1_1_13   9393  9492  8265 1656418  9236 39947 1820937  6833   173 120208  4459 30809 10329 119032
SRM_1831_300s_20x20det_1_1_14   9602  9355  8221 1655482  9507 39789 1819437  6541   258 119790  4871 31693 10233 120025
SRM_1831_300s_20x20det_1_1_15   9239  9329  8329 1655339  9388 40865 1821775  6511   434 119448  4301 31113 10160 120420
SRM_1831_300s_20x20det_1_1_16   9208  9355  9120 1656014  9359 40734 1821825  6813   312 120457  4213 31726 10379 119043
SRM_1831_300s_20x20det_1_1_17   9407  9396  8729 1653346  9206 40363 1814909  6429   300 119907  4357 31529  9583 120926
SRM_1831_300s_20x20det_1_1_18   9598  9399  8408 1653903  9448 40673 1819724  6253     0 119673  4536 31931 10374 119593
SRM_1831_300s_20x20det_1_1_19   9482  9453  8421 1652209  9411 40810 1818864  6692   179 120091  4518 30367 10088 120233
SRM_1831_300s_20x20det_1_1_2    9468  9678  8884 1660576  9262 40345 1821052  6760   301 120101  4781 31303 10235 119739
SRM_1831_300s_20x20det_1_1_3    9214  9640  8515 1654395  9148 40164 1820592  6153   871 120241  4268 30408 10581 119690
SRM_1831_300s_20x20det_1_1_4    9154  9673  8547 1656517  9176 40479 1823668  6535     0 121058  4802 30742  9527 119491
SRM_1831_300s_20x20det_1_1_5    9554  9566  8307 1654665  9121 40697 1819449  6447    91 120344  4990 31095  9524 120302
SRM_1831_300s_20x20det_1_1_6    9347  9353  8798 1657595  9209 40112 1818029  6614   278 120169  4033 30996 10262 119580
SRM_1831_300s_20x20det_1_1_7    9363  9377  8441 1652563  8960 40490 1819413  6607   535 119914  4329 31860 10363 119832
SRM_1831_300s_20x20det_1_1_8    9424  9426  8480 1654244  9127 41050 1821358  6536   240 118919  4694 31230  9749 119433
SRM_1831_300s_20x20det_1_1_9    9414  9257  8288 1653651  9161 40633 1819953  6523     0 120093  4276 30889 10796 119936
SRM_1831_300s_20x20det_1_10_0   9595  9790  8569 1658870  9279 40907 1822268  6065    68 119679  5067 30596 10037 120735
SRM_1831_300s_20x20det_1_10_1   1321  1188  1124  238548  1214  5869  263102   947    11  16994   307  4313  1346  16672
SRM_1831_300s_20x20det_1_10_10  9291  9346  8248 1640700  9277 39847 1816015  6586   125 119439  4555 30985 10095 121065
SRM_1831_300s_20x20det_1_10_11  9551  9548  8367 1653495  9392 40102 1817916  5972     0 119391  4553 30636 10436 118915
SRM_1831_300s_20x20det_1_10_12  9570  9172  8398 1654434  9200 40692 1821342  6628     0 120134  5574 30495  9854 119632
SRM_1831_300s_20x20det_1_10_13  9666  9503  8560 1654018  9209 40665 1819569  6727     3 120797  5155 31459 10143 120850
SRM_1831_300s_20x20det_1_10_14  9532  9378  8558 1657594  9348 40220 1820551  6396     0 120119  4869 31111  9178 119597
SRM_1831_300s_20x20det_1_10_15  9181  9818  8320 1654645  9132 40487 1818365  6507    32 119091  5052 31529 10453 119865
SRM_1831_300s_20x20det_1_10_16  9586  9476  8605 1656866  9394 40531 1819317  6422   284 119667  4533 31693 10762 120350
SRM_1831_300s_20x20det_1_10_17  9457  9273  8372 1653084  9675 40272 1817894  6504   550 119560  4522 31023 10030 121069
SRM_1831_300s_20x20det_1_10_18  9201  9261  8699 1649526  9378 40185 1818080  6071     0 119607  5253 31242 10017 119639
SRM_1831_300s_20x20det_1_10_19  9277  9563  8691 1657746  9543 40635 1820371  6491   312 118933  4725 30832 10345 119720
SRM_1831_300s_20x20det_1_10_2   9440  9464  8455 1656629  9288 40256 1817981  6618   274 120124  4867 30512 10334 119592
SRM_1831_300s_20x20det_1_10_3   9474  9203  8525 1654245  9264 40270 1819622  6507   540 121231  4530 31025 10689 119719
SRM_1831_300s_20x20det_1_10_4   9387  9466  8288 1656305  9395 40201 1815033  6236   290 119473  5390 32222 10065 119818
SRM_1831_300s_20x20det_1_10_5   9402  9436  8765 1656446  9434 40336 1816377  6606   313 119427  4545 31008 10554 120024
SRM_1831_300s_20x20det_1_10_6   9628  9250  8531 1653206  9316 40208 1818223  6198     0 119323  5045 30374  9389 119039
SRM_1831_300s_20x20det_1_10_7   9264  9233  8485 1653874  9125 40686 1820029  6654   102 118901  4967 30314 10734 119619
SRM_1831_300s_20x20det_1_10_8   9264  9139  8388 1657283  9588 40258 1816785  6342     0 121212  4826 30857  9291 120062
SRM_1831_300s_20x20det_1_10_9   9194  9459  8392 1656911  9392 40722 1819190  6262     0 120138  5732 30795 10022 120445
SRM_1831_300s_20x20det_1_11_0   9197  9445  8316 1649275  9259 39968 1811693  6547   219 119548  4672 31133  9391 121295
SRM_1831_300s_20x20det_1_11_1   9231  9403  8372 1655760  9416 40431 1818655  6588   119 119009  5629 31248  9803 120140
SRM_1831_300s_20x20det_1_11_10  9470  9466  8310 1655368  9186 40317 1818668  6044   236 120484  4862 30661 10415 121070
SRM_1831_300s_20x20det_1_11_11  9577  9478  8723 1657474  9331 40677 1822017  6827   217 119433  4203 30822 10774 119935
SRM_1831_300s_20x20det_1_11_12  9387  9165  8450 1654621  9114 40752 1817755  6394   353 119894  4357 30558 10191 119504
SRM_1831_300s_20x20det_1_11_13  9434  9412  8570 1656871  9486 40799 1817727  6378   155 120105  4828 30977  9800 119330
SRM_1831_300s_20x20det_1_11_14  9535  9678  8290 1657698  9377 40560 1820298  6533     0 120042  5016 31033  9774 119024
SRM_1831_300s_20x20det_1_11_15  9253  9341  8265 1652727  9350 40260 1818690  6853   221 119135  4320 31048  9659 119700
SRM_1831_300s_20x20det_1_11_16  9297  9570  8339 1653386  9478 40474 1820483  6569   155 119900  5001 31156  9893 119413
SRM_1831_300s_20x20det_1_11_17  8780  8777  7962 1598772  9107 40317 1811349  6458   266 119832  4876 30455 10620 119755
SRM_1831_300s_20x20det_1_11_18  9393  9414  8877 1655777  9519 40521 1821497  6371   142 119991  4155 31603  9837 119922
SRM_1831_300s_20x20det_1_11_19  9170  9186  8552 1653760  9223 40777 1817714  6491   261 119232  4819 30513 10659 119351
SRM_1831_300s_20x20det_1_11_2   9524  9552  8689 1650644  9020 40590 1815943  6418    60 118746  4760 31622 10134 118567
SRM_1831_300s_20x20det_1_11_3   9263  9276  8488 1653265  9521 40657 1820091  6519     0 120029  5086 31248 10270 119618
SRM_1831_300s_20x20det_1_11_4   9469  9004  8231 1651420  9591 40302 1814465  6401    81 119367  5520 30767 11466 119638
SRM_1831_300s_20x20det_1_11_5   9413  9549  8682 1656654  9377 40479 1818834  6263     0 119935  4787 30791  9895 119887
SRM_1831_300s_20x20det_1_11_6   9738  9441  8430 1655444  9295 40462 1820312  6467     0 119461  4479 30867 10001 119647
SRM_1831_300s_20x20det_1_11_7   9432  9272  8406 1656886  9315 40314 1817981  6377    77 119167  4896 31250  9840 119329
SRM_1831_300s_20x20det_1_11_8   9281  9377  8679 1655530  9353 40748 1817233  6428     0 120556  5168 31085  9899 120049
SRM_1831_300s_20x20det_1_11_9   9228  9451  8437 1647353  9037 40632 1811502  6485   173 119905  4796 30573 10452 119704
SRM_1831_300s_20x20det_1_12_0   9449  9448  8759 1653343  9037 40704 1816905  6334   231 119589  5075 30628  9952 120699
SRM_1831_300s_20x20det_1_12_1   9350  9519  8697 1655217  9252 40218 1822386  6885   353 119782  5079 31038 10416 120590
SRM_1831_300s_20x20det_1_12_10  9418  9593  8361 1659633  9391 40547 1822061  6661   141 120331  5137 30996 10547 119558
SRM_1831_300s_20x20det_1_12_11  9422  9436  8435 1651238  8967 39903 1815717  6488   242 119232  5147 30397 10456 119052
SRM_1831_300s_20x20det_1_12_12  9542  9344  8521 1654876  8992 39610 1816856  6255     0 119984  5338 31012 10357 119509
SRM_1831_300s_20x20det_1_12_13  9414  9375  8676 1656708  9361 40229 1818895  6495    44 119722  4272 30832 10449 119553
SRM_1831_300s_20x20det_1_12_14  9701  9231  8488 1653403  9284 40892 1816679  6294   315 119198  4525 31274 10091 120141
SRM_1831_300s_20x20det_1_12_15  9050  9409  8251 1653575  9185 39988 1816845  6527   375 120222  5282 30822 10072 119770
SRM_1831_300s_20x20det_1_12_16  9572  9437  8334 1652195  9074 40785 1816196  6351   219 119440  4752 31270 10591 119588
SRM_1831_300s_20x20det_1_12_17  9389  9373  8803 1652960  9279 40565 1819742  6585   455 119895  4845 30977 10634 119292
SRM_1831_300s_20x20det_1_12_18  9399  9149  8296 1651733  9089 40477 1817367  6369    32 120870  5370 30905  9364 120179
SRM_1831_300s_20x20det_1_12_19  9393  9194  8282 1642334  9221 39951 1813699  6245    17 118926  4125 30966 10540 119932
SRM_1831_300s_20x20det_1_12_2   9358  9341  8267 1658097  9202 40699 1821503  6498   312 120657  4861 31340 10799 119622
SRM_1831_300s_20x20det_1_12_3   9408  9199  8288 1654948  9210 40268 1821040  6765   286 120444  5198 30541 10359 120101
SRM_1831_300s_20x20det_1_12_4   9575  9240  8432 1652299  9464 40061 1814831  6408     0 119355  4377 30113  9907 120621
SRM_1831_300s_20x20det_1_12_5   9089  9499  8388 1654058  9142 40244 1817944  6428   180 120000  5012 31541 10198 119250
SRM_1831_300s_20x20det_1_12_6   8984  9253  8674 1655773  9477 40363 1817196  6414   118 120402  4963 31324  9764 120828
SRM_1831_300s_20x20det_1_12_7   9324  9202  8360 1658072  9158 39983 1818141  6027     0 120269  5707 31130  9946 119940
SRM_1831_300s_20x20det_1_12_8   9529  9423  8400 1654289  9356 40753 1814958  6374     0 120116  4874 32045  9692 119767
SRM_1831_300s_20x20det_1_12_9   9308  9462  8629 1654708  8934 41051 1820037  6429     0 119966  5173 31047  9973 118435
SRM_1831_300s_20x20det_1_13_0   9398  9329  8779 1654920  9315 41288 1819190  6541     0 119434  5584 30756 10914 120951
SRM_1831_300s_20x20det_1_13_1   9650  9288  8560 1654058  9425 40402 1819567  6423   135 120152  5223 30103  9600 120014
SRM_1831_300s_20x20det_1_13_10  9247  9382  8287 1659599  9274 41082 1820684  6359   331 120535  4851 31492 10422 119664
SRM_1831_300s_20x20det_1_13_11  9435  9395  8617 1659827  9363 40299 1821187  6704     0 120758  3982 31666 10525 119085
SRM_1831_300s_20x20det_1_13_12  9520  9643  8323 1646035  9307 40394 1815199  6312   183 119377  4478 30877 11004 118527
SRM_1831_300s_20x20det_1_13_13  9371  9055  8676 1659931  9257 40304 1821103  6341     0 119510  4436 30070  9875 119604
SRM_1831_300s_20x20det_1_13_14  9607  9526  8607 1655538  9357 40239 1818633  6147   352 119641  4812 31010 10044 119563
SRM_1831_300s_20x20det_1_13_15  9239  9334  8345 1657650  9278 40966 1818377  6628    50 120033  4806 30776 10869 119845
SRM_1831_300s_20x20det_1_13_16  9261  9603  8488 1656729  9510 40861 1822478  6686   180 120083  4867 31844 10460 120531
SRM_1831_300s_20x20det_1_13_17  9503  9557  8333 1655075  9620 40657 1817457  6586   305 119420  4269 31913  9935 119569
SRM_1831_300s_20x20det_1_13_18  9802  9559  8680 1660352  9468 40658 1821871  6318   663 120251  4607 30844 10100 120384
SRM_1831_300s_20x20det_1_13_19  9595  9287  8389 1657724  9614 40250 1821865  6364   634 120781  4426 30849 10105 119662
SRM_1831_300s_20x20det_1_13_2   9477  9463  8662 1653104  9597 39981 1819400  6664    23 119969  4337 31388 10263 119545
SRM_1831_300s_20x20det_1_13_3   9472  9362  8386 1655530  9169 40612 1815141  6486   529 120144  4465 30615 11082 119034
SRM_1831_300s_20x20det_1_13_4   9426  9112  8450 1652883  9142 39899 1816262  6218   270 119117  4866 31782  9715 119133
SRM_1831_300s_20x20det_1_13_5   9474  9511  8587 1653255  9268 40211 1815559  6665   156 119058  5027 31106 10360 120073
SRM_1831_300s_20x20det_1_13_6   9371  9390  8408 1655443  9071 40374 1819001  6460    53 119840  4986 31429  9846 120238
SRM_1831_300s_20x20det_1_13_7   9666  9599  8675 1650064  9588 40714 1819104  6455   502 119774  4807 30622  9083 119840
SRM_1831_300s_20x20det_1_13_8   9387  9410  8961 1657052  9341 40053 1820011  6856   603 120115  4189 30749  9844 119329
SRM_1831_300s_20x20det_1_13_9   9445  9335  8614 1653052  9617 40613 1818360  6269     0 120265  5134 31577 10490 119639
SRM_1831_300s_20x20det_1_14_0   9346  9677  8611 1660205  9464 40500 1822129  6492   288 119597  4548 31601  9060 120685
SRM_1831_300s_20x20det_1_14_1   9167  9582  8658 1655121  9284 40380 1820350  6385   258 119409  4652 29845 10211 121013
SRM_1831_300s_20x20det_1_14_10  9373  9513  8681 1658353  9578 40247 1820395  6346    95 119296  5229 31397 10522 120714
SRM_1831_300s_20x20det_1_14_11  9280  9550  8779 1656399  9484 40155 1818437  6537     0 119501  4739 32012  9236 120450
SRM_1831_300s_20x20det_1_14_12  9415  9179  8456 1658897  9283 40606 1816831  6486    66 119952  5646 30115 10568 120082
SRM_1831_300s_20x20det_1_14_13  9548  9390  8483 1659604  9491 40460 1821051  6469     0 119359  5431 30574 10033 120158
SRM_1831_300s_20x20det_1_14_14  9361  9420  8186 1659442  9161 40664 1821096  6443   301 120396  4221 31551 10344 119581
SRM_1831_300s_20x20det_1_14_15  9411  9298  8559 1656151  9683 40460 1818138  6496   363 119914  4504 31490 10281 119339
SRM_1831_300s_20x20det_1_14_16  9374  9586  8623 1658065  9609 40097 1821192  6538    57 120035  4847 30793 10429 119216
SRM_1831_300s_20x20det_1_14_17  9605  9737  8502 1657610  9409 39542 1818430  6250   271 120524  4733 30679 10516 120267
SRM_1831_300s_20x20det_1_14_18  9480  9453  8630 1657050  9175 40617 1820254  6281    94 119308  5088 30776  9283 119707
SRM_1831_300s_20x20det_1_14_19  9183  9372  8387 1658218  9447 40968 1820320  6755     0 119895  4599 31393 10218 119781
SRM_1831_300s_20x20det_1_14_2   9324  9578  8624 1652983  9400 40466 1819690  6826    58 119036  4846 30538  9856 119333
SRM_1831_300s_20x20det_1_14_3   9267  9431  8284 1656387  9462 40566 1817590  6149    69 119658  4838 31266  9835 119790
SRM_1831_300s_20x20det_1_14_4   9463  9399  8416 1654851  9371 40726 1818529  6429    89 118968  5077 32004  9519 120279
SRM_1831_300s_20x20det_1_14_5   9341  9431  8808 1655990  8971 40310 1815943  6593   283 119767  4770 31300 10279 119292
SRM_1831_300s_20x20det_1_14_6   9192  9493  8264 1656650  9102 40718 1818441  6493   130 119082  4847 31002 10236 120507
SRM_1831_300s_20x20det_1_14_7   9440  9281  8420 1651118  9447 40112 1819197  6320     0 119918  5386 31046 10304 120195
SRM_1831_300s_20x20det_1_14_8   9561  9155  8677 1654486  9479 40743 1816136  6950   184 120206  4685 31205 10959 119701
SRM_1831_300s_20x20det_1_14_9   8584  9073  8241 1603297  8975 39652 1809528  6395   348 119333  4496 30181 11093 119437
SRM_1831_300s_20x20det_1_15_0   9494  9395  8613 1658615  9532 40603 1821360  6504   125 119801  4776 32056 10079 121287
SRM_1831_300s_20x20det_1_15_1   9635  9610  8665 1659623  9293 41086 1819517  6647   218 119631  4851 30736 10202 119482
SRM_1831_300s_20x20det_1_15_10  9474  9399  8369 1654907  9453 40712 1817341  6704    59 119406  4894 31040  9623 119122
SRM_1831_300s_20x20det_1_15_11  9334  9451  8601 1652295  9374 40612 1817052  6724     0 119246  4584 30945 10295 119202
SRM_1831_300s_20x20det_1_15_12  9506  9343  8593 1652547  9171 40601 1817057  6099   278 119763  5068 29924 10073 120470
SRM_1831_300s_20x20det_1_15_13  9245  9488  8473 1655412  9344 39868 1816466  6528   112 119741  4867 30313 11110 119505
SRM_1831_300s_20x20det_1_15_14  9529  9431  8533 1651532  9759 40398 1815405  6464   256 119613  4262 31300  9962 120605
SRM_1831_300s_20x20det_1_15_15  9522  9501  8468 1654009  9133 40573 1820180  6425    31 119974  4584 31152 10608 119178
SRM_1831_300s_20x20det_1_15_16  9361  9474  8743 1658871  9435 40142 1822885  6534   180 120442  4877 30294 11085 119882
SRM_1831_300s_20x20det_1_15_17  9485  9351  8767 1659124  9293 40118 1819980  6337     0 120332  5181 31118 10449 118626
SRM_1831_300s_20x20det_1_15_18  9453  9567  8598 1655884  9162 40286 1817542  6325   189 119933  5169 30270 10917 118861
SRM_1831_300s_20x20det_1_15_19  9464  9408  7934 1660389  9320 40628 1822390  6303     6 119618  5084 31271 10083 120025
SRM_1831_300s_20x20det_1_15_2   9334  9700  8513 1654366  9359 40402 1824072  6355    51 120610  4612 31571 10502 120520
SRM_1831_300s_20x20det_1_15_3   9276  9001  8119 1656163  9439 40405 1818504  6650    79 119486  4131 31468  9812 119921
SRM_1831_300s_20x20det_1_15_4   9328  9339  8131 1652748  9371 40866 1818230  6104   162 120125  4870 31564 10068 119581
SRM_1831_300s_20x20det_1_15_5   9466  9525  8629 1656722  9313 40150 1819530  6266   193 119708  4946 31783 10248 119416
SRM_1831_300s_20x20det_1_15_6   9479  9446  8380 1656915  9332 40458 1824046  6571     0 120018  4703 30489 10480 120039
SRM_1831_300s_20x20det_1_15_7   9315  9364  8191 1656561  9542 40833 1819301  6492   299 119368  4880 30453 10282 120438
SRM_1831_300s_20x20det_1_15_8   9539  9622  8539 1655094  8972 40306 1817352  6693   187 119454  5351 30631 10741 119587
SRM_1831_300s_20x20det_1_15_9   9510  9276  8440 1655220  9358 40371 1815998  6232   255 119081  4744 31125  9762 119703
SRM_1831_300s_20x20det_1_16_0   9332  9382  8604 1657658  9579 40727 1820886  6355     0 119924  4943 30742 10332 120527
SRM_1831_300s_20x20det_1_16_1   9383  9712  8721 1656598  9111 40307 1820047  6629   296 119997  4855 30853 10538 119825
SRM_1831_300s_20x20det_1_16_10  9428  9128  8308 1656758  9353 40189 1820268  6391     0 119426  4743 31205 10426 120110
SRM_1831_300s_20x20det_1_16_11  9411  9627  8591 1658866  9315 41143 1820918  6535    72 120468  4405 31326 10033 119324
SRM_1831_300s_20x20det_1_16_12  9214  9294  8383 1655514  9169 40200 1821766  6571   226 119414  4230 31022 10809 118541
SRM_1831_300s_20x20det_1_16_13  8027  8300  7634 1526095 13558 39898 1800912  6475   303 119673  4557 31257 11345 119688
SRM_1831_300s_20x20det_1_16_14  9426  9584  8441 1657356  9234 40365 1818498  6487   179 119162  4622 31011 11245 120780
SRM_1831_300s_20x20det_1_16_15  9546  9299  8452 1655109  9202 40507 1819132  6469    56 118815  5137 30355  9987 119549
SRM_1831_300s_20x20det_1_16_16  9597  9691  8404 1659319  9240 40391 1820469  6430   119 120018  5650 31066 10047 119737
SRM_1831_300s_20x20det_1_16_17  9316  9273  8578 1655904  9370 40061 1820380  6556   306 119845  4955 30943  9680 119313
SRM_1831_300s_20x20det_1_16_18  9663  9391  8652 1660428  9347 40608 1821875  6569   456 118583  4861 31084 10322 119806
SRM_1831_300s_20x20det_1_16_19  9305  9576  8589 1656086  9464 40550 1820152  6403   218 118832  4551 31455 10494 120006
SRM_1831_300s_20x20det_1_16_2   9663  9689  8770 1658025  8884 40456 1819958  6388   246 120157  4987 31027 10294 119932
SRM_1831_300s_20x20det_1_16_3   9480  9266  8461 1650758  9487 40595 1815326  6310     0 120043  5296 30641 10353 119040
SRM_1831_300s_20x20det_1_16_4   9459  9427  8673 1658428  9491 40207 1821782  7021   211 119266  5139 31133 10193 119235
SRM_1831_300s_20x20det_1_16_5   9245  9364  8268 1658125  9163 40506 1817566  6544     0 120396  4143 31192 10125 119411
SRM_1831_300s_20x20det_1_16_6   9052  9476  8242 1655394  9427 40844 1817911  6367    81 119039  5423 31263 10480 119690
SRM_1831_300s_20x20det_1_16_7   9385  9128  8217 1653362  9382 39929 1820115  6472    89 119371  4541 30316 11178 120215
SRM_1831_300s_20x20det_1_16_8   9600  9554  8390 1656335  9500 40006 1820273  6216     0 120813  4201 31739 10099 120510
SRM_1831_300s_20x20det_1_16_9   9241  9320  8647 1655458  9288 40246 1817344  6643   217 119486  4557 31294 10855 120159
SRM_1831_300s_20x20det_1_17_0   9482  9222  8288 1660000  9216 40505 1824042  6246    52 119703  4797 30644 10180 119718
SRM_1831_300s_20x20det_1_17_1   9599  9636  8869 1658079  9422 40273 1821964  6373    88 119828  5145 30860 10295 119903
SRM_1831_300s_20x20det_1_17_10  9422  9475  8553 1659609  9352 40906 1819933  6879   541 120829  5268 31555 11023 119277
SRM_1831_300s_20x20det_1_17_11  9350  9404  8222 1660597  9387 40366 1821170  6337   189 120463  4760 31145 11108 120621
SRM_1831_300s_20x20det_1_17_12  9334  9374  8619 1659523  9157 40110 1821521  6548     0 120260  4041 30513 10708 120409
SRM_1831_300s_20x20det_1_17_13  9358  9415  8446 1657959  9168 39977 1820477  6811   231 119878  5320 31408 11682 119278
SRM_1831_300s_20x20det_1_17_14  9394  9267  8300 1659296  9364 40780 1822556  6357   285 119958  5393 31082  9784 120021
SRM_1831_300s_20x20det_1_17_15  9537  9507  8360 1654597  9122 40430 1818048  6239   166 119966  4370 30317 10756 120624
SRM_1831_300s_20x20det_1_17_16  9427  9401  8700 1660784  9593 39747 1819036  6309   465 120512  3738 31014 10345 119286
SRM_1831_300s_20x20det_1_17_17  9430  9722  8596 1657911  9230 40481 1817824  6459    23 120365  5127 30889  9707 120331
SRM_1831_300s_20x20det_1_17_18  9219  9527  8428 1657262  9148 40092 1818816  6677   230 119815  4981 30557 10357 120056
SRM_1831_300s_20x20det_1_17_19  9630  9317  8302 1658379  9523 40390 1818925  6843   467 120027  4891 31219 10065 120122
SRM_1831_300s_20x20det_1_17_2   9458  9481  8285 1659562  9209 40543 1821601  6539     0 120891  5289 30794 10476 119947
SRM_1831_300s_20x20det_1_17_3   9437  9501  8496 1661814  9365 40282 1822500  6483     0 119876  5164 31136 10412 119759
SRM_1831_300s_20x20det_1_17_4   9428  9259  8387 1652420  8900 40306 1815025  6596     0 119686  5165 30546 10520 120171
SRM_1831_300s_20x20det_1_17_5   9391  9440  8576 1659811  9367 40431 1825120  6220   225 120221  4755 30698 10572 119714
SRM_1831_300s_20x20det_1_17_6   9540  9496  8487 1659202  9224 40428 1819336  6332   109 119697  4085 31389 10093 120395
SRM_1831_300s_20x20det_1_17_7   9314  9521  8313 1658219  9146 40953 1817724  6457     0 120415  4338 30594 10291 119711
SRM_1831_300s_20x20det_1_17_8   9511  9388  8272 1657810  9173 40601 1817351  6301   301 119539  4678 30853 10724 121101
SRM_1831_300s_20x20det_1_17_9   9276  9568  8167 1660753  9653 40657 1824829  6440    60 120065  5244 31021 10313 119734
SRM_1831_300s_20x20det_1_18_0   9284  9213  8720 1657416  9310 40403 1821715  6492   201 120052  4539 30275 10177 120771
SRM_1831_300s_20x20det_1_18_1   9579  9545  8819 1653041  9614 39942 1817146  6261    50 120177  4998 30935 10336 120431
SRM_1831_300s_20x20det_1_18_10  9407  9429  8403 1655515  9507 40862 1815378  6419   214 120040  4087 30794 10426 120327
SRM_1831_300s_20x20det_1_18_11  9557  9144  8635 1656679  9115 40648 1819918  6036   259 120182  5049 31062  9817 118872
SRM_1831_300s_20x20det_1_18_12  9540  9556  8528 1658620  9455 40183 1814132  6785    29 120050  4711 32074  9289 120269
SRM_1831_300s_20x20det_1_18_13  9545  9594  8571 1656851  9385 40711 1816445  6502    71 119685  5398 31372 11409 119430
SRM_1831_300s_20x20det_1_18_14  9359  9215  8391 1655253  9483 40151 1819485  6690   206 120103  4405 30907 10360 121266
SRM_1831_300s_20x20det_1_18_15  9400  9357  8244 1653590  9593 40428 1814288  6454   264 119759  4874 30641 10964 120312
SRM_1831_300s_20x20det_1_18_16  9530  9521  8540 1652059  9665 40143 1814926  6515    93 119766  4979 30904 10484 119637
SRM_1831_300s_20x20det_1_18_17  9344  9710  8301 1655667  9382 40264 1816604  6217   106 119368  4511 30398 10356 120082
SRM_1831_300s_20x20det_1_18_18  9265  9499  8582 1654386  9460 40528 1817495  6617   244 120639  3978 30655  9791 119640
SRM_1831_300s_20x20det_1_18_19  9403  9412  8508 1653390  9311 40584 1817025  6450   430 120498  5601 31771 10041 120496
SRM_1831_300s_20x20det_1_18_2   9402  9409  8547 1657802  9552 40489 1821512  6674    53 119348  4738 31228  9793 119520
SRM_1831_300s_20x20det_1_18_3   9415  9362  8100 1654884  9251 40153 1815302  6428     0 119945  5671 31900 10760 119178
SRM_1831_300s_20x20det_1_18_4   9641  9795  8491 1659403  9437 40021 1819339  6098   336 119887  5251 31346 10246 120041
SRM_1831_300s_20x20det_1_18_5   9394  9532  8353 1653201  9581 39692 1819714  6493   146 119494  4652 31664 10086 119320
SRM_1831_300s_20x20det_1_18_6   9605  9583  8640 1656876  9253 40641 1815928  6134   163 119825  3961 30444 10394 120462
SRM_1831_300s_20x20det_1_18_7   9064  9188  8420 1648683  9220 40393 1817964  6250     0 119639  5552 31097 10289 119375
SRM_1831_300s_20x20det_1_18_8   9330  9444  8460 1657789  9314 40440 1816428  6557     0 119424  4837 31212 10279 119540
SRM_1831_300s_20x20det_1_18_9   9492  9345  8362 1656011  9423 40411 1817752  6368   129 119561  5492 30970 10859 120203
SRM_1831_300s_20x20det_1_19_0   9760  9455  8578 1657274  9277 40413 1816585  6469   117 120051  4653 30850 10288 121029
SRM_1831_300s_20x20det_1_19_1   9296  9336  8844 1654201  9475 40007 1814626  6386   191 119611  5023 30535 10395 119749
SRM_1831_300s_20x20det_1_19_10  9537  9482  8411 1654835  9323 40709 1815264  6352   354 119847  5281 30570 10418 120256
SRM_1831_300s_20x20det_1_19_11  9225  9116  8317 1659541  9151 40823 1819658  6244   130 120280  4819 30808 10006 119606
SRM_1831_300s_20x20det_1_19_12  9573  9374  8371 1658590  9738 40285 1817436  6312   406 119316  4322 30984 10645 119482
SRM_1831_300s_20x20det_1_19_13  9477  9553  8630 1660878  9455 40732 1821005  6470   338 120074  5081 31409 11140 119929
SRM_1831_300s_20x20det_1_19_14  9501  9363  8834 1655589  9196 40372 1819299  6293     0 120608  4380 31731 10082 119821
SRM_1831_300s_20x20det_1_19_15  9554  9470  8472 1652263  9146 40288 1810168  6470    84 119332  5102 31387  9980 119923
SRM_1831_300s_20x20det_1_19_16  9589  9269  8645 1657712  9520 40286 1816514  6568   580 119159  5089 30734 10386 120900
SRM_1831_300s_20x20det_1_19_17  9494  9742  8605 1655099  9629 40656 1814787  6495    96 119089  4754 30373 10649 119058
SRM_1831_300s_20x20det_1_19_18  9512  9554  8626 1659932  9189 40654 1821493  6638   212 120032  5161 32112 10510 120943
SRM_1831_300s_20x20det_1_19_19  9476  9489  8672 1659726  9371 40205 1823608  6430   415 120416  4689 31563 11198 119590
SRM_1831_300s_20x20det_1_19_2   9225  9522  8579 1655480  9197 40000 1817411  6193    71 119597  5195 31878 10288 120500
SRM_1831_300s_20x20det_1_19_3   9402  9605  8338 1651694  9318 40451 1813955  6552   211 119972  5405 31349 10379 120105
SRM_1831_300s_20x20det_1_19_4   9551  9520  8544 1653333  9081 40049 1816870  6564    83 119287  4763 30484 10277 119554
SRM_1831_300s_20x20det_1_19_5   9447  9552  8368 1659510  9388 41015 1820225  6827   404 120180  5110 30858 11282 118922
SRM_1831_300s_20x20det_1_19_6   9627  9609  8451 1653541  9246 40180 1816765  6519   216 119775  5023 29753 10458 120057
SRM_1831_300s_20x20det_1_19_7   9479  9528  8628 1654748  9065 40242 1816984  6727   517 120164  4605 31618  9672 119720
SRM_1831_300s_20x20det_1_19_8   9181  9466  8291 1653406  9680 41021 1815596  6569    96 120018  4502 31364  9825 119374
SRM_1831_300s_20x20det_1_19_9   9283  9611  8473 1658075  9251 39948 1820319  6128    31 118765  4843 30997 10123 120025
SRM_1831_300s_20x20det_1_2_0    9294  9211  8399 1655400  9428 40751 1823965  6484   124 119961  4802 31317 10593 119839
SRM_1831_300s_20x20det_1_2_1    9508  9222  8599 1656244  9300 40608 1821919  6667   208 118905  4780 30938  9605 120860
SRM_1831_300s_20x20det_1_2_10   9366  9514  8448 1654879  9502 40047 1821830  6770   347 119990  4741 30557 10888 119885
SRM_1831_300s_20x20det_1_2_11   9549  9659  8278 1649607  9448 40272 1817593  6314    19 119267  4949 31168 10352 119892
SRM_1831_300s_20x20det_1_2_12   9303  9370  8440 1654583  9282 40467 1818785  6509    10 119436  4700 31568 10482 118487
SRM_1831_300s_20x20det_1_2_13   9468  9588  8410 1656127  9248 40775 1822221  6304   164 121203  5395 30421  9970 120567
SRM_1831_300s_20x20det_1_2_14   9352  9363  8492 1653354  9216 41023 1814394  6503     0 119686  4981 30506  9184 119779
SRM_1831_300s_20x20det_1_2_15   9308  9507  8336 1652087  9774 40406 1816323  6439   273 120305  4906 31532 10740 119296
SRM_1831_300s_20x20det_1_2_16   9200  9417  8753 1643243  9068 40223 1808782  6439   224 118892  4068 31213 10080 119907
SRM_1831_300s_20x20det_1_2_17   9500  9511  8536 1653007  8972 40771 1813874  6537   170 119530  5010 31573  9889 119337
SRM_1831_300s_20x20det_1_2_18   9241  9557  8288 1653841  8997 39999 1820372  6293   119 120235  5546 30447 10151 119287
SRM_1831_300s_20x20det_1_2_19   9596  9182  8306 1656003  9491 40429 1824232  6383     0 120148  4919 31238  9712 121034
SRM_1831_300s_20x20det_1_2_2    9394  9573  8691 1652156  9308 40400 1818351  6338   107 119533  4407 31283 10700 120057
SRM_1831_300s_20x20det_1_2_3    9571  9643  8511 1657713  9073 40877 1824345  6915   317 120265  5136 30971 10568 119036
SRM_1831_300s_20x20det_1_2_4    9614  9179  8750 1651467  9564 40547 1817931  6268   481 119937  4884 30901 10077 119375
SRM_1831_300s_20x20det_1_2_5    9498  9381  8502 1652902  9302 40981 1817115  6890   416 119158  4917 31494 10048 119415
SRM_1831_300s_20x20det_1_2_6    9497  9524  8609 1656851  9053 40459 1818713  6832   222 119749  5522 31734 10319 119570
SRM_1831_300s_20x20det_1_2_7    9535  9419  8337 1651467  9266 40210 1817244  6568   624 119509  5996 30595 10500 119669
SRM_1831_300s_20x20det_1_2_8    9514  9412  8401 1654937  9426 39930 1817413  6326   125 120633  4436 32316  9848 120132
SRM_1831_300s_20x20det_1_2_9    9536  9404  8454 1656071  9384 40484 1819711  6741   486 120849  4983 30634 10123 119873
SRM_1831_300s_20x20det_1_3_0    9209  9294  8371 1652591  9390 40468 1821398  6498   224 119839  4812 31027  9851 120436
SRM_1831_300s_20x20det_1_3_1    9664  9486  8706 1654819  9021 40685 1822322  6541   345 119686  4897 30581  9935 119766
SRM_1831_300s_20x20det_1_3_10   9440  9550  8303 1654318  9480 40647 1820300  6302   352 120696  4398 30371  9880 119211
SRM_1831_300s_20x20det_1_3_11   9607  9584  8475 1656072  9410 40678 1823246  6775     0 119301  4813 30815  8921 118602
SRM_1831_300s_20x20det_1_3_12   9336  9450  8698 1658795  9552 40718 1818321  6374    82 119178  4750 32012  9593 119378
SRM_1831_300s_20x20det_1_3_13   9277  9153  8552 1652929  9244 40918 1816240  6629     0 119102  5392 31256 10236 119594
SRM_1831_300s_20x20det_1_3_14   9570  9285  8398 1653641 10021 41279 1818196  6453   300 119976  4517 31329 11101 118406
SRM_1831_300s_20x20det_1_3_15   9453  9565  8387 1657490  9252 40837 1817214  6424    35 120765  4553 30757  9640 119854
SRM_1831_300s_20x20det_1_3_16   9645  9515  8471 1654632  9448 40763 1820268  6586   372 120058  4177 31210  9400 118138
SRM_1831_300s_20x20det_1_3_17   9477  9695  8363 1655221  9409 40137 1815210  6516     0 119809  4534 31041 10429 120529
SRM_1831_300s_20x20det_1_3_18   9412  9639  8736 1654017  9382 40492 1820749  6390   141 120117  4490 31849  9692 118563
SRM_1831_300s_20x20det_1_3_19   9448  9721  8559 1654838  9466 40386 1821487  6648     0 120157  4554 31374 10486 118902
SRM_1831_300s_20x20det_1_3_2    9554  9496  8612 1653260  8975 40408 1820674  6641     0 120059  4435 30622  9998 120067
SRM_1831_300s_20x20det_1_3_3    9433  9610  8600 1658835  9427 40591 1820294  6477   292 120208  5756 31390  9709 120599
SRM_1831_300s_20x20det_1_3_4    9592  9192  8454 1656258  9200 41011 1819929  6855   338 119262  4847 32070 10440 120311
SRM_1831_300s_20x20det_1_3_5    9783  9546  8935 1655773  9172 40314 1818586  6353   154 120313  4585 30830  9856 120409
SRM_1831_300s_20x20det_1_3_6    9497  9551  8367 1657414  9162 40718 1818166  6645   227 120374  4327 31146 10724 119638
SRM_1831_300s_20x20det_1_3_7    9286  9201  8287 1652155  9130 40438 1819303  7188   497 119802  4832 32267 10632 119869
SRM_1831_300s_20x20det_1_3_8    9691  9211  8429 1654658  9144 40442 1821711  6411    54 119267  4307 30402 10514 119858
SRM_1831_300s_20x20det_1_3_9    9600  9274  8524 1656761  9107 40519 1820560  6400   148 120375  4957 30933 10245 119556
SRM_1831_300s_20x20det_1_4_0    9568  9672  8599 1654585  9487 40312 1820740  6301   398 120831  4856 31207 10459 120361
SRM_1831_300s_20x20det_1_4_1    9459  9334  8337 1653873  9218 40344 1818636  6843   448 119573  5005 30774  9295 120449
SRM_1831_300s_20x20det_1_4_10   9156  9420  8403 1653709  9411 40923 1816002  6514   328 118904  5560 30328 10838 120896
SRM_1831_300s_20x20det_1_4_11   9409  9426  8518 1652165  9193 40368 1813368  6541   415 119454  4140 31694 10163 119513
SRM_1831_300s_20x20det_1_4_12   9588  9838  8637 1651662  9338 40249 1817581  6959   271 120771  4499 30378 10204 119147
SRM_1831_300s_20x20det_1_4_13   9454  9397  8478 1654581  8927 40221 1820383  6610     0 120691  4804 30640 10367 120641
SRM_1831_300s_20x20det_1_4_14   9318  9364  8504 1653182  9368 40353 1817336  6336     0 119744  4634 31511  9963 119424
SRM_1831_300s_20x20det_1_4_15   9491  9567  8390 1651692  9718 40480 1818721  6558   331 120445  5629 31189 10610 119708
SRM_1831_300s_20x20det_1_4_16   9156  9194  8007 1627332  9356 40232 1818169  6529   460 120143  5095 31092 10102 118635
SRM_1831_300s_20x20det_1_4_17   9504  9417  8519 1651821  9313 39992 1815475  6443   135 119413  4845 30236 10670 119235
SRM_1831_300s_20x20det_1_4_18   9284  9350  8402 1654606  9415 40384 1818993  6477   568 120037  5018 30805  9553 120616
SRM_1831_300s_20x20det_1_4_19   9280  9242  8498 1657756  9438 40676 1822432  6255   146 120597  4112 30982 10049 119962
SRM_1831_300s_20x20det_1_4_2    9175  9588  8356 1654030  8980 40634 1821107  6313    99 120013  4693 31486  9576 120720
SRM_1831_300s_20x20det_1_4_3    9383  9392  8304 1653415  9445 40376 1815026  6521   232 119623  5008 30664 10000 118549
SRM_1831_300s_20x20det_1_4_4    9172  9598  8652 1648004  9050 40507 1811278  6156   379 119676  4967 30947 10261 119657
SRM_1831_300s_20x20det_1_4_5    9538  9488  8590 1650578  9285 40483 1814436  6581   302 119383  4834 31151 10774 119191
SRM_1831_300s_20x20det_1_4_6    9478  9525  8593 1649508  8985 40059 1814594  6579     0 119688  4617 31188 10323 119201
SRM_1831_300s_20x20det_1_4_7    9328  9229  8268 1652852  9084 40931 1817628  6283   348 119156  4703 31501 10143 119079
SRM_1831_300s_20x20det_1_4_8    9417  9597  8276 1651997  9046 40216 1818467  6177   120 119638  5049 29883 10719 119866
SRM_1831_300s_20x20det_1_4_9    9395  9854  8599 1652679  9396 40632 1812637  6251   141 119827  4997 31303  9800 118607
SRM_1831_300s_20x20det_1_5_0    9577  9327  8547 1655841  9363 40368 1821252  6487     0 120194  5661 30340 10563 120350
SRM_1831_300s_20x20det_1_5_1    9593  9725  8730 1655719  9107 39983 1822534  6237     0 119429  4510 30648 10435 119443
SRM_1831_300s_20x20det_1_5_10   9382  9445  8361 1653415  9068 40401 1817158  6335   123 120023  5080 30344 10526 118599
SRM_1831_300s_20x20det_1_5_11   9500  9224  8629 1659708  9427 40739 1823219  6593   302 120247  4979 30484 10371 120166
SRM_1831_300s_20x20det_1_5_12   9213  9283  8420 1653450  9441 39929 1818506  6360   452 119805  3955 30659  9759 120672
SRM_1831_300s_20x20det_1_5_13   9431  9491  8763 1653842  9342 40412 1818183  6449   474 119814  4349 31420  9498 119917
SRM_1831_300s_20x20det_1_5_14   9454  9641  8296 1658267  9367 40815 1825042  6689   185 120613  5195 31193 10689 119470
SRM_1831_300s_20x20det_1_5_15   9486  9271  8724 1654868  9656 40502 1819985  6285   666 119528  4798 31245 10259 120069
SRM_1831_300s_20x20det_1_5_16   9606  9465  8376 1650084  9560 40346 1815364  6717   634 120140  5006 30727  9932 120204
SRM_1831_300s_20x20det_1_5_17   9412  9492  8556 1653500  9258 40434 1819412  6020   302 119773  4179 30524  9826 118770
SRM_1831_300s_20x20det_1_5_18   9622  9609  8628 1655264  9098 40091 1815903  6644    46 119404  4609 31848 10279 119149
SRM_1831_300s_20x20det_1_5_19   9504  9454  8387 1651935  9491 40216 1818480  6817    37 119717  4815 30829 10469 119636
SRM_1831_300s_20x20det_1_5_2    9310  9548  8618 1655588  9680 40372 1819060  6303     0 119902  4834 31572 10145 119203
SRM_1831_300s_20x20det_1_5_3    9310  9547  8383 1650526  9239 40403 1818217  6584   171 119334  5217 31274  9641 120192
SRM_1831_300s_20x20det_1_5_4    9756  9472  8431 1655841  9191 40466 1819012  6855     0 119601  4937 30724 10021 120454
SRM_1831_300s_20x20det_1_5_5    9167  9308  8651 1648442  9319 41152 1815508  6471     0 120171  5445 31073 10271 120877
SRM_1831_300s_20x20det_1_5_6    9091  9283  8414 1652180  9352 40599 1818098  6406    11 119522  4399 30780  9714 119861
SRM_1831_300s_20x20det_1_5_7    1302  1333  1181  235624  1233  5613  258772   776     0  16890   688  4370  1129  17049
SRM_1831_300s_20x20det_1_5_8    9608  9393  8781 1653894  9304 40069 1817160  6387   176 119492  4743 30757 10681 119421
SRM_1831_300s_20x20det_1_5_9    9098  9515  8798 1652189  8970 40730 1815314  6397   235 120200  5108 30697  9218 119965
SRM_1831_300s_20x20det_1_6_0    9526  9409  8479 1655725  9186 40655 1822658  6316     0 120188  4984 30965 10694 120885
SRM_1831_300s_20x20det_1_6_1    9441  9140  8498 1653880  9187 40228 1818869  6389     0 120075  4689 31403  9783 120833
SRM_1831_300s_20x20det_1_6_10   9171  9437  8450 1654131  9477 40248 1818921  6175    47 119725  4318 31338 10109 119703
SRM_1831_300s_20x20det_1_6_11   9279  9779  8244 1652228  9216 39905 1818760  6412   259 119411  4654 31547  9750 119723
SRM_1831_300s_20x20det_1_6_12   9365  9402  8561 1657521  9384 40479 1819868  6396     0 120167  4581 31376 10332 119843
SRM_1831_300s_20x20det_1_6_13   9568  9495  8633 1652842  9223 40770 1815717  6696   318 119813  5033 31504 10734 119823
SRM_1831_300s_20x20det_1_6_14   9160  9637  8736 1659368  9518 40622 1820598  6382   150 119788  4699 31149  9782 118608
SRM_1831_300s_20x20det_1_6_15   9319  9491  8500 1656369  9077 40890 1818684  6454   294 120575  4915 31020 11077 120882
SRM_1831_300s_20x20det_1_6_16   9197  9494  8358 1655056  9216 40399 1817501  6588    97 119401  5348 29929 10039 119973
SRM_1831_300s_20x20det_1_6_17   9286  9547  8751 1652460  9350 40366 1816125  6633     0 118956  4957 30451 10066 117697
SRM_1831_300s_20x20det_1_6_18   9304  9652  8620 1657142  9229 40465 1818941  6880   137 119828  4563 32347  9775 119574
SRM_1831_300s_20x20det_1_6_19   9325  9383  8325 1655309  9062 40848 1817442  6538   528 119084  4303 30929 10391 119804
SRM_1831_300s_20x20det_1_6_2    9316  9476  8633 1654495  9416 40359 1817275  6657   233 119557  4006 30478 10663 118263
SRM_1831_300s_20x20det_1_6_3    9441  9580  8627 1653085  9073 41046 1816686  6311   198 119616  5213 31065 10158 119248
SRM_1831_300s_20x20det_1_6_4    9340  9777  8450 1655946  9101 40153 1820309  6265     0 120209  4830 31291  9888 120669
SRM_1831_300s_20x20det_1_6_5    9423  9502  8746 1652428  9326 40230 1813411  6394   247 119503  5328 32031 10271 119770
SRM_1831_300s_20x20det_1_6_6    9343  9477  8276 1652431  9234 40014 1817543  6371    53 119805  5266 31563 10220 119443
SRM_1831_300s_20x20det_1_6_7    9506  9550  8536 1653348  9198 40834 1816478  6488     0 119345  4551 30806  9706 119765
SRM_1831_300s_20x20det_1_6_8    9395  9341  8506 1656250  9227 40383 1821072  6356   331 119538  4741 31001 10030 119319
SRM_1831_300s_20x20det_1_6_9    9158  9332  8413 1652438  9095 40349 1817703  6445   504 118933  4808 31497 10201 120536
SRM_1831_300s_20x20det_1_7_0    9329  9338  8620 1654889  9303 39946 1815618  6535   175 119366  4621 31077 10155 120205
SRM_1831_300s_20x20det_1_7_1    9357  9800  8255 1657691  9569 40635 1820405  6689   250 120183  4742 31168  9726 120639
SRM_1831_300s_20x20det_1_7_10   9556  9685  8359 1655189  9367 40178 1818482  6568   230 120218  4234 30963  9820 120081
SRM_1831_300s_20x20det_1_7_11   9266  9562  8226 1655785  9291 40948 1821710  7014     0 119913  4927 29527 10295 120609
SRM_1831_300s_20x20det_1_7_12   9596  9385  8374 1656470  9231 40122 1822292  6344   378 119538  4548 30559  9772 120632
SRM_1831_300s_20x20det_1_7_13   9331  9276  8498 1654349  9124 40275 1818527  6331    87 120680  5398 30817  9718 119829
SRM_1831_300s_20x20det_1_7_14   9345  9656  8490 1655740  9029 40436 1819851  6454   441 120136  4508 31779  9701 119865
SRM_1831_300s_20x20det_1_7_15   9364  9387  8400 1653257  9193 40648 1819511  6640   107 120150  4570 31097 11027 120054
SRM_1831_300s_20x20det_1_7_16   9407  9334  8421 1655297  9481 40317 1818154  6245   343 119939  4465 30546 10860 118996
SRM_1831_300s_20x20det_1_7_17   9396  9259  8523 1649303  9576 40225 1814106  6507    57 119947  4485 30675 10384 118854
SRM_1831_300s_20x20det_1_7_18   9362  9360  8469 1656152  9106 40500 1819880  6523   185 120120  4283 31112 10703 121165
SRM_1831_300s_20x20det_1_7_19   9451  9540  8278 1657276  9049 40621 1822204  6052   271 119789  5778 31045  9472 120419
SRM_1831_300s_20x20det_1_7_2    9540  9138  8527 1654832  9377 40469 1820468  6319   457 119150  5127 30724 10413 119987
SRM_1831_300s_20x20det_1_7_3    9181  9801  8612 1656012  9208 39961 1819251  6581     5 119318  4786 31039  9978 119989
SRM_1831_300s_20x20det_1_7_4    9204  9429  8179 1657091  9160 40825 1818872  6745     0 120193  4414 30570 10484 120395
SRM_1831_300s_20x20det_1_7_5    9541  9435  8637 1656768  9364 40451 1822303  6458   297 119928  4984 32195 10342 119820
SRM_1831_300s_20x20det_1_7_6    9322  9779  8411 1654326  9453 40241 1816312  6655    96 119780  4416 30608 10094 119048
SRM_1831_300s_20x20det_1_7_7    9409  9260  8331 1653117  9297 39862 1817672  6348   334 118632  4355 30971 10640 119484
SRM_1831_300s_20x20det_1_7_8    9235  9205  8388 1658531  9387 40522 1819254  6336   338 121207  4456 31567 10073 119761
SRM_1831_300s_20x20det_1_7_9    9582  9517  8585 1657803  8948 40904 1821605  6648     0 120798  4739 31915 10313 119868
SRM_1831_300s_20x20det_1_8_0    9418  9394  8530 1655488  9442 40494 1821371  6698     0 119274  4964 30985  9908 119909
SRM_1831_300s_20x20det_1_8_1    9542  9671  8638 1653688  9274 40145 1820527  6452    30 120232  4553 32408  9717 119846
SRM_1831_300s_20x20det_1_8_10   9622  9571  8715 1655191  9095 40026 1820773  6915   138 119956  4604 30601  9552 119799
SRM_1831_300s_20x20det_1_8_11   9338  9408  8833 1656645  9288 40574 1821125  6346   289 119501  4679 31477 10089 120456
SRM_1831_300s_20x20det_1_8_12   9852  9363  8433 1654690  9124 40674 1817253  6367   600 119272  4649 30664 10448 119504
SRM_1831_300s_20x20det_1_8_13   9478  9448  8379 1656310  9282 40233 1820169  6212   236 120052  5009 31232 10161 120314
SRM_1831_300s_20x20det_1_8_14   9378  9538  8569 1656078  9196 40212 1820667  6413   164 119641  4563 31431  9706 119637
SRM_1831_300s_20x20det_1_8_15   9792  9317  8015 1654961  9423 40084 1820700  6519   110 120107  5033 30885 10158 119579
SRM_1831_300s_20x20det_1_8_16   9403  9155  8380 1653401  9542 40794 1815871  6787     0 120066  4782 31413 10085 119074
SRM_1831_300s_20x20det_1_8_17   9413  9256  8438 1649823  9102 40308 1817271  6836   241 119867  4737 31058  9802 118782
SRM_1831_300s_20x20det_1_8_18   9450  9202  8510 1653336  9328 40917 1819251  6776   273 119168  5615 31513 11189 119055
SRM_1831_300s_20x20det_1_8_19   9257  9412  8598 1653664  8886 40089 1817209  6610   145 119136  5899 31673 10099 120004
SRM_1831_300s_20x20det_1_8_2    9489  9318  8506 1654340  9278 40438 1819909  6622    99 119240  4661 31323  9727 119379
SRM_1831_300s_20x20det_1_8_3    9280  9404  8220 1655277  9191 40590 1817600  6377   374 120991  4320 30705  9786 118660
SRM_1831_300s_20x20det_1_8_4    9240  9216  8372 1656933  9352 39814 1820180  6381    48 119396  5401 30206  9944 119314
SRM_1831_300s_20x20det_1_8_5    9431  9515  8411 1658113  9044 40199 1823742  6504    79 120381  5097 31013  9934 120383
SRM_1831_300s_20x20det_1_8_6    9741  9547  8684 1657765  9661 40398 1822341  6517   250 119483  4309 31476  9313 120512
SRM_1831_300s_20x20det_1_8_7    9191  9304  8342 1656647  9071 40983 1819622  6373     0 118975  4984 31096 10164 119065
SRM_1831_300s_20x20det_1_8_8    9313  9191  8210 1657736  9287 40601 1817942  6155   106 119557  5024 31124  9703 120530
SRM_1831_300s_20x20det_1_8_9    9270  9114  8444 1659070  9283 40500 1823295  6844     0 120412  4371 31375  9278 120265
SRM_1831_300s_20x20det_1_9_0    9501  9569  8654 1658746  9424 40689 1822812  6629   463 120507  4460 31045 10326 120436
SRM_1831_300s_20x20det_1_9_1    9616  9620  8554 1653767  9244 40452 1820935  6534   118 119857  4413 31227  9705 120746
SRM_1831_300s_20x20det_1_9_10   9399  9492  8620 1654549  9316 40284 1819329  6601   272 120200  4649 30810 10079 119760
SRM_1831_300s_20x20det_1_9_11   9431  9394  8752 1657189  9374 40355 1819048  6816   453 119911  4578 30624 10241 119276
SRM_1831_300s_20x20det_1_9_12   9790  9751  8714 1657226  9379 40183 1819312  6301   225 119342  5153 31546 10013 119451
SRM_1831_300s_20x20det_1_9_13   9400  9498  8542 1652937  9494 40022 1817769  6389   369 120095  4703 31430 10258 119415
SRM_1831_300s_20x20det_1_9_14   9514  9603  8607 1653290  9196 40648 1818645  6230     0 119538  4892 30738 10078 119244
SRM_1831_300s_20x20det_1_9_15   9494  9491  8210 1653076  9326 40150 1813871  6748     0 119739  5419 30565 10502 119722
SRM_1831_300s_20x20det_1_9_16   9356  9485  8290 1656231  9244 40314 1821591  6787    50 120862  4808 31475 11047 120302
SRM_1831_300s_20x20det_1_9_17   9005  8863  7947 1612991  9118 39960 1810303  6354   435 120739  4961 30725 10500 119389
SRM_1831_300s_20x20det_1_9_18   9530  9733  8679 1656146  9302 40392 1819108  6845   318 119466  4753 30813 10378 119969
SRM_1831_300s_20x20det_1_9_19   9573  9523  8283 1657503  9225 40522 1818625  6306     9 119700  5230 30711 10327 120039
SRM_1831_300s_20x20det_1_9_2    9355  9515  8590 1654000  9202 40199 1819233  6582   220 119938  5055 31278  9815 120444
SRM_1831_300s_20x20det_1_9_3    9451  9409  8379 1657874  9085 40892 1823442  6826   249 120342  4675 31694  9286 119939
SRM_1831_300s_20x20det_1_9_4    9514  9436  8599 1657849  9326 40897 1817144  6573   225 119821  4578 30281 10040 120344
SRM_1831_300s_20x20det_1_9_5    9228  9412  8454 1654788  9224 40497 1819505  6558    55 119071  3551 31037 10076 120013
SRM_1831_300s_20x20det_1_9_6    9355  9532  8508 1658735  9393 40102 1821707  6362   410 119147  5035 30835 10669 119206
SRM_1831_300s_20x20det_1_9_7    9454  9301  8393 1653159  9706 40250 1818567  6847   303 120490  5080 31537 10752 119666
SRM_1831_300s_20x20det_1_9_8    9336  9205  8252 1656318  9175 40395 1820081  6620    82 119807  5272 30988  9868 120679
SRM_1831_300s_20x20det_1_9_9    9500  9331  8427 1652005  8940 40424 1819674  6524    88 119705  4546 30728 10131 120194
SRM_1831_300s_20x20det_2_0_0    9721 10127  8882 1807261  8965 41391 1980695  7294   444 129625  5730 33693 10515 126788
SRM_1831_300s_20x20det_2_0_1   10067 10178  9224 1804693  9232 40542 1979763  7336   259 131277  5436 32858 11281 127001
SRM_1831_300s_20x20det_2_0_10  10142 10221  9018 1810785  9299 41450 1989764  7016   372 131996  5033 34930 10531 128176
SRM_1831_300s_20x20det_2_0_11  10044 10220  8853 1811426  9187 41280 1991548  7165   242 131540  4903 33438 12571 126904
SRM_1831_300s_20x20det_2_0_12   9921  9948  8894 1812905  9229 40591 1993956  7151   470 132023  5253 33947 11345 127875
SRM_1831_300s_20x20det_2_0_13   9811 10040  9135 1811309  8879 41219 1990169  7002   243 131110  5365 33694 11471 128236
SRM_1831_300s_20x20det_2_0_14  10013 10259  9233 1812240  9184 41719 1993541  6994   542 132082  5114 34120 10455 128172
SRM_1831_300s_20x20det_2_0_15   9998 10216  8894 1807464  9604 41666 1989536  6789   270 132372  4673 33117 11832 128064
SRM_1831_300s_20x20det_2_0_16  10151 10212  9274 1810779  9316 41023 1989823  7060   217 131257  5244 34786 10667 127409
SRM_1831_300s_20x20det_2_0_17  10051 10488  9229 1811068  9457 40639 1987397  7553   380 131335  5612 33381 11497 128055
SRM_1831_300s_20x20det_2_0_18  10127 10292  9538 1808480  9441 41003 1988658  7064    84 131043  5243 33186 11417 126609
SRM_1831_300s_20x20det_2_0_19  10200 10268  9095 1813092  9251 40581 1989606  7179    12 130999  4740 33494 11054 127664
SRM_1831_300s_20x20det_2_0_2    1751  1711  1412  327684  1662  7143  359915  1165     0  23345   628  5930  1613  22365
SRM_1831_300s_20x20det_2_0_3   10111 10067  9217 1807821  9423 41107 1981823  6955     5 130878  5544 33521 11433 128049
SRM_1831_300s_20x20det_2_0_4   10191 10161  9247 1809285  9263 41039 1987822  7523   291 130640  5314 34153 12204 127598
SRM_1831_300s_20x20det_2_0_5    9863 10230  8899 1807600  9617 40559 1987665  7272     0 132866  5101 33533 11465 126971
SRM_1831_300s_20x20det_2_0_6    9892 10081  9359 1816075  9256 41436 1995124  7350   448 131802  5248 33454 12503 127515
SRM_1831_300s_20x20det_2_0_7    9884 10047  9007 1813719  9203 41172 1993394  7403   355 131217  5541 34077 11501 128569
SRM_1831_300s_20x20det_2_0_8   10078 10145  8924 1812343  9391 41394 1991507  6894    57 131260  6371 33770 11543 127808
SRM_1831_300s_20x20det_2_0_9    9752  9959  8976 1765751  8941 41193 1985352  7401   260 131802  6349 33485 11720 127675
SRM_1831_300s_20x20det_2_1_0    9921  9768  8575 1803712  9308 41405 1989526  7057   283 131961  5649 33937 11511 127164
SRM_1831_300s_20x20det_2_1_1   10021  9814  8991 1811628  9427 41190 1991171  7192   137 132203  5321 34292 10998 126441
SRM_1831_300s_20x20det_2_1_10   9953 10131  9181 1806177  9044 40764 1990364  6825   420 131728  5372 34675 11057 125552
SRM_1831_300s_20x20det_2_1_11   9690 10050  8962 1807424  9196 41263 1989084  6931   184 131689  5353 33570 11225 127565
SRM_1831_300s_20x20det_2_1_12   9757 10026  8817 1803150  9255 40954 1987744  7007   218 131858  5496 34113 11301 126135
SRM_1831_300s_20x20det_2_1_13   9902  9989  8877 1805612  9249 41124 1988411  7102   306 130948  5342 33991 11082 128394
SRM_1831_300s_20x20det_2_1_14   9887 10112  9194 1806637  9374 41124 1988555  7094   348 131171  5191 33897 11475 127942
SRM_1831_300s_20x20det_2_1_15   9968 10148  8888 1811815  9282 41135 1990899  6886   175 130725  4339 32952 11738 127413
SRM_1831_300s_20x20det_2_1_16   9986 10034  9369 1803694  9486 41716 1986673  7107   326 130990  5410 33066 11500 126078
SRM_1831_300s_20x20det_2_1_17   9737 10083  8932 1805625  9470 40939 1983506  6868     0 130845  5504 33669 10907 126587
SRM_1831_300s_20x20det_2_1_18   9863 10514  9081 1805719  9531 40783 1983605  7504    71 131851  5301 33667 12026 127228
SRM_1831_300s_20x20det_2_1_19  10043 10140  9091 1808009  9571 41290 1989489  7225   375 130915  5217 34051 11062 127689
SRM_1831_300s_20x20det_2_1_2   10198 10067  9015 1808640  9352 40913 1992135  7157   219 130132  5946 33968 11336 126734
SRM_1831_300s_20x20det_2_1_3    9987 10373  9506 1807316  9378 41181 1987665  6927   408 132116  4833 33693 11296 126460
SRM_1831_300s_20x20det_2_1_4    6285  6205  5689 1141396  5845 26182 1256055  4269   210  82924  3234 20880  6614  79547
SRM_1831_300s_20x20det_2_1_5   10422 10242  9261 1806047  9290 41137 1986685  7505   416 130973  5552 33059 11171 129511
SRM_1831_300s_20x20det_2_1_6    9621 10115  8875 1806024  9068 40966 1989715  7131     0 131029  5610 33262 11529 126636
SRM_1831_300s_20x20det_2_1_7   10202  9875  9035 1808046  9159 41008 1990923  7417    37 132073  5954 34265 11009 126862
SRM_1831_300s_20x20det_2_1_8   10060 10058  9151 1809153  9475 40942 1989322  6776   357 132025  4968 34179 11236 126937
SRM_1831_300s_20x20det_2_1_9   10268 10163  9118 1806890  9076 41086 1987001  7055     0 130720  4830 34171 10652 127656
SRM_1831_300s_20x20det_2_10_0  10036 10090  9252 1807258  9199 41021 1988563  7277     0 131984  5791 33115 10941 127205
SRM_1831_300s_20x20det_2_10_1   9909 10270  9141 1807152  9340 41276 1990036  6993     0 131319  5453 34387 11212 127321
SRM_1831_300s_20x20det_2_10_10  9568  9981  8820 1777088  9352 41429 1982437  6890   159 131183  5936 34573 11703 126674
SRM_1831_300s_20x20det_2_10_11  9889  9984  8838 1809360  9505 41823 1990547  7288     0 130761  5492 34042 10876 125684
SRM_1831_300s_20x20det_2_10_12  9936 10176  9017 1808591  8889 41056 1991191  7304   647 131565  5104 34098 11032 126294
SRM_1831_300s_20x20det_2_10_13  9933 10108  9092 1806648  9294 41610 1988324  7097     0 132318  4917 34273 11558 127412
SRM_1831_300s_20x20det_2_10_14 10003 10143  8815 1806059  9149 40305 1989290  6958     0 131475  5350 33968 10911 127846
SRM_1831_300s_20x20det_2_10_15 10110  9860  8946 1811954  9419 41396 1992154  6962   218 131971  5535 33455 10790 127600
SRM_1831_300s_20x20det_2_10_16 10291 10416  9246 1810265  9177 41287 1987894  7022   276 131832  5585 34702 10580 126584
SRM_1831_300s_20x20det_2_10_17 10051 10071  8946 1804558  9327 41529 1987861  7186   140 130667  5777 34504 10700 127555
SRM_1831_300s_20x20det_2_10_18  9824 10449  9056 1807877  9000 40958 1990636  7286     0 131045  5893 34145 11228 127948
SRM_1831_300s_20x20det_2_10_19 10050 10225  9087 1807902  9271 40928 1992056  7346     0 131377  5726 33397 11392 128321
SRM_1831_300s_20x20det_2_10_2   9885 10346  8950 1811584  9351 41307 1992803  7229   450 131868  6053 32799 11275 127206
SRM_1831_300s_20x20det_2_10_3  10049 10038  9188 1810961  9302 41907 1986820  7048    66 132231  4849 33980 10726 126751
SRM_1831_300s_20x20det_2_10_4   9849 10097  9265 1810228  9522 41065 1988575  6957     0 132238  5056 33914 11405 127093
SRM_1831_300s_20x20det_2_10_5  10218 10025  9183 1809809  9094 41033 1990381  7169     0 131200  5642 33574 11385 126446
SRM_1831_300s_20x20det_2_10_6   9974  9863  9161 1808063  9347 41329 1987252  7221   477 131816  4949 34101 11326 126337
SRM_1831_300s_20x20det_2_10_7   9900  9921  8813 1809531  9399 40860 1991235  6672   104 131405  5612 34032 12204 126508
SRM_1831_300s_20x20det_2_10_8  10003 10101  9297 1808668  9396 41112 1989844  7198   287 131468  5362 33943 11240 126990
SRM_1831_300s_20x20det_2_10_9   6126  6393  5553 1128707  5895 25430 1241359  4394    59  81209  3219 20887  7027  78864
SRM_1831_300s_20x20det_2_11_0   9992  9907  9140 1802668  9370 41256 1984971  7127    85 130840  4573 33887 11091 128532
SRM_1831_300s_20x20det_2_11_1  10298 10299  9170 1806016  9422 40980 1987882  6770   274 130896  5285 33091 11464 127685
SRM_1831_300s_20x20det_2_11_10  9726 10213  9002 1810909  9256 40449 1990608  7427     0 131081  5584 34602 11397 127005
SRM_1831_300s_20x20det_2_11_11 10026 10154  9097 1810497  9504 41493 1990429  7177   234 131156  4836 33542 10986 126682
SRM_1831_300s_20x20det_2_11_12 10060 10373  8931 1810244  9335 41157 1990478  7183   207 131442  5645 33816 10813 126895
SRM_1831_300s_20x20det_2_11_13 10077 10143  9144 1808023  9418 41050 1992025  7232    55 131782  5298 34110 11509 125978
SRM_1831_300s_20x20det_2_11_14  9765 10058  9451 1810580  9054 40572 1992802  7259    51 131401  5481 33384 11814 126859
SRM_1831_300s_20x20det_2_11_15  9935 10202  8965 1810858  9288 41152 1992996  6995   487 130821  5676 33907 10173 127504
SRM_1831_300s_20x20det_2_11_16  4412  4366  3899  845789  4426 18602  931574  3329     0  61637  2645 15912  5133  59163
SRM_1831_300s_20x20det_2_11_17  9949 10173  8956 1801843  9219 40581 1990118  6798   268 132155  5331 33681 10735 126912
SRM_1831_300s_20x20det_2_11_18  9783 10132  8845 1809848  9302 40978 1986625  6950   448 131605  5628 34688 10867 127172
SRM_1831_300s_20x20det_2_11_19 10021  9962  8956 1805313  9353 41333 1990432  7071     0 131237  5455 33336 11705 126632
SRM_1831_300s_20x20det_2_11_2   9918  9976  9204 1807447  9320 41222 1988820  7069   359 132664  6093 34851 11093 127141
SRM_1831_300s_20x20det_2_11_3   3298  3426  3064  601638  2929 13695  661198  2372     0  43556  2054 10915  3199  41406
SRM_1831_300s_20x20det_2_11_4  10093 10006  9096 1805987  9593 41321 1990066  7246     0 131118  5337 33590 11125 126044
SRM_1831_300s_20x20det_2_11_5  10286 10326  9173 1810873  9216 41517 1990285  7070   154 131389  4971 34111 11910 127603
SRM_1831_300s_20x20det_2_11_6  10179 10051  9173 1808446  9200 41081 1990527  7239   106 130927  5473 33550 10248 126947
SRM_1831_300s_20x20det_2_11_7   9769 10089  8850 1812155  9387 40940 1989359  6855    28 130514  5665 33861 11197 126237
SRM_1831_300s_20x20det_2_11_8   9714  9794  8881 1807178  9189 40961 1989645  7311   175 131420  5241 34168 11167 126544
SRM_1831_300s_20x20det_2_11_9   6002  5994  5439 1086170  5431 24684 1193520  4467    22  78642  3165 20556  6649  76142
SRM_1831_300s_20x20det_2_12_0  10161 10460  9180 1808959  9251 40754 1990157  7177     0 131422  5161 32494 11447 127048
SRM_1831_300s_20x20det_2_12_1   4083  4206  3652  758706  3854 17308  834428  2931     0  54210  2040 13923  4617  53149
SRM_1831_300s_20x20det_2_12_10 10046 10261  8919 1812533  9074 41219 1992133  7235     0 131529  5298 34349 11022 127609
SRM_1831_300s_20x20det_2_12_11 10226 10308  8942 1805701  8973 41150 1988928  7077   166 131360  6032 33760 11178 126117
SRM_1831_300s_20x20det_2_12_12  9932 10313  9117 1805043  9307 41577 1986376  7128   207 131547  4812 33361 11923 126638
SRM_1831_300s_20x20det_2_12_13  9684 10106  9061 1809185  9470 40955 1991337  6883   327 130336  5215 34389 10975 127485
SRM_1831_300s_20x20det_2_12_14 10107 10191  9333 1809171  9111 41335 1991010  6974    76 130552  5458 34120 11936 125663
SRM_1831_300s_20x20det_2_12_15  9978 10266  9129 1805401  9605 40256 1989880  7197   128 131835  5569 33750 10499 125502
SRM_1831_300s_20x20det_2_12_16 10087 10185  8939 1805738  8896 40698 1988472  7172   193 131280  5260 33905 10373 127097
SRM_1831_300s_20x20det_2_12_17 10067  9985  9343 1808666  9138 41343 1986847  7076   304 131755  5747 34165 11158 126665
SRM_1831_300s_20x20det_2_12_18 10209 10328  8758 1807867  9298 41155 1989640  7320   114 132249  5869 33705 11577 127007
SRM_1831_300s_20x20det_2_12_19  7572  7437  6549 1348280  6755 30487 1482793  5122    62  97927  3764 24694  8854  94582
SRM_1831_300s_20x20det_2_12_2   9650 10116  9283 1809130  9372 41190 1991658  7309   226 131168  5626 33352 11188 127546
SRM_1831_300s_20x20det_2_12_3  10072 10253  9363 1808608  9314 41063 1989070  7283   302 131224  5012 33531 10913 126661
SRM_1831_300s_20x20det_2_12_4   9871 10327  9305 1810482  9164 40617 1989673  6787    96 132034  6042 33956 10931 127216
SRM_1831_300s_20x20det_2_12_5   6725  6909  6211 1258597  6589 28515 1386731  5091   244  91823  3939 23561  7469  87713
SRM_1831_300s_20x20det_2_12_6  10169 10399  9196 1805394  9150 40822 1987514  6770   355 131502  5520 33713 10925 126613
SRM_1831_300s_20x20det_2_12_7   9868 10311  9337 1807922  9113 40895 1988151  7103   139 131438  5463 33646 11198 126463
SRM_1831_300s_20x20det_2_12_8   9876  9945  9039 1810412  9283 40955 1990407  7063   304 132402  4964 34388 11044 128376
SRM_1831_300s_20x20det_2_12_9   9803 10527  9219 1810282  9633 41060 1988523  7325   176 131669  5227 33938 11203 127287
SRM_1831_300s_20x20det_2_13_0   4691  4641  4247  877489  4323 19924  964733  3515   184  63702  2376 15451  5096  61390
SRM_1831_300s_20x20det_2_13_1   9768 10023  9104 1806978  8948 41065 1985707  7625   203 130808  5705 33590 11183 127862
SRM_1831_300s_20x20det_2_13_10 10089 10186  9081 1812860  9207 40486 1992846  7156     0 131849  5544 34292 11280 126129
SRM_1831_300s_20x20det_2_13_11  9982 10120  8888 1813233  9468 41128 1993228  7153   224 132265  5577 33931 11468 128153
SRM_1831_300s_20x20det_2_13_12  9821 10113  8900 1803216  9294 40952 1990160  6754   145 131254  5233 33592 11940 128264
SRM_1831_300s_20x20det_2_13_13  9805  9889  9008 1812953  9119 41241 1993588  7082     0 131035  4848 34261 10690 126969
SRM_1831_300s_20x20det_2_13_14 10082 10398  8981 1811183  9527 41267 1990752  7515   508 131874  4704 34383 10938 127455
SRM_1831_300s_20x20det_2_13_15  9889  9989  9086 1811547  9392 40945 1991932  7039   367 131932  4999 34326 11692 127137
SRM_1831_300s_20x20det_2_13_16  9992 10313  9148 1812257  9695 40487 1991261  7010   177 131610  6484 33325 12025 126907
SRM_1831_300s_20x20det_2_13_17  9945  9998  8895 1810416  9361 40986 1989324  7244   152 131329  5574 34870 11875 126349
SRM_1831_300s_20x20det_2_13_18  9959 10488  9180 1812878  9181 41511 1990564  7141   417 131371  5218 33430 10855 127564
SRM_1831_300s_20x20det_2_13_19 10084 10122  9072 1811867  9161 41010 1992513  7225   285 131307  5607 34262 10405 128271
SRM_1831_300s_20x20det_2_13_2   9939 10213  9177 1808579  9253 41261 1987349  6968   132 132188  5116 34121 10546 126496
SRM_1831_300s_20x20det_2_13_3   9753 10142  8883 1806886  9536 40800 1988766  7187     0 131168  5840 34283 11748 126314
SRM_1831_300s_20x20det_2_13_4   9757 10442  9025 1805557  9584 40614 1986263  7062    53 130948  5206 33442 12136 127228
SRM_1831_300s_20x20det_2_13_5   9821 10105  9142 1810385  9282 40631 1991943  6830   171 131265  5295 34011 12015 128083
SRM_1831_300s_20x20det_2_13_6  10060 10116  9067 1808806  9133 41182 1990767  6952   211 131338  5151 34286 11623 126636
SRM_1831_300s_20x20det_2_13_7   9951 10163  8994 1808801  9401 41472 1991430  7021   453 131912  4380 34509 10322 126741
SRM_1831_300s_20x20det_2_13_8  10330 10229  9050 1809917  9302 41235 1991034  7237   233 130792  5196 34285 10645 128079
SRM_1831_300s_20x20det_2_13_9  10065 10408  9221 1811192  9094 40979 1992644  6701    25 131100  5593 33942 11239 126854
SRM_1831_300s_20x20det_2_14_0  10358 10290  8859 1810826  9130 40833 1992576  6909   271 131691  5299 33475 11658 127156
SRM_1831_300s_20x20det_2_14_1  10226 10239  8982 1811466  9107 41332 1989770  6807    28 131386  5353 34424 10965 127823
SRM_1831_300s_20x20det_2_14_10 10028 10352  9052 1809389  9428 41668 1990940  7049   109 130761  4974 34018 11151 125796
SRM_1831_300s_20x20det_2_14_11  9955 10394  9016 1809041  9250 41111 1993364  7372     0 132024  5738 34111 11464 127572
SRM_1831_300s_20x20det_2_14_12   938   984   733  176790   746  3803  195019   602    18  12800   438  3194   682  11766
SRM_1831_300s_20x20det_2_14_13 10023 10305  9288 1815413  9450 41496 1995935  7072   245 133030  5535 33751 11294 127688
SRM_1831_300s_20x20det_2_14_14  9790 10001  8676 1808985  9459 41327 1987900  7463   273 131589  5685 33394 11341 127781
SRM_1831_300s_20x20det_2_14_15 10017 10090  8989 1810964  9444 41171 1992414  7267    72 131111  5732 33730 10627 126957
SRM_1831_300s_20x20det_2_14_16 10049 10038  9230 1810355  9377 41120 1990752  7104   402 131481  4685 33285 12279 126933
SRM_1831_300s_20x20det_2_14_17  9817 10267  9094 1808315  9249 40847 1986802  7180   273 132035  5293 33743 11099 126894
SRM_1831_300s_20x20det_2_14_18 10187  9808  8837 1811567  9240 40992 1991795  6955     0 131094  6067 33599 11230 127142
SRM_1831_300s_20x20det_2_14_19 10047 10241  9000 1809909  9300 41129 1991346  7028   186 131105  4612 33333 10802 128384
SRM_1831_300s_20x20det_2_14_2   9894 10275  9328 1808807  9248 41145 1986402  7126     0 130067  6114 34758 11156 126670
SRM_1831_300s_20x20det_2_14_3  10202 10526  9160 1810772  9526 40451 1990722  7232   174 131632  5085 34361 11020 127891
SRM_1831_300s_20x20det_2_14_4   9938 10136  8914 1809589  9510 41367 1986088  7069     0 131940  5738 34513 10402 126819
SRM_1831_300s_20x20det_2_14_5   9866 10122  8838 1809999  9167 40974 1988046  7041     0 131833  4690 33893 11327 127074
SRM_1831_300s_20x20det_2_14_6   9927 10145  8899 1809547  9512 41141 1986219  7170   350 131023  5211 33041 10672 128571
SRM_1831_300s_20x20det_2_14_7  10316 10401  9217 1809016  9247 41252 1987018  7201   141 131076  5133 33890 10525 125987
SRM_1831_300s_20x20det_2_14_8   9790 10414  9206 1809687  9329 41504 1991054  7016     0 131410  5237 34349 11171 126804
SRM_1831_300s_20x20det_2_14_9   6311  6153  5517 1139375  5846 26378 1285614  4881   236  84791  3337 21389  6921  82123
SRM_1831_300s_20x20det_2_15_0  10152 10330  9043 1811213  9345 41116 1988931  7134     0 130582  4710 33614 11506 127541
SRM_1831_300s_20x20det_2_15_1   5705  5897  5217 1059143  5304 23586 1167525  3901   141  77417  2958 19490  6136  74278
SRM_1831_300s_20x20det_2_15_10  8138  8542  7667 1511239  7856 33910 1664806  5887    60 109535  4426 28629  9574 104902
SRM_1831_300s_20x20det_2_15_11  9955 10230  9120 1808558  9477 41098 1988687  7204   176 131856  4912 35200 10459 126926
SRM_1831_300s_20x20det_2_15_12  9936 10343  9158 1808818  9386 40601 1988658  7380    63 132663  5599 33327 10913 126646
SRM_1831_300s_20x20det_2_15_13  1967  1991  1741  366185  1896  8234  404309  1412     0  26575   971  6516  1972  25377
SRM_1831_300s_20x20det_2_15_14 10029  9650  8925 1803395  9169 41796 1987606  7272   206 131684  5831 33331 11453 127211
SRM_1831_300s_20x20det_2_15_15  9965 10200  9298 1816763  9133 41287 1995151  7123   408 131406  5768 33153 11705 126922
SRM_1831_300s_20x20det_2_15_16  9921 10217  9091 1814265  9466 41174 1990990  7237   493 132017  5986 34089 11969 128257
SRM_1831_300s_20x20det_2_15_17  9984 10245  9238 1813563  9263 41149 1991165  7002   193 130475  5210 34287 11530 127444
SRM_1831_300s_20x20det_2_15_18  9878  9829  8870 1810337  9151 40814 1989466  7545   340 131935  5540 33122 10930 127361
SRM_1831_300s_20x20det_2_15_19 10199 10045  9036 1812803  9206 40394 1992310  7224   267 131270  5487 33691 11248 127125
SRM_1831_300s_20x20det_2_15_2  10125 10108  8692 1808406  9360 41013 1986655  7382     1 130749  5481 33430 11515 126278
SRM_1831_300s_20x20det_2_15_3  10227 10300  9249 1807812  9353 41226 1987883  6728     0 130921  4725 33658 12264 127722
SRM_1831_300s_20x20det_2_15_4  10173 10498  9194 1811009  9285 40987 1988689  6812   221 131477  5943 33968 11245 126442
SRM_1831_300s_20x20det_2_15_5  10039 10255  9063 1811075  9609 40753 1986034  7255   177 131357  5425 33830 11855 127192
SRM_1831_300s_20x20det_2_15_6  10026 10149  9210 1809960  9729 41342 1991066  7418   189 131602  5520 34459 11946 127345
SRM_1831_300s_20x20det_2_15_7   9695 10079  8871 1810878  9221 41523 1991854  7148   197 131425  5466 33060 10301 126596
SRM_1831_300s_20x20det_2_15_8  10197 10165  9278 1811645  9170 41216 1987467  7189   363 132180  6539 34023 11901 127583
SRM_1831_300s_20x20det_2_15_9  10257 10068  9165 1811902  9418 41116 1991663  7313   244 131537  4985 34237 11480 126934
SRM_1831_300s_20x20det_2_16_0  10101 10123  9321 1811169  9225 41034 1991275  6895   250 131075  5510 33642 11368 127382
SRM_1831_300s_20x20det_2_16_1   1114  1101   917  202734  1075  4332  222664   834     0  14493   581  3588  1095  13432
SRM_1831_300s_20x20det_2_16_10 10047 10454  8850 1815056  9299 41107 1990811  7195   188 131750  5615 34291 11388 126617
SRM_1831_300s_20x20det_2_16_11 10218 10237  9141 1809963  9178 41078 1989056  7532    79 131839  5796 34715 11601 126968
SRM_1831_300s_20x20det_2_16_12  9818  9913  9144 1810331  9115 40806 1991540  7151   154 132340  5596 34850 11072 127718
SRM_1831_300s_20x20det_2_16_13  9948 10072  9109 1789246 12886 40758 1985615  7092   268 131899  5610 32533 11077 126801
SRM_1831_300s_20x20det_2_16_14 10017 10394  9455 1811885  9285 41077 1989879  7239   306 131585  5613 34119 12165 125369
SRM_1831_300s_20x20det_2_16_15 10219 10490  9226 1811394  9286 40929 1993022  7190   208 131812  5655 34479 11857 127948
SRM_1831_300s_20x20det_2_16_16 10041 10305  9191 1811211  9270 40816 1991252  6979    22 131725  5459 33211 11192 126608
SRM_1831_300s_20x20det_2_16_17 10082 10464  9333 1810920  9677 41474 1993784  7304   200 132000  5941 33906 11330 127007
SRM_1831_300s_20x20det_2_16_18  7091  7313  6591 1334557  6780 30438 1464896  5326   159  97050  3722 24149  7774  93617
SRM_1831_300s_20x20det_2_16_19  9908 10176  9405 1815491  9329 41565 1997287  6944   509 131483  5339 33854 11661 127432
SRM_1831_300s_20x20det_2_16_2  10133 10081  8930 1807405  9479 41332 1987617  7119    78 131508  5514 33954 11280 126492
SRM_1831_300s_20x20det_2_16_3   7605  7722  6573 1357401  6922 30691 1491087  5185   114  97924  3874 24649  8417  93771
SRM_1831_300s_20x20det_2_16_4   9991  9912  8975 1810410  9232 40600 1991056  7332   235 131057  5013 34374 11810 126889
SRM_1831_300s_20x20det_2_16_5  10049 10038  9059 1810867  9101 40902 1991116  6981   125 131254  4822 33180 11019 127409
SRM_1831_300s_20x20det_2_16_6   9869 10050  9241 1808182  9174 41121 1988934  7297   644 131828  5261 33531 11648 126503
SRM_1831_300s_20x20det_2_16_7   9892 10296  9106 1809534  9676 41371 1989344  7438   201 130621  5581 33765 11278 126831
SRM_1831_300s_20x20det_2_16_8  10171 10220  9171 1808807  9313 40613 1988841  7228   179 131318  5208 34779 11397 127288
SRM_1831_300s_20x20det_2_16_9   9855  9858  8817 1774734  8958 40384 1952998  6604     0 128817  5083 33417 12249 125177
SRM_1831_300s_20x20det_2_17_0  10040  9956  9086 1812971  9461 40539 1994892  7059    39 131608  5855 33496 11426 128509
SRM_1831_300s_20x20det_2_17_1  10076 10144  9099 1815005  9405 41297 1993819  6861   251 132094  4899 33878 11401 127264
SRM_1831_300s_20x20det_2_17_10  9910 10439  9201 1812346  9106 41496 1994819  7637    23 130895  5431 34352 10551 125927
SRM_1831_300s_20x20det_2_17_11 10055 10336  9344 1817178  9562 41702 1994272  7123   250 132196  5124 33681 11121 127736
SRM_1831_300s_20x20det_2_17_12 10005 10183  9155 1812606  9267 41438 1991808  7173   147 132191  4721 34248 11650 127177
SRM_1831_300s_20x20det_2_17_13  9894  9835  8979 1814032  9260 41591 1997852  7124   177 132701  5100 33737 11005 128641
SRM_1831_300s_20x20det_2_17_14  6489  6263  5612 1173542  5835 26766 1289864  4344   175  85253  3230 21536  7216  81764
SRM_1831_300s_20x20det_2_17_15 10263 10310  9006 1810376  9561 41302 1997235  6910   360 131511  5653 34209 11722 126400
SRM_1831_300s_20x20det_2_17_16 10172 10035  8967 1813113  9066 41386 1993074  7353   258 131360  5809 33024 11776 126581
SRM_1831_300s_20x20det_2_17_17 10109 10099  9291 1813698  9214 41066 1994114  7132   207 131790  5398 33754 11833 127361
SRM_1831_300s_20x20det_2_17_18 10082 10341  9142 1812005  9504 41895 1995443  7226    91 131119  5470 32742 11119 126992
SRM_1831_300s_20x20det_2_17_19  8108  8319  7517 1477834  7672 34014 1627879  5722   162 106716  4544 27556  9006 103405
SRM_1831_300s_20x20det_2_17_2   9896  9982  9203 1814517  9617 41774 1995959  7147     0 131632  5104 34330 11677 127476
SRM_1831_300s_20x20det_2_17_3   9851 10358  9341 1813969  9523 41213 1997403  6992   152 130374  5309 33175 11585 127884
SRM_1831_300s_20x20det_2_17_4  10026 10029  8981 1813981  9480 41429 1995782  6907   385 131425  5625 33572 11564 126368
SRM_1831_300s_20x20det_2_17_5  10286 10453  9156 1815791  8998 41067 1995569  7405   200 132686  5551 33457 11979 127228
SRM_1831_300s_20x20det_2_17_6  10080 10395  9281 1818384  9214 41312 1996613  7120    36 131661  4808 33004 12258 126914
SRM_1831_300s_20x20det_2_17_7  10097 10314  8929 1815151  9102 41585 1999524  7079   142 131038  5765 34412 11589 126047
SRM_1831_300s_20x20det_2_17_8  10172 10229  9204 1814104  9321 41123 1997713  7437    54 130909  5724 33065 12372 127281
SRM_1831_300s_20x20det_2_17_9  10018 10233  9149 1809808  9265 41412 1995018  6858     9 132314  5015 34469 10979 127029
SRM_1831_300s_20x20det_2_18_0   9962 10079  8871 1812705  9323 41419 1991816  7073     0 130958  5937 32734 11955 128254
SRM_1831_300s_20x20det_2_18_1  10082  9984  9056 1810775  9475 40494 1992631  6828     0 131767  5325 34866 11643 128402
SRM_1831_300s_20x20det_2_18_10  9918 10222  9204 1812199  9357 41345 1988497  7075   335 131299  5507 33800 11875 127850
SRM_1831_300s_20x20det_2_18_11 10220 10203  9176 1813629  9397 40860 1992220  7142   228 131858  5736 34356 12028 125838
SRM_1831_300s_20x20det_2_18_12 10072 10489  9213 1811377  9230 41542 1997057  7154    36 131606  3924 33988 11690 126815
SRM_1831_300s_20x20det_2_18_13 10269 10194  9253 1813116  9443 41275 1992216  7081   230 132066  4456 34283 10559 127440
SRM_1831_300s_20x20det_2_18_14 10029 10255  9096 1814697  9393 41281 1995466  7090   150 131296  5649 33284 12027 127322
SRM_1831_300s_20x20det_2_18_15  9835 10084  8915 1811606  9319 41015 1991091  6952   247 131366  6360 34156 12557 127139
SRM_1831_300s_20x20det_2_18_16 10163 10106  8882 1813254  9163 41306 1992962  7306   397 132133  5262 34429 11234 127517
SRM_1831_300s_20x20det_2_18_17  9796 10262  9050 1813144  9302 41265 1987480  6848    69 131718  5147 33095 11180 126810
SRM_1831_300s_20x20det_2_18_18  9955  9965  8961 1811517  9136 41365 1993603  7062   255 131119  5697 33464 11969 128125
SRM_1831_300s_20x20det_2_18_19 10134 10210  9233 1802930  9079 40814 1984642  7557   140 131079  5522 33883 11266 127242
SRM_1831_300s_20x20det_2_18_2   9984 10018  9079 1808853  9047 40930 1991518  6993   103 130242  5285 33466 10892 127100
SRM_1831_300s_20x20det_2_18_3  10077 10357  9079 1811665  9417 41577 1991304  6899    24 131287  5477 33747 11910 126609
SRM_1831_300s_20x20det_2_18_4  10055  9895  8933 1809982  9389 41605 1989790  6905    52 131583  5051 33872 11125 127632
SRM_1831_300s_20x20det_2_18_5  10298  9968  9065 1803910  9166 41192 1984259  7396   222 130791  5149 32716 11022 127013
SRM_1831_300s_20x20det_2_18_6   9933 10031  9110 1809960  9180 41110 1990097  6946   103 130901  4693 33985 12407 126385
SRM_1831_300s_20x20det_2_18_7  10023 10149  8604 1800688  9197 41249 1990173  7120   308 132018  5088 34617 11550 126762
SRM_1831_300s_20x20det_2_18_8  10050 10381  9563 1811723  9360 41523 1991356  7097     6 130915  5243 34747 10807 126701
SRM_1831_300s_20x20det_2_18_9   9878 10052  9173 1809128  9787 41528 1989741  7299   204 131830  4957 33809 10651 127207
SRM_1831_300s_20x20det_2_19_0  10242 10228  8863 1807023  9285 40820 1990576  7047     0 130670  5226 33848 11459 128024
SRM_1831_300s_20x20det_2_19_1  10025 10331  9204 1808765  9474 40676 1989106  6928   243 132337  5274 33585 11780 126274
SRM_1831_300s_20x20det_2_19_10 10116 10395  9236 1809833  9287 40650 1991246  7366   642 131842  5628 33364 11102 126842
SRM_1831_300s_20x20det_2_19_11  9983 10298  9127 1814380  9553 41161 1994204  6733   351 131723  5223 33405 11637 125763
SRM_1831_300s_20x20det_2_19_12 10111 10147  9305 1817268  9482 41276 1995032  7148     0 132346  5378 33816 11881 127423
SRM_1831_300s_20x20det_2_19_13 10053 10238  8940 1818173  9377 41322 1994857  7027   201 130912  4860 33735 10815 127087
SRM_1831_300s_20x20det_2_19_14  9602 10012  9130 1815487  9121 41376 1991870  6966   305 132572  4936 33769 10604 126585
SRM_1831_300s_20x20det_2_19_15 10311 10194  8910 1812151  9289 40363 1993563  7298   317 130515  5638 34312 11362 126571
SRM_1831_300s_20x20det_2_19_16 10100 10307  8820 1815244  9354 41593 1989743  6975   169 131621  4817 34910 10971 127326
SRM_1831_300s_20x20det_2_19_17  9755 10148  8965 1816347  9608 41652 1993344  7129   175 131723  5075 34702 11185 126260
SRM_1831_300s_20x20det_2_19_18 10257 10505  9153 1815532  9503 40992 1992845  7284   280 131031  5388 33686 11526 127154
SRM_1831_300s_20x20det_2_19_19  9830 10270  8925 1814108  9428 41506 1994728  7367   257 132150  6206 34864 12522 126465
SRM_1831_300s_20x20det_2_19_2   9959  9975  9066 1809366  9300 41157 1991427  7017    85 131501  5405 33857 11765 127782
SRM_1831_300s_20x20det_2_19_3  10095 10490  9144 1810713  9068 41458 1991294  7041   315 131156  4574 33656 12482 125538
SRM_1831_300s_20x20det_2_19_4   9885 10075  9026 1811550  9604 41210 1993723  7221   214 131030  5299 34197 10633 126207
SRM_1831_300s_20x20det_2_19_5   9678  9993  9431 1810964  9359 41514 1991609  6853     0 131390  5192 34132 11401 126011
SRM_1831_300s_20x20det_2_19_6  10069 10088  9159 1811484  9295 41776 1995892  7099   252 130374  4871 34625 11157 127128
SRM_1831_300s_20x20det_2_19_7   9897 10184  8883 1811262  9665 41649 1991447  7259     2 131615  4932 34084 11258 126605
SRM_1831_300s_20x20det_2_19_8   9941  9830  8997 1809190  8909 40705 1990669  7168   523 131613  5700 33445 10915 127710
SRM_1831_300s_20x20det_2_19_9  10121 10206  9169 1814169  9224 41274 1995346  6961   193 131487  4974 34577 11285 126294
SRM_1831_300s_20x20det_2_2_0   10000 10071  8980 1804793  9375 41488 1984763  7212   645 130714  5044 33590 11556 128266
SRM_1831_300s_20x20det_2_2_1    9762 10357  9023 1806387  9338 41260 1986258  7388   404 131315  4993 34540 12258 127328
SRM_1831_300s_20x20det_2_2_10   9721 10418  8913 1810894  9131 41378 1991739  7159    33 131218  5605 34501 10541 126860
SRM_1831_300s_20x20det_2_2_11   6807  6624  6059 1202537  5938 27525 1327234  4697     0  87654  2754 22084  7548  84161
SRM_1831_300s_20x20det_2_2_12   9824  9956  8948 1807796  9083 41573 1989227  7041   363 132019  5598 32953 10799 127159
SRM_1831_300s_20x20det_2_2_13   9734 10023  8831 1810189  9236 41205 1990894  6678     0 131230  5798 33954 11352 126961
SRM_1831_300s_20x20det_2_2_14   9827 10083  8989 1808881  9337 41241 1989982  7011    85 130966  5684 34049 10793 127055
SRM_1831_300s_20x20det_2_2_15   9713 10059  8886 1809466  9107 40924 1986603  7093   405 131945  6697 33373 11413 127461
SRM_1831_300s_20x20det_2_2_16  10006 10343  8843 1805167  9429 40915 1990732  6936   171 130828  5783 34030 11194 126557
SRM_1831_300s_20x20det_2_2_17  10119 10051  9012 1809348  9018 41136 1991574  7407   372 132383  5245 33935 11224 127374
SRM_1831_300s_20x20det_2_2_18   9796 10144  9356 1805472  9063 41095 1991657  7171   233 131597  5058 33605 11507 127739
SRM_1831_300s_20x20det_2_2_19   9807 10027  9173 1809638  9153 41637 1992714  7225   400 131567  5645 33509 11127 127122
SRM_1831_300s_20x20det_2_2_2    9775 10291  8855 1804069  9376 41145 1984364  7311   317 131559  5517 34981 11588 126524
SRM_1831_300s_20x20det_2_2_3   10042 10411  9184 1806164  9388 40948 1989075  6708   279 131080  4786 33920 10828 126148
SRM_1831_300s_20x20det_2_2_4   10061 10247  8912 1807570  9315 40955 1986860  6802   412 130851  5916 33311 10929 126396
SRM_1831_300s_20x20det_2_2_5     334   393   367   77849   420  1723   85975   290     0   5617   150  1262   295   4982
SRM_1831_300s_20x20det_2_2_6    9795 10318  9224 1807813  9139 41240 1990184  7405   345 131405  5625 34317 11940 126782
SRM_1831_300s_20x20det_2_2_7    3202  3288  2960  575688  2897 12972  633005  2198     6  41708  1572 10446  3039  40416
SRM_1831_300s_20x20det_2_2_8   10184 10080  9075 1809479  9033 41132 1993221  7259   345 131121  5150 33605 11327 126319
SRM_1831_300s_20x20det_2_2_9   10133  9981  9255 1806372  9615 40960 1991060  6887     0 131789  5835 33364 12746 126958
SRM_1831_300s_20x20det_2_3_0    9886  9952  8857 1811249  9101 41342 1991783  6924   238 131182  5298 34338 10650 128718
SRM_1831_300s_20x20det_2_3_1   10096 10158  8973 1808300  9586 41157 1990356  7063     8 132115  5805 34377 10742 127194
SRM_1831_300s_20x20det_2_3_10   9481 10362  9116 1810082  9165 41751 1991645  7309   286 130529  5180 34397 10995 126452
SRM_1831_300s_20x20det_2_3_11  10041 10049  8845 1808724  9129 41490 1991343  7307   122 131590  5122 33474 11389 127276
SRM_1831_300s_20x20det_2_3_12  10106 10243  9062 1806406  8929 40872 1988977  7164   265 131668  4968 33211 11452 126941
SRM_1831_300s_20x20det_2_3_13  10102 10323  9273 1808912  9385 41793 1992625  7458    55 131767  5680 32763 10605 126753
SRM_1831_300s_20x20det_2_3_14   9918 10265  8929 1804826  9474 41468 1988451  7198   268 131080  6001 34165 11844 127055
SRM_1831_300s_20x20det_2_3_15  10035 10234  8969 1810566  9072 41125 1992215  7163    86 131630  5581 33326 11461 126369
SRM_1831_300s_20x20det_2_3_16   9577 10230  9187 1809616  9301 40816 1993790  7114     9 131426  5782 32947 11906 126268
SRM_1831_300s_20x20det_2_3_17  10071 10421  8839 1809607  9002 41268 1993138  6757   417 131652  5008 34413 10515 125985
SRM_1831_300s_20x20det_2_3_18  10115 10226  9317 1809487  9114 40965 1993847  6979   318 130426  5618 32660 10627 126257
SRM_1831_300s_20x20det_2_3_19   9740 10512  8942 1809781  9147 41478 1992290  7035    71 132632  5988 33297 11176 126574
SRM_1831_300s_20x20det_2_3_2    9788 10315  9045 1808971  9299 41303 1992826  7153   267 131903  5438 34370 12039 127864
SRM_1831_300s_20x20det_2_3_3   10031 10074  9563 1807445  9182 40496 1989591  7434   261 130912  6196 33483 10994 126010
SRM_1831_300s_20x20det_2_3_4    7605  7734  6801 1396761  7286 31330 1536489  5429   247 100746  4024 26513  8639  97795
SRM_1831_300s_20x20det_2_3_5   10362 10275  9142 1809185  9475 41221 1991966  6951   202 130744  4927 33878 11185 127447
SRM_1831_300s_20x20det_2_3_6    9820  9826  8979 1805981  9691 41070 1992310  7597   351 131677  5708 33529 11406 127412
SRM_1831_300s_20x20det_2_3_7    9888 10255  9208 1808698  9305 41476 1990865  7363   140 131204  5517 34179 11166 127168
SRM_1831_300s_20x20det_2_3_8    9914 10094  9012 1810840  9132 41197 1994821  6989   289 131713  5480 34101 11510 128393
SRM_1831_300s_20x20det_2_3_9   10079 10141  8873 1807839  9261 40776 1988549  7184   247 130950  5546 33625 11158 127171
SRM_1831_300s_20x20det_2_4_0   10043 10042  9106 1809725  9050 41082 1992244  6969     0 132067  5415 34084 11325 128779
SRM_1831_300s_20x20det_2_4_1    9945  9797  8592 1808647  9021 41231 1994005  7267   136 131564  4528 34358 11219 127130
SRM_1831_300s_20x20det_2_4_10  10096 10124  9072 1806358  9278 40642 1989861  7294   106 130993  5099 33778 10654 127701
SRM_1831_300s_20x20det_2_4_11  10074  9854  8993 1808599  9068 41392 1990016  7629   234 130810  5085 33260 11855 127137
SRM_1831_300s_20x20det_2_4_12   9902 10020  8723 1805075  9202 41450 1988642  7044   173 131919  5675 33109 10969 127160
SRM_1831_300s_20x20det_2_4_13   9906  9983  8974 1808094  9294 40982 1989320  6895   270 131113  4870 33754 10313 127107
SRM_1831_300s_20x20det_2_4_14  10221 10345  9001 1806771  9271 41687 1986645  7377   266 132136  5555 33241 11093 127194
SRM_1831_300s_20x20det_2_4_15   9904 10099  9097 1809555  9276 41253 1991498  7033   241 131981  5598 33297 11220 126553
SRM_1831_300s_20x20det_2_4_16   9649  9975  8947 1779919  9304 40952 1987792  7035   356 132160  5351 34040 11181 127225
SRM_1831_300s_20x20det_2_4_17  10040 10175  9100 1808097  9244 41664 1990428  6847   524 132267  5367 32995 11044 126305
SRM_1831_300s_20x20det_2_4_18   9926 10156  9268 1810612  9483 41392 1992695  7304    81 131791  5213 33559 11308 126464
SRM_1831_300s_20x20det_2_4_19  10002  9815  8902 1809047  9247 40619 1990863  7236   675 132215  5199 33910 11350 126260
SRM_1831_300s_20x20det_2_4_2   10192 10208  9020 1804576  9314 41427 1990926  7013   222 131195  5249 33347 11983 126833
SRM_1831_300s_20x20det_2_4_3    9832 10080  9034 1806109  9434 40961 1987468  7192   212 131364  5519 33943 11097 127343
SRM_1831_300s_20x20det_2_4_4   10008 10275  9280 1801607  9033 41247 1983661  6883   472 131428  5642 33937 10722 126503
SRM_1831_300s_20x20det_2_4_5   10039 10099  9077 1802280  9263 41589 1984224  6869   289 131521  5671 33280 11066 125407
SRM_1831_300s_20x20det_2_4_6    9923 10327  9038 1806331  9093 41248 1987187  6927   194 130491  5035 34011 12442 126410
SRM_1831_300s_20x20det_2_4_7    9975 10002  8863 1806891  9226 41043 1987189  6781   169 132398  5780 33537 11193 125421
SRM_1831_300s_20x20det_2_4_8    9824 10102  9104 1806895  9485 40535 1988452  7166    68 131592  5754 33481 11528 127339
SRM_1831_300s_20x20det_2_4_9   10015  9883  9074 1804839  9397 41264 1990857  7184   293 130614  5063 32820 11656 127095
SRM_1831_300s_20x20det_2_5_0    9889 10032  9059 1806854  9375 41694 1988331  7647   236 131738  5155 32239 11601 127294
SRM_1831_300s_20x20det_2_5_1    9883  9970  8795 1808253  9043 41352 1990878  7343   438 131172  5170 34271 10460 126965
SRM_1831_300s_20x20det_2_5_10  10030 10278  9297 1811190  9632 40813 1993275  7064   494 131068  5732 34319 10878 128551
SRM_1831_300s_20x20det_2_5_11  10042 10040  9029 1809411  9320 41168 1996012  7120   135 131270  5690 34075 12597 127349
SRM_1831_300s_20x20det_2_5_12  10276 10006  9139 1805730  9424 40788 1987946  7012   184 131449  5367 33777 11065 125980
SRM_1831_300s_20x20det_2_5_13   6660  6699  6196 1204848  6222 27359 1329147  4689    84  87290  4036 21819  6880  84812
SRM_1831_300s_20x20det_2_5_14  10007 10156  8882 1808559  9227 40971 1995495  7165   710 131141  5052 33558 11284 126866
SRM_1831_300s_20x20det_2_5_15  10073 10025  8887 1806689  9022 40985 1991865  6867   319 130650  5409 33841 10596 128346
SRM_1831_300s_20x20det_2_5_16   9976 10182  9079 1808786  9168 41111 1989421  7102     0 131153  5240 33398 10855 125618
SRM_1831_300s_20x20det_2_5_17  10233 10277  9053 1807852  9280 41323 1989253  7320   147 131281  5624 33544 10723 127324
SRM_1831_300s_20x20det_2_5_18   9734 10095  8997 1808768  9153 41116 1987472  7041   165 131165  4881 33701 11204 126327
SRM_1831_300s_20x20det_2_5_19  10098 10309  8854 1808616  9220 41020 1989751  7215     0 132192  5387 33690 11121 127765
SRM_1831_300s_20x20det_2_5_2    9866  9945  8973 1804055  9306 41378 1988458  7136   201 130536  4845 33148 10550 127237
SRM_1831_300s_20x20det_2_5_3    9978 10119  9035 1804212  9122 41331 1988171  7555   358 131601  4962 33751 10502 126841
SRM_1831_300s_20x20det_2_5_4    9121  9896  8790 1746999  9199 41196 1981363  7011     0 131600  5166 33964 10947 125810
SRM_1831_300s_20x20det_2_5_5   10001  9736  9062 1808233  9262 40506 1989739  7029   217 131831  5434 32348 11690 126509
SRM_1831_300s_20x20det_2_5_6    9667  9717  8734 1809517  9552 40936 1987443  7398   105 131519  4983 34377 11036 126368
SRM_1831_300s_20x20det_2_5_7    9891  9926  8834 1808454  9268 41358 1989714  7317   596 131649  5358 33677 10609 125690
SRM_1831_300s_20x20det_2_5_8   10051 10311  9259 1809203  9253 41439 1989448  6788   111 131148  5142 35214 11294 126932
SRM_1831_300s_20x20det_2_5_9    9748 10226  9127 1808754  9065 41182 1992436  7194     6 132009  5170 34113 12208 127727
SRM_1831_300s_20x20det_2_6_0    5643  5614  5112 1037026  5211 23625 1141727  3930    31  75758  2953 19064  5844  72550
SRM_1831_300s_20x20det_2_6_1   10109 10138  9284 1801281  9495 41397 1989506  7228    76 130702  5218 34031 10860 127704
SRM_1831_300s_20x20det_2_6_10   9845 10208  8777 1807136  9426 41420 1987113  7157   234 130358  5643 32936 11309 126382
SRM_1831_300s_20x20det_2_6_11   9958 10259  9033 1808942  9156 41093 1987746  7271   284 132328  5658 34324 10872 126805
SRM_1831_300s_20x20det_2_6_12  10242 10258  9195 1808666  9415 41022 1991851  6881   368 131481  5824 34383 10974 125738
SRM_1831_300s_20x20det_2_6_13   9296  9624  8360 1687767  8715 38388 1859195  6552   156 122646  5199 31262 10789 117844
SRM_1831_300s_20x20det_2_6_14   9915 10098  9095 1809977  9225 41086 1990977  7169   559 131630  6031 34464 10010 127498
SRM_1831_300s_20x20det_2_6_15   9887 10020  8883 1811335  9192 41461 1993539  7174   146 131553  5123 33636 10704 126833
SRM_1831_300s_20x20det_2_6_16   9834 10158  9289 1805114  9108 41351 1987881  7182   428 131535  5463 34038 11476 127636
SRM_1831_300s_20x20det_2_6_17  10254 10460  9294 1809589  9049 40960 1989245  7246   488 130708  5494 33729 11354 127244
SRM_1831_300s_20x20det_2_6_18   1020  1132   953  202822  1000  4573  223372   709     0  14620   784  3492  1102  13367
SRM_1831_300s_20x20det_2_6_19   9819  9983  8991 1807506  9303 41492 1992373  7316   196 131715  5466 34008 11150 126845
SRM_1831_300s_20x20det_2_6_2    9975 10250  8968 1807767  8687 41974 1987169  7123   281 130461  5279 33275 11797 125908
SRM_1831_300s_20x20det_2_6_3    9098  9612  7992 1636055  8417 37530 1798914  6405   394 118713  4588 30528  9583 115131
SRM_1831_300s_20x20det_2_6_4    9869 10139  8971 1808324  9087 39887 1988555  6920   319 131649  5173 34020 11535 126836
SRM_1831_300s_20x20det_2_6_5   10032 10007  8993 1806370  9110 41108 1987023  7130   217 132391  5608 32622 11948 126200
SRM_1831_300s_20x20det_2_6_6    9900 10114  9056 1807516  9084 40802 1987954  7075     0 131169  4031 33781 10507 126518
SRM_1831_300s_20x20det_2_6_7    9920 10060  9251 1807450  9311 41349 1989139  6924   111 130767  5743 33880 10857 126983
SRM_1831_300s_20x20det_2_6_8    9735 10184  9069 1808216  8905 40973 1988000  7036   236 131126  5413 33594 11252 125519
SRM_1831_300s_20x20det_2_6_9   10124 10104  9128 1809242  9146 41603 1993278  7026   219 131308  5734 34152 11247 125921
SRM_1831_300s_20x20det_2_7_0   10099 10075  8888 1807293  9449 41154 1988260  6801   671 130730  5510 33869 11765 127372
SRM_1831_300s_20x20det_2_7_1    9833  9883  8900 1810469  9538 40825 1986797  6958   396 131861  4824 33658 10976 126514
SRM_1831_300s_20x20det_2_7_10   9762 10263  9077 1813040  9502 40602 1992493  7440   307 131123  5201 34982 12061 126696
SRM_1831_300s_20x20det_2_7_11  10228 10335  8874 1809302  8940 41223 1988919  6884   229 130784  5736 33091 11378 127450
SRM_1831_300s_20x20det_2_7_12   9959 10234  9155 1810115  9417 41302 1991956  6787   499 132836  5431 34457 11618 126915
SRM_1831_300s_20x20det_2_7_13   7729  7788  6891 1387072  7001 31544 1523297  5298   254 101524  4336 25797  7854  97036
SRM_1831_300s_20x20det_2_7_14  10001 10426  9244 1811294  9372 40773 1989107  6982    77 132252  5302 33796 11550 127086
SRM_1831_300s_20x20det_2_7_15   9844 10197  9159 1806313  9124 41137 1992413  6924    34 131826  5609 34629 11869 126763
SRM_1831_300s_20x20det_2_7_16   9628  9920  9029 1806049  9136 40999 1987368  7113   367 131765  6451 33695 11255 126679
SRM_1831_300s_20x20det_2_7_17  10110 10262  9276 1809746  9143 40909 1993131  7188   354 131479  4785 33967 11177 127648
SRM_1831_300s_20x20det_2_7_18  10320 10389  9090 1807035  9191 41440 1989518  7441   246 129731  5371 33460 11067 126314
SRM_1831_300s_20x20det_2_7_19   9952 10084  9178 1806977  9373 41148 1989116  7336   265 131554  5315 34391 11349 126668
SRM_1831_300s_20x20det_2_7_2   10193 10226  8817 1807095  9027 41122 1987399  7170   206 131241  5039 34239 10445 127206
SRM_1831_300s_20x20det_2_7_3    9932 10185  8923 1807369  9159 40752 1991950  7051   370 131288  5142 32890 10848 126924
SRM_1831_300s_20x20det_2_7_4    9944 10217  9177 1809556  9174 41215 1990089  6971   594 132173  4876 33884 11173 126894
SRM_1831_300s_20x20det_2_7_5    9902 10058  8992 1811234  9321 41459 1989906  7315   183 131833  5194 34276 11071 127431
SRM_1831_300s_20x20det_2_7_6    9892  9969  8695 1808735  9061 40629 1991663  7389   194 131592  5429 33175 11180 126753
SRM_1831_300s_20x20det_2_7_7    9835 10061  8988 1807230  9286 41826 1988082  6650     0 130737  4870 32729 11263 126691
SRM_1831_300s_20x20det_2_7_8   10048 10168  8969 1811799  9007 41590 1992388  7134   227 131614  5293 33971 11434 128025
SRM_1831_300s_20x20det_2_7_9    9860 10252  9032 1808544  9543 40965 1989349  7145   342 132594  5728 33803 11447 126704
SRM_1831_300s_20x20det_2_8_0    9869 10379  9039 1811659  9119 41280 1991842  7191   153 131824  5035 33746 10882 127798
SRM_1831_300s_20x20det_2_8_1    9709  9971  9191 1809628  9266 41257 1992193  6924     0 131837  6036 33343 11693 127047
SRM_1831_300s_20x20det_2_8_10   9838 10278  8891 1808901  9448 41203 1992544  7295   499 131520  6374 33655 11366 127572
SRM_1831_300s_20x20det_2_8_11   9837  9937  9050 1807324  9235 41468 1986454  6932   141 132207  5681 33061 11179 127325
SRM_1831_300s_20x20det_2_8_12  10165 10371  9237 1806607  9054 40480 1989474  6562   277 131758  5154 33868 10481 127749
SRM_1831_300s_20x20det_2_8_13  10065  9978  9004 1805844  9381 40856 1987828  7068   285 131655  5739 33951 10485 125657
SRM_1831_300s_20x20det_2_8_14  10122 10140  9005 1804892  9319 40727 1986938  7429    67 130221  5119 33252 11658 127081
SRM_1831_300s_20x20det_2_8_15  10197 10156  8927 1808473  9227 41056 1991808  6875     0 131916  5395 33566 11159 127570
SRM_1831_300s_20x20det_2_8_16   3118  3247  2667  566803  2830 12238  624230  2210     0  41133  1624 10189  3224  39289
SRM_1831_300s_20x20det_2_8_17   9825 10060  9046 1807881  9458 41415 1987552  7054   218 130865  4635 33091 10821 126478
SRM_1831_300s_20x20det_2_8_18  10176 10345  9277 1808557  9509 41242 1992876  7301   236 131665  4827 33429 11376 126836
SRM_1831_300s_20x20det_2_8_19  10018 10100  9016 1812487  9353 41018 1994062  6994     0 130593  5694 34178 10970 127321
SRM_1831_300s_20x20det_2_8_2   10155 10133  9166 1807829  9118 41652 1989986  7451    30 131722  5797 34442 10166 127935
SRM_1831_300s_20x20det_2_8_3    9608 10227  9271 1813219  9117 41200 1992276  6794   173 131174  5229 34518 11294 128631
SRM_1831_300s_20x20det_2_8_4    9916 10093  9085 1813917  9247 41355 1993078  7189     0 131833  5258 33713 11597 126655
SRM_1831_300s_20x20det_2_8_5   10084 10034  9082 1810454  9036 41090 1989855  6619     0 131702  5210 34139 11417 128381
SRM_1831_300s_20x20det_2_8_6   10000  9967  9028 1809745  9232 40502 1990396  7170   126 131984  5550 33110 11869 127154
SRM_1831_300s_20x20det_2_8_7   10006 10185  9249 1813338  9395 41511 1992714  6626   265 132235  5892 34253 11408 127738
SRM_1831_300s_20x20det_2_8_8   10059 10115  8873 1810521  9468 41445 1992305  6894   352 131743  4756 33338 11102 128372
SRM_1831_300s_20x20det_2_8_9   10231 10325  8892 1810501  9238 41410 1990464  7187    54 131100  5796 33668 10725 126362
SRM_1831_300s_20x20det_2_9_0    9744 10134  9063 1805580  9129 40979 1990909  7210     0 130434  4910 33863 11314 128036
SRM_1831_300s_20x20det_2_9_1    8067  8146  7079 1431213  7521 32231 1573728  5569   150 103903  4137 26844  8894 100613
SRM_1831_300s_20x20det_2_9_10   9891 10172  9142 1808039  9334 40746 1991450  7598    39 132057  5236 33571 11839 127297
SRM_1831_300s_20x20det_2_9_11   9935 10432  9031 1808559  9395 41030 1992911  7124   355 130838  5258 33742 11849 126550
SRM_1831_300s_20x20det_2_9_12   1910  1908  1521  360817  1962  7736  396396  1386     0  25736   973  6483  1726  24857
SRM_1831_300s_20x20det_2_9_13   9714 10076  8968 1809655  9103 41866 1990553  7229   470 131889  5264 34257 10409 126620
SRM_1831_300s_20x20det_2_9_14   9967  9840  9436 1807238  9403 40964 1990043  6908   368 131751  5717 33980 11467 127596
SRM_1831_300s_20x20det_2_9_15   9664 10020  8836 1806301  8988 40325 1984704  6996   351 131314  4390 33718 11407 126861
SRM_1831_300s_20x20det_2_9_16   9879 10253  9045 1809262  9267 41275 1990294  7058   261 131889  4740 33770 11587 126622
SRM_1831_300s_20x20det_2_9_17   9699 10261  9265 1794741  9309 41304 1988477  7221   320 131274  5192 34491 11252 126581
SRM_1831_300s_20x20det_2_9_18  10018  9925  9263 1809637  9385 40643 1991354  7256     0 132593  5367 34529 10628 126964
SRM_1831_300s_20x20det_2_9_19   9980 10291  9131 1809875  9040 41113 1990511  7243     0 131930  5289 33751 10741 126247
SRM_1831_300s_20x20det_2_9_2    9401  9521  8567 1756589  9009 40971 1983198  6990   308 131663  5654 33034 12242 127591
SRM_1831_300s_20x20det_2_9_3    9830  9883  9345 1808859  9561 41118 1991338  6912    55 132016  5449 33403 11355 127171
SRM_1831_300s_20x20det_2_9_4    9727 10450  9161 1803280  9316 40933 1985174  7222   284 131630  5058 34269 10856 126490
SRM_1831_300s_20x20det_2_9_5   10238 10241  9151 1807719  9107 40994 1991091  6914   261 132100  5572 34240 11254 127603
SRM_1831_300s_20x20det_2_9_6    9986 10356  9038 1807383  9251 40796 1991231  7711   157 131609  5146 34004 10185 126379
SRM_1831_300s_20x20det_2_9_7    9933 10167  8870 1805491  9373 40800 1990287  7300     0 130960  4647 33991 11416 126467
SRM_1831_300s_20x20det_2_9_8    1365  1339  1258  268321  1224  5787  294966  1109     0  19354   598  4745  1360  18105
SRM_1831_300s_20x20det_2_9_9   10204 10360  9021 1810568  9471 40508 1990042  7044   127 131645  5777 34076 11351 126322
------------------------------------------------------------------------------------------------------------------------
Mean value:                     9473  9566  8571 1691364  9096 39864 1860371  6640   192 122728  4972 31670 10487 120580
Std. Abw.:                      1180  1211  1086  213033  1138  4834  234372   871   161  15546   766  4047  1463  14833
Std. Abw. rel. [%]:            12.45 12.66 12.67   12.60 12.51 12.13   12.60 13.11 84.18  12.67 15.41 12.78 13.96  12.30
Conf. interval:                   42    43    38    7532    40   171    8286    31     6    550    27   143    52    524
