Mass percent (%)

Spectrum                          Na   Mg   Al    Si    S    K    Ca   Ti   Fe   Sr   Rh
----------------------------------------------------------------------------------------
SRM_1831_300s_20x20det_2_0_0   14.04 4.15 1.69 63.39 0.21 0.76 15.50 0.03 0.18 0.03 0.00
SRM_1831_300s_20x20det_2_0_1   14.45 4.14 1.70 63.13 0.21 0.75 15.38 0.03 0.18 0.03 0.00
SRM_1831_300s_20x20det_2_0_10  14.43 4.13 1.68 63.13 0.22 0.75 15.40 0.03 0.18 0.03 0.00
SRM_1831_300s_20x20det_2_0_11  14.28 4.16 1.67 63.21 0.21 0.76 15.46 0.03 0.18 0.03 0.00
SRM_1831_300s_20x20det_2_0_12  14.21 4.10 1.68 63.29 0.21 0.75 15.52 0.03 0.18 0.03 0.00
SRM_1831_300s_20x20det_2_0_13  14.04 4.05 1.68 63.43 0.21 0.76 15.57 0.03 0.18 0.03 0.00
SRM_1831_300s_20x20det_2_0_14  14.24 4.12 1.70 63.25 0.21 0.76 15.48 0.03 0.18 0.03 0.00
SRM_1831_300s_20x20det_2_0_15  14.29 4.19 1.69 63.16 0.22 0.76 15.45 0.03 0.18 0.03 0.00
SRM_1831_300s_20x20det_2_0_16  14.48 4.15 1.72 63.08 0.21 0.75 15.37 0.03 0.18 0.03 0.00
SRM_1831_300s_20x20det_2_0_17  14.26 4.20 1.71 63.21 0.21 0.74 15.41 0.04 0.18 0.03 0.00
SRM_1831_300s_20x20det_2_0_18  14.42 4.18 1.73 63.08 0.22 0.75 15.38 0.03 0.18 0.03 0.00
SRM_1831_300s_20x20det_2_0_19  14.41 4.17 1.69 63.15 0.21 0.74 15.39 0.03 0.18 0.03 0.00
SRM_1831_300s_20x20det_2_0_2   14.26 3.99 1.63 63.39 0.21 0.74 15.54 0.03 0.18 0.03 0.00
SRM_1831_300s_20x20det_2_0_3   14.37 4.10 1.70 63.21 0.21 0.75 15.41 0.03 0.18 0.03 0.00
SRM_1831_300s_20x20det_2_0_4   14.46 4.11 1.71 63.12 0.21 0.75 15.39 0.04 0.18 0.03 0.00
SRM_1831_300s_20x20det_2_0_5   14.22 4.18 1.68 63.24 0.22 0.74 15.47 0.03 0.18 0.03 0.00
SRM_1831_300s_20x20det_2_0_6   14.17 4.10 1.74 63.29 0.21 0.75 15.48 0.03 0.18 0.03 0.00
SRM_1831_300s_20x20det_2_0_7   14.13 4.11 1.69 63.33 0.21 0.75 15.52 0.03 0.18 0.03 0.00
SRM_1831_300s_20x20det_2_0_8   14.42 4.16 1.70 63.11 0.21 0.76 15.39 0.03 0.18 0.03 0.00
SRM_1831_300s_20x20det_2_0_9   14.20 4.10 1.69 63.01 0.22 0.77 15.76 0.04 0.19 0.04 0.00
SRM_1831_300s_20x20det_2_10_0  14.26 4.10 1.72 63.22 0.22 0.75 15.48 0.03 0.18 0.03 0.00
SRM_1831_300s_20x20det_2_10_1  14.22 4.18 1.72 63.21 0.21 0.75 15.47 0.03 0.18 0.03 0.00
SRM_1831_300s_20x20det_2_10_10 13.97 4.09 1.66 63.27 0.22 0.77 15.76 0.03 0.19 0.04 0.00
SRM_1831_300s_20x20det_2_10_11 14.24 4.14 1.70 63.22 0.22 0.76 15.47 0.03 0.18 0.03 0.00
SRM_1831_300s_20x20det_2_10_12 14.27 4.16 1.69 63.21 0.21 0.75 15.47 0.03 0.18 0.03 0.00
SRM_1831_300s_20x20det_2_10_13 14.24 4.15 1.71 63.21 0.21 0.76 15.47 0.03 0.18 0.03 0.00
SRM_1831_300s_20x20det_2_10_14 14.26 4.12 1.67 63.24 0.21 0.74 15.50 0.03 0.18 0.03 0.00
SRM_1831_300s_20x20det_2_10_15 14.49 4.09 1.71 63.10 0.22 0.75 15.39 0.03 0.18 0.03 0.00
SRM_1831_300s_20x20det_2_10_16 14.56 4.24 1.72 62.99 0.21 0.75 15.30 0.03 0.18 0.03 0.00
SRM_1831_300s_20x20det_2_10_17 14.41 4.16 1.70 63.09 0.21 0.76 15.42 0.03 0.18 0.03 0.00
SRM_1831_300s_20x20det_2_10_18 14.13 4.22 1.68 63.25 0.21 0.76 15.50 0.03 0.18 0.03 0.00
SRM_1831_300s_20x20det_2_10_19 14.27 4.15 1.69 63.20 0.21 0.74 15.48 0.03 0.18 0.03 0.00
SRM_1831_300s_20x20det_2_10_2  14.15 4.24 1.68 63.24 0.21 0.75 15.47 0.03 0.18 0.03 0.00
SRM_1831_300s_20x20det_2_10_3  14.37 4.09 1.69 63.20 0.21 0.76 15.42 0.03 0.18 0.03 0.00
SRM_1831_300s_20x20det_2_10_4  14.16 4.11 1.72 63.29 0.22 0.75 15.49 0.03 0.18 0.03 0.00
SRM_1831_300s_20x20det_2_10_5  14.55 4.12 1.71 63.05 0.20 0.75 15.36 0.03 0.18 0.03 0.00
SRM_1831_300s_20x20det_2_10_6  14.26 4.04 1.70 63.29 0.21 0.75 15.49 0.03 0.18 0.03 0.00
SRM_1831_300s_20x20det_2_10_7  14.22 4.10 1.69 63.27 0.21 0.75 15.50 0.03 0.18 0.03 0.00
SRM_1831_300s_20x20det_2_10_8  14.35 4.11 1.73 63.15 0.21 0.75 15.43 0.03 0.18 0.03 0.00
SRM_1831_300s_20x20det_2_10_9  14.10 4.17 1.69 63.31 0.22 0.75 15.52 0.03 0.18 0.03 0.00
SRM_1831_300s_20x20det_2_11_0  14.34 4.11 1.73 63.16 0.21 0.76 15.45 0.03 0.18 0.03 0.00
SRM_1831_300s_20x20det_2_11_1  14.54 4.16 1.72 63.01 0.22 0.75 15.36 0.03 0.18 0.03 0.00
SRM_1831_300s_20x20det_2_11_10 14.01 4.13 1.69 63.41 0.21 0.75 15.56 0.03 0.18 0.04 0.00
SRM_1831_300s_20x20det_2_11_11 14.25 4.10 1.70 63.25 0.21 0.76 15.48 0.03 0.18 0.03 0.00
SRM_1831_300s_20x20det_2_11_12 14.34 4.21 1.68 63.14 0.21 0.75 15.42 0.03 0.18 0.03 0.00
SRM_1831_300s_20x20det_2_11_13 14.43 4.13 1.70 63.10 0.22 0.75 15.43 0.03 0.18 0.03 0.00
SRM_1831_300s_20x20det_2_11_14 14.05 4.06 1.72 63.39 0.21 0.75 15.58 0.03 0.18 0.03 0.00
SRM_1831_300s_20x20det_2_11_15 14.16 4.14 1.69 63.29 0.21 0.76 15.52 0.03 0.18 0.03 0.00
SRM_1831_300s_20x20det_2_11_16 13.86 4.01 1.67 63.56 0.22 0.74 15.68 0.03 0.19 0.03 0.00
SRM_1831_300s_20x20det_2_11_17 14.25 4.13 1.69 63.19 0.21 0.75 15.53 0.03 0.18 0.03 0.00
SRM_1831_300s_20x20det_2_11_18 14.17 4.17 1.68 63.28 0.22 0.75 15.47 0.03 0.18 0.03 0.00
SRM_1831_300s_20x20det_2_11_19 14.40 4.14 1.69 63.10 0.21 0.76 15.45 0.03 0.18 0.03 0.00
SRM_1831_300s_20x20det_2_11_2  14.22 4.09 1.72 63.26 0.21 0.75 15.49 0.03 0.18 0.03 0.00
SRM_1831_300s_20x20det_2_11_3  14.15 4.15 1.70 63.30 0.21 0.76 15.49 0.03 0.18 0.03 0.00
SRM_1831_300s_20x20det_2_11_4  14.40 4.10 1.71 63.13 0.22 0.75 15.44 0.03 0.18 0.03 0.00
SRM_1831_300s_20x20det_2_11_5  14.50 4.16 1.70 63.06 0.21 0.75 15.37 0.03 0.18 0.03 0.00
SRM_1831_300s_20x20det_2_11_6  14.47 4.09 1.70 63.10 0.21 0.75 15.41 0.03 0.18 0.03 0.00
SRM_1831_300s_20x20det_2_11_7  14.05 4.14 1.70 63.38 0.21 0.75 15.51 0.03 0.18 0.03 0.00
SRM_1831_300s_20x20det_2_11_8  14.04 4.05 1.69 63.41 0.21 0.75 15.59 0.03 0.18 0.03 0.00
SRM_1831_300s_20x20det_2_11_9  14.26 4.08 1.70 63.26 0.21 0.75 15.48 0.04 0.18 0.03 0.00
SRM_1831_300s_20x20det_2_12_0  14.39 4.19 1.70 63.11 0.21 0.74 15.40 0.03 0.18 0.03 0.00
SRM_1831_300s_20x20det_2_12_1  14.05 4.17 1.69 63.33 0.21 0.76 15.54 0.03 0.18 0.03 0.00
SRM_1831_300s_20x20det_2_12_10 14.27 4.18 1.69 63.21 0.21 0.75 15.44 0.03 0.18 0.03 0.00
SRM_1831_300s_20x20det_2_12_11 14.55 4.18 1.67 63.02 0.20 0.75 15.38 0.03 0.18 0.03 0.00
SRM_1831_300s_20x20det_2_12_12 14.28 4.24 1.71 63.14 0.21 0.75 15.43 0.03 0.18 0.03 0.00
SRM_1831_300s_20x20det_2_12_13 14.00 4.16 1.71 63.37 0.21 0.75 15.56 0.03 0.18 0.03 0.00
SRM_1831_300s_20x20det_2_12_14 14.35 4.13 1.73 63.14 0.21 0.76 15.43 0.03 0.18 0.03 0.00
SRM_1831_300s_20x20det_2_12_15 14.28 4.19 1.70 63.16 0.22 0.74 15.46 0.03 0.18 0.03 0.00
SRM_1831_300s_20x20det_2_12_16 14.34 4.14 1.68 63.17 0.20 0.75 15.46 0.03 0.18 0.03 0.00
SRM_1831_300s_20x20det_2_12_17 14.39 4.11 1.73 63.16 0.21 0.75 15.40 0.03 0.18 0.03 0.00
SRM_1831_300s_20x20det_2_12_18 14.56 4.20 1.66 63.01 0.21 0.75 15.36 0.03 0.18 0.03 0.00
SRM_1831_300s_20x20det_2_12_19 14.44 4.09 1.66 63.16 0.20 0.75 15.44 0.03 0.18 0.03 0.00
SRM_1831_300s_20x20det_2_12_2  13.94 4.16 1.74 63.37 0.21 0.76 15.56 0.03 0.18 0.03 0.00
SRM_1831_300s_20x20det_2_12_3  14.38 4.21 1.73 63.09 0.21 0.75 15.38 0.03 0.18 0.03 0.00
SRM_1831_300s_20x20det_2_12_4  14.11 4.18 1.73 63.29 0.22 0.74 15.48 0.03 0.18 0.03 0.00
SRM_1831_300s_20x20det_2_12_5  13.92 4.09 1.71 63.44 0.22 0.75 15.62 0.03 0.18 0.03 0.00
SRM_1831_300s_20x20det_2_12_6  14.45 4.26 1.72 63.01 0.21 0.74 15.36 0.03 0.18 0.03 0.00
SRM_1831_300s_20x20det_2_12_7  14.10 4.15 1.72 63.32 0.21 0.75 15.50 0.03 0.18 0.03 0.00
SRM_1831_300s_20x20det_2_12_8  14.13 4.07 1.69 63.36 0.21 0.75 15.54 0.03 0.18 0.03 0.00
SRM_1831_300s_20x20det_2_12_9  14.09 4.23 1.71 63.28 0.21 0.75 15.47 0.03 0.18 0.03 0.00
SRM_1831_300s_20x20det_2_13_0  14.06 3.97 1.66 63.49 0.20 0.75 15.61 0.03 0.18 0.03 0.00
SRM_1831_300s_20x20det_2_13_1  14.17 4.16 1.73 63.26 0.21 0.76 15.47 0.04 0.18 0.03 0.00
SRM_1831_300s_20x20det_2_13_10 14.37 4.18 1.71 63.13 0.21 0.74 15.40 0.03 0.18 0.03 0.00
SRM_1831_300s_20x20det_2_13_11 14.27 4.14 1.68 63.22 0.22 0.76 15.47 0.03 0.18 0.03 0.00
SRM_1831_300s_20x20det_2_13_12 14.11 4.13 1.70 63.28 0.21 0.75 15.56 0.03 0.18 0.03 0.00
SRM_1831_300s_20x20det_2_13_13 14.06 4.07 1.70 63.40 0.21 0.75 15.56 0.03 0.18 0.03 0.00
SRM_1831_300s_20x20det_2_13_14 14.37 4.14 1.67 63.16 0.22 0.75 15.43 0.04 0.18 0.03 0.00
SRM_1831_300s_20x20det_2_13_15 14.16 4.11 1.73 63.29 0.21 0.75 15.49 0.03 0.18 0.03 0.00
SRM_1831_300s_20x20det_2_13_16 14.20 4.14 1.69 63.28 0.22 0.75 15.48 0.03 0.18 0.03 0.00
SRM_1831_300s_20x20det_2_13_17 14.25 4.10 1.69 63.26 0.21 0.75 15.48 0.03 0.18 0.04 0.00
SRM_1831_300s_20x20det_2_13_18 14.27 4.23 1.71 63.18 0.21 0.75 15.40 0.03 0.18 0.03 0.00
SRM_1831_300s_20x20det_2_13_19 14.38 4.12 1.70 63.17 0.21 0.75 15.43 0.03 0.18 0.03 0.00
SRM_1831_300s_20x20det_2_13_2  14.25 4.17 1.71 63.20 0.22 0.75 15.44 0.03 0.18 0.03 0.00
SRM_1831_300s_20x20det_2_13_3  14.14 4.17 1.69 63.28 0.22 0.75 15.51 0.03 0.18 0.04 0.00
SRM_1831_300s_20x20det_2_13_4  14.02 4.23 1.69 63.32 0.22 0.75 15.52 0.03 0.18 0.03 0.00
SRM_1831_300s_20x20det_2_13_5  14.21 4.11 1.69 63.28 0.21 0.74 15.50 0.03 0.18 0.03 0.00
SRM_1831_300s_20x20det_2_13_6  14.42 4.19 1.70 63.08 0.21 0.75 15.40 0.03 0.18 0.03 0.00
SRM_1831_300s_20x20det_2_13_7  14.20 4.13 1.70 63.24 0.22 0.76 15.50 0.03 0.18 0.03 0.00
SRM_1831_300s_20x20det_2_13_8  14.67 4.16 1.68 62.96 0.21 0.75 15.33 0.03 0.18 0.03 0.00
SRM_1831_300s_20x20det_2_13_9  14.26 4.18 1.71 63.19 0.21 0.75 15.45 0.03 0.18 0.03 0.00
SRM_1831_300s_20x20det_2_14_0  14.62 4.18 1.68 62.99 0.21 0.74 15.34 0.03 0.18 0.03 0.00
SRM_1831_300s_20x20det_2_14_1  14.53 4.21 1.69 63.03 0.21 0.75 15.33 0.03 0.18 0.03 0.00
SRM_1831_300s_20x20det_2_14_10 14.29 4.20 1.69 63.16 0.21 0.75 15.43 0.03 0.18 0.03 0.00
SRM_1831_300s_20x20det_2_14_11 14.14 4.18 1.69 63.26 0.22 0.75 15.51 0.03 0.18 0.03 0.00
SRM_1831_300s_20x20det_2_14_12 13.69 4.17 1.62 63.60 0.19 0.74 15.74 0.03 0.19 0.03 0.00
SRM_1831_300s_20x20det_2_14_13 14.19 4.14 1.71 63.25 0.22 0.76 15.47 0.03 0.18 0.03 0.00
SRM_1831_300s_20x20det_2_14_14 14.06 4.12 1.67 63.37 0.22 0.76 15.54 0.04 0.18 0.03 0.00
SRM_1831_300s_20x20det_2_14_15 14.33 4.12 1.69 63.19 0.21 0.75 15.46 0.03 0.18 0.03 0.00
SRM_1831_300s_20x20det_2_14_16 14.31 4.11 1.73 63.18 0.22 0.76 15.44 0.03 0.18 0.03 0.00
SRM_1831_300s_20x20det_2_14_17 14.14 4.19 1.70 63.28 0.21 0.75 15.48 0.03 0.18 0.03 0.00
SRM_1831_300s_20x20det_2_14_18 14.49 4.02 1.66 63.17 0.21 0.75 15.44 0.03 0.18 0.03 0.00
SRM_1831_300s_20x20det_2_14_19 14.32 4.18 1.69 63.17 0.21 0.75 15.43 0.03 0.18 0.03 0.00
SRM_1831_300s_20x20det_2_14_2  14.18 4.17 1.72 63.26 0.21 0.76 15.46 0.03 0.18 0.03 0.00
SRM_1831_300s_20x20det_2_14_3  14.46 4.22 1.69 63.06 0.22 0.74 15.36 0.03 0.18 0.03 0.00
SRM_1831_300s_20x20det_2_14_4  14.21 4.14 1.68 63.28 0.22 0.76 15.46 0.03 0.18 0.03 0.00
SRM_1831_300s_20x20det_2_14_5  14.16 4.16 1.68 63.29 0.21 0.75 15.49 0.03 0.18 0.03 0.00
SRM_1831_300s_20x20det_2_14_6  14.30 4.17 1.70 63.20 0.22 0.75 15.41 0.03 0.18 0.03 0.00
SRM_1831_300s_20x20det_2_14_7  14.56 4.24 1.71 62.98 0.21 0.75 15.30 0.03 0.18 0.03 0.00
SRM_1831_300s_20x20det_2_14_8  14.05 4.19 1.70 63.33 0.21 0.75 15.52 0.03 0.18 0.03 0.00
SRM_1831_300s_20x20det_2_14_9  14.28 4.01 1.66 63.00 0.22 0.76 15.82 0.04 0.19 0.03 0.00
SRM_1831_300s_20x20det_2_15_0  14.41 4.17 1.68 63.14 0.21 0.75 15.39 0.03 0.18 0.03 0.00
SRM_1831_300s_20x20det_2_15_1  14.02 4.09 1.68 63.40 0.21 0.74 15.60 0.03 0.19 0.03 0.00
SRM_1831_300s_20x20det_2_15_10 14.02 4.13 1.69 63.37 0.21 0.75 15.57 0.03 0.18 0.03 0.00
SRM_1831_300s_20x20det_2_15_11 14.20 4.17 1.71 63.24 0.22 0.75 15.47 0.03 0.18 0.03 0.00
SRM_1831_300s_20x20det_2_15_12 14.13 4.17 1.72 63.28 0.22 0.75 15.48 0.03 0.18 0.03 0.00
SRM_1831_300s_20x20det_2_15_13 14.11 4.13 1.67 63.29 0.21 0.75 15.59 0.03 0.18 0.03 0.00
SRM_1831_300s_20x20det_2_15_14 14.43 4.01 1.69 63.16 0.21 0.76 15.48 0.03 0.18 0.03 0.00
SRM_1831_300s_20x20det_2_15_15 14.17 4.14 1.73 63.28 0.21 0.75 15.47 0.03 0.18 0.03 0.00
SRM_1831_300s_20x20det_2_15_16 14.16 4.12 1.68 63.32 0.22 0.76 15.49 0.03 0.18 0.03 0.00
SRM_1831_300s_20x20det_2_15_17 14.22 4.18 1.72 63.24 0.21 0.75 15.45 0.03 0.18 0.03 0.00
SRM_1831_300s_20x20det_2_15_18 14.29 4.07 1.69 63.26 0.21 0.75 15.48 0.04 0.18 0.03 0.00
SRM_1831_300s_20x20det_2_15_19 14.48 4.09 1.70 63.13 0.21 0.74 15.40 0.03 0.18 0.03 0.00
SRM_1831_300s_20x20det_2_15_2  14.46 4.17 1.66 63.12 0.21 0.75 15.39 0.04 0.18 0.03 0.00
SRM_1831_300s_20x20det_2_15_3  14.52 4.19 1.72 63.02 0.21 0.75 15.35 0.03 0.18 0.03 0.00
SRM_1831_300s_20x20det_2_15_4  14.42 4.27 1.71 63.06 0.21 0.74 15.33 0.03 0.18 0.03 0.00
SRM_1831_300s_20x20det_2_15_5  14.29 4.18 1.69 63.22 0.22 0.75 15.40 0.03 0.18 0.03 0.00
SRM_1831_300s_20x20det_2_15_6  14.31 4.15 1.71 63.16 0.22 0.76 15.44 0.03 0.18 0.04 0.00
SRM_1831_300s_20x20det_2_15_7  14.02 4.13 1.69 63.38 0.21 0.76 15.56 0.03 0.18 0.03 0.00
SRM_1831_300s_20x20det_2_15_8  14.44 4.09 1.70 63.17 0.21 0.75 15.39 0.03 0.18 0.03 0.00
SRM_1831_300s_20x20det_2_15_9  14.50 4.10 1.69 63.10 0.21 0.75 15.40 0.03 0.18 0.03 0.00
SRM_1831_300s_20x20det_2_16_0  14.32 4.11 1.72 63.19 0.22 0.75 15.45 0.03 0.18 0.03 0.00
SRM_1831_300s_20x20det_2_16_1  14.65 4.22 1.65 62.99 0.22 0.72 15.30 0.04 0.18 0.03 0.00
SRM_1831_300s_20x20det_2_16_10 14.32 4.21 1.65 63.20 0.21 0.75 15.41 0.03 0.18 0.03 0.00
SRM_1831_300s_20x20det_2_16_11 14.49 4.14 1.70 63.09 0.21 0.75 15.37 0.04 0.18 0.03 0.00
SRM_1831_300s_20x20det_2_16_12 14.18 4.06 1.71 63.32 0.21 0.75 15.52 0.03 0.18 0.04 0.00
SRM_1831_300s_20x20det_2_16_13 14.41 4.12 1.70 62.97 0.29 0.74 15.51 0.03 0.18 0.03 0.00
SRM_1831_300s_20x20det_2_16_14 14.23 4.17 1.72 63.21 0.21 0.75 15.44 0.03 0.18 0.03 0.00
SRM_1831_300s_20x20det_2_16_15 14.50 4.24 1.72 63.00 0.21 0.75 15.34 0.03 0.18 0.03 0.00
SRM_1831_300s_20x20det_2_16_16 14.27 4.17 1.72 63.19 0.21 0.74 15.43 0.03 0.18 0.03 0.00
SRM_1831_300s_20x20det_2_16_17 14.32 4.22 1.73 63.10 0.22 0.75 15.40 0.03 0.18 0.03 0.00
SRM_1831_300s_20x20det_2_16_18 13.93 4.06 1.68 63.50 0.22 0.77 15.59 0.03 0.18 0.03 0.00
SRM_1831_300s_20x20det_2_16_19 14.17 4.15 1.73 63.25 0.22 0.76 15.49 0.03 0.18 0.03 0.00
SRM_1831_300s_20x20det_2_16_2  14.42 4.14 1.69 63.12 0.22 0.75 15.41 0.03 0.18 0.03 0.00
SRM_1831_300s_20x20det_2_16_3  14.44 4.18 1.66 63.14 0.21 0.74 15.39 0.03 0.18 0.03 0.00
SRM_1831_300s_20x20det_2_16_4  14.32 4.07 1.67 63.25 0.21 0.74 15.48 0.03 0.18 0.04 0.00
SRM_1831_300s_20x20det_2_16_5  14.33 4.12 1.70 63.20 0.21 0.75 15.45 0.03 0.18 0.03 0.00
SRM_1831_300s_20x20det_2_16_6  14.23 4.08 1.70 63.27 0.21 0.75 15.51 0.03 0.18 0.03 0.00
SRM_1831_300s_20x20det_2_16_7  14.19 4.14 1.71 63.25 0.22 0.76 15.48 0.04 0.18 0.03 0.00
SRM_1831_300s_20x20det_2_16_8  14.50 4.17 1.71 63.05 0.21 0.75 15.36 0.03 0.18 0.03 0.00
SRM_1831_300s_20x20det_2_16_9  14.39 4.11 1.70 63.14 0.21 0.75 15.43 0.03 0.18 0.03 0.00
SRM_1831_300s_20x20det_2_17_0  14.35 4.08 1.70 63.20 0.21 0.74 15.46 0.03 0.18 0.03 0.00
SRM_1831_300s_20x20det_2_17_1  14.30 4.11 1.69 63.24 0.21 0.75 15.45 0.03 0.18 0.03 0.00
SRM_1831_300s_20x20det_2_17_10 14.19 4.21 1.70 63.21 0.21 0.76 15.48 0.04 0.18 0.03 0.00
SRM_1831_300s_20x20det_2_17_11 14.27 4.16 1.71 63.21 0.22 0.76 15.43 0.03 0.18 0.03 0.00
SRM_1831_300s_20x20det_2_17_12 14.32 4.13 1.68 63.20 0.21 0.76 15.45 0.03 0.18 0.04 0.00
SRM_1831_300s_20x20det_2_17_13 14.22 4.01 1.68 63.31 0.21 0.76 15.55 0.03 0.18 0.03 0.00
SRM_1831_300s_20x20det_2_17_14 14.48 4.09 1.68 63.14 0.21 0.75 15.41 0.03 0.18 0.03 0.00
SRM_1831_300s_20x20det_2_17_15 14.54 4.18 1.68 63.00 0.21 0.75 15.39 0.03 0.18 0.03 0.00
SRM_1831_300s_20x20det_2_17_16 14.45 4.12 1.70 63.12 0.21 0.75 15.40 0.03 0.18 0.03 0.00
SRM_1831_300s_20x20det_2_17_17 14.39 4.10 1.71 63.16 0.21 0.75 15.43 0.03 0.18 0.03 0.00
SRM_1831_300s_20x20det_2_17_18 14.35 4.20 1.70 63.11 0.21 0.76 15.43 0.03 0.18 0.03 0.00
SRM_1831_300s_20x20det_2_17_19 14.24 4.17 1.72 63.18 0.22 0.76 15.47 0.03 0.18 0.03 0.00
SRM_1831_300s_20x20det_2_17_2  14.28 4.09 1.70 63.23 0.22 0.76 15.48 0.03 0.18 0.03 0.00
SRM_1831_300s_20x20det_2_17_3  14.11 4.14 1.71 63.30 0.22 0.75 15.53 0.03 0.18 0.03 0.00
SRM_1831_300s_20x20det_2_17_4  14.44 4.14 1.69 63.11 0.21 0.76 15.41 0.03 0.18 0.03 0.00
SRM_1831_300s_20x20det_2_17_5  14.44 4.17 1.69 63.11 0.21 0.75 15.38 0.03 0.18 0.03 0.00
SRM_1831_300s_20x20det_2_17_6  14.35 4.20 1.70 63.15 0.21 0.75 15.39 0.03 0.18 0.03 0.00
SRM_1831_300s_20x20det_2_17_7  14.32 4.16 1.66 63.18 0.21 0.75 15.47 0.03 0.18 0.03 0.00
SRM_1831_300s_20x20det_2_17_8  14.44 4.12 1.70 63.11 0.21 0.75 15.43 0.03 0.18 0.03 0.00
SRM_1831_300s_20x20det_2_17_9  14.44 4.20 1.71 63.05 0.21 0.75 15.40 0.03 0.18 0.03 0.00
SRM_1831_300s_20x20det_2_18_0  14.27 4.13 1.67 63.24 0.21 0.76 15.47 0.03 0.18 0.03 0.00
SRM_1831_300s_20x20det_2_18_1  14.42 4.11 1.70 63.13 0.22 0.74 15.42 0.03 0.18 0.04 0.00
SRM_1831_300s_20x20det_2_18_10 14.15 4.14 1.70 63.31 0.21 0.75 15.48 0.03 0.18 0.03 0.00
SRM_1831_300s_20x20det_2_18_11 14.44 4.11 1.70 63.14 0.21 0.75 15.40 0.03 0.18 0.03 0.00
SRM_1831_300s_20x20det_2_18_12 14.28 4.22 1.70 63.13 0.21 0.75 15.45 0.03 0.18 0.03 0.00
SRM_1831_300s_20x20det_2_18_13 14.51 4.09 1.71 63.10 0.22 0.75 15.37 0.03 0.18 0.03 0.00
SRM_1831_300s_20x20det_2_18_14 14.33 4.20 1.71 63.14 0.21 0.75 15.41 0.03 0.18 0.03 0.00
SRM_1831_300s_20x20det_2_18_15 14.10 4.12 1.68 63.36 0.21 0.75 15.53 0.03 0.18 0.04 0.00
SRM_1831_300s_20x20det_2_18_16 14.41 4.13 1.67 63.15 0.21 0.76 15.42 0.03 0.18 0.03 0.00
SRM_1831_300s_20x20det_2_18_17 14.04 4.16 1.69 63.38 0.22 0.76 15.50 0.03 0.18 0.03 0.00
SRM_1831_300s_20x20det_2_18_18 14.22 4.10 1.70 63.26 0.21 0.76 15.50 0.03 0.18 0.03 0.00
SRM_1831_300s_20x20det_2_18_19 14.39 4.14 1.72 63.12 0.21 0.74 15.41 0.04 0.18 0.03 0.00
SRM_1831_300s_20x20det_2_18_2  14.30 4.08 1.72 63.22 0.21 0.75 15.48 0.03 0.18 0.03 0.00
SRM_1831_300s_20x20det_2_18_3  14.33 4.19 1.68 63.17 0.21 0.75 15.42 0.03 0.18 0.03 0.00
SRM_1831_300s_20x20det_2_18_4  14.35 4.05 1.70 63.22 0.21 0.76 15.46 0.03 0.18 0.03 0.00
SRM_1831_300s_20x20det_2_18_5  14.62 4.07 1.70 63.03 0.21 0.75 15.36 0.03 0.18 0.03 0.00
SRM_1831_300s_20x20det_2_18_6  14.24 4.15 1.71 63.23 0.21 0.75 15.46 0.03 0.18 0.03 0.00
SRM_1831_300s_20x20det_2_18_7  14.39 4.18 1.65 63.09 0.21 0.75 15.48 0.03 0.18 0.03 0.00
SRM_1831_300s_20x20det_2_18_8  14.24 4.15 1.72 63.22 0.21 0.75 15.45 0.03 0.18 0.03 0.00
SRM_1831_300s_20x20det_2_18_9  14.16 4.12 1.71 63.26 0.23 0.76 15.50 0.03 0.18 0.03 0.00
SRM_1831_300s_20x20det_2_19_0  14.51 4.16 1.68 63.05 0.21 0.75 15.40 0.03 0.18 0.03 0.00
SRM_1831_300s_20x20det_2_19_1  14.24 4.16 1.70 63.22 0.22 0.75 15.46 0.03 0.18 0.03 0.00
SRM_1831_300s_20x20det_2_19_10 14.33 4.19 1.71 63.14 0.21 0.75 15.43 0.03 0.18 0.03 0.00
SRM_1831_300s_20x20det_2_19_11 14.26 4.15 1.68 63.23 0.22 0.75 15.46 0.03 0.18 0.03 0.00
SRM_1831_300s_20x20det_2_19_12 14.33 4.12 1.73 63.18 0.22 0.76 15.42 0.03 0.18 0.03 0.00
SRM_1831_300s_20x20det_2_19_13 14.29 4.15 1.66 63.25 0.21 0.75 15.44 0.03 0.18 0.03 0.00
SRM_1831_300s_20x20det_2_19_14 13.88 4.08 1.70 63.54 0.20 0.76 15.59 0.03 0.19 0.03 0.00
SRM_1831_300s_20x20det_2_19_15 14.57 4.13 1.68 63.04 0.21 0.74 15.37 0.03 0.18 0.03 0.00
SRM_1831_300s_20x20det_2_19_16 14.29 4.14 1.66 63.26 0.21 0.75 15.43 0.03 0.18 0.03 0.00
SRM_1831_300s_20x20det_2_19_17 13.97 4.12 1.70 63.43 0.22 0.77 15.55 0.03 0.18 0.04 0.00
SRM_1831_300s_20x20det_2_19_18 14.46 4.24 1.70 63.05 0.22 0.75 15.34 0.03 0.18 0.03 0.00
SRM_1831_300s_20x20det_2_19_19 14.04 4.15 1.67 63.37 0.21 0.76 15.55 0.03 0.18 0.04 0.00
SRM_1831_300s_20x20det_2_19_2  14.32 4.12 1.71 63.18 0.22 0.75 15.45 0.03 0.18 0.03 0.00
SRM_1831_300s_20x20det_2_19_3  14.30 4.22 1.70 63.15 0.21 0.76 15.42 0.03 0.18 0.03 0.00
SRM_1831_300s_20x20det_2_19_4  14.21 4.11 1.71 63.25 0.22 0.76 15.50 0.03 0.18 0.03 0.00
SRM_1831_300s_20x20det_2_19_5  14.09 4.12 1.74 63.31 0.21 0.76 15.52 0.03 0.18 0.03 0.00
SRM_1831_300s_20x20det_2_19_6  14.30 4.11 1.70 63.19 0.21 0.76 15.48 0.03 0.18 0.03 0.00
SRM_1831_300s_20x20det_2_19_7  14.17 4.12 1.67 63.30 0.22 0.76 15.51 0.03 0.18 0.03 0.00
SRM_1831_300s_20x20det_2_19_8  14.34 4.06 1.71 63.21 0.21 0.75 15.47 0.03 0.18 0.03 0.00
SRM_1831_300s_20x20det_2_19_9  14.38 4.12 1.69 63.16 0.21 0.75 15.43 0.03 0.18 0.03 0.00
SRM_1831_300s_20x20det_2_1_0   14.31 4.09 1.67 63.20 0.21 0.76 15.51 0.03 0.18 0.03 0.00
SRM_1831_300s_20x20det_2_1_1   14.27 3.99 1.67 63.32 0.22 0.75 15.52 0.03 0.18 0.03 0.00
SRM_1831_300s_20x20det_2_1_10  14.19 4.14 1.71 63.24 0.21 0.75 15.52 0.03 0.18 0.03 0.00
SRM_1831_300s_20x20det_2_1_11  14.06 4.13 1.68 63.34 0.21 0.76 15.55 0.03 0.18 0.03 0.00
SRM_1831_300s_20x20det_2_1_12  14.08 4.12 1.67 63.33 0.22 0.75 15.57 0.03 0.18 0.04 0.00
SRM_1831_300s_20x20det_2_1_13  14.27 4.10 1.69 63.22 0.22 0.76 15.49 0.03 0.18 0.03 0.00
SRM_1831_300s_20x20det_2_1_14  14.20 4.08 1.70 63.28 0.22 0.75 15.52 0.03 0.18 0.03 0.00
SRM_1831_300s_20x20det_2_1_15  14.31 4.15 1.67 63.21 0.21 0.75 15.45 0.03 0.18 0.03 0.00
SRM_1831_300s_20x20det_2_1_16  14.29 4.16 1.75 63.13 0.22 0.76 15.44 0.03 0.18 0.03 0.00
SRM_1831_300s_20x20det_2_1_17  13.99 4.09 1.68 63.43 0.22 0.75 15.57 0.03 0.18 0.03 0.00
SRM_1831_300s_20x20det_2_1_18  14.07 4.21 1.70 63.30 0.22 0.76 15.49 0.04 0.18 0.03 0.00
SRM_1831_300s_20x20det_2_1_19  14.31 4.09 1.68 63.23 0.21 0.75 15.48 0.03 0.18 0.03 0.00
SRM_1831_300s_20x20det_2_1_2   14.53 4.12 1.69 63.05 0.21 0.74 15.40 0.03 0.18 0.03 0.00
SRM_1831_300s_20x20det_2_1_3   14.23 4.15 1.72 63.22 0.21 0.75 15.46 0.03 0.18 0.03 0.00
SRM_1831_300s_20x20det_2_1_4   14.30 4.06 1.69 63.23 0.21 0.76 15.50 0.03 0.18 0.03 0.00
SRM_1831_300s_20x20det_2_1_5   14.72 4.17 1.72 62.91 0.21 0.74 15.29 0.03 0.18 0.03 0.00
SRM_1831_300s_20x20det_2_1_6   14.02 4.17 1.71 63.33 0.21 0.76 15.55 0.03 0.18 0.03 0.00
SRM_1831_300s_20x20det_2_1_7   14.53 4.07 1.69 63.09 0.21 0.75 15.41 0.03 0.18 0.03 0.00
SRM_1831_300s_20x20det_2_1_8   14.35 4.12 1.71 63.17 0.22 0.75 15.44 0.03 0.18 0.03 0.00
SRM_1831_300s_20x20det_2_1_9   14.64 4.18 1.71 62.96 0.21 0.75 15.32 0.03 0.18 0.03 0.00
SRM_1831_300s_20x20det_2_2_0   14.31 4.16 1.70 63.17 0.21 0.75 15.43 0.03 0.18 0.03 0.00
SRM_1831_300s_20x20det_2_2_1   14.07 4.20 1.70 63.30 0.21 0.76 15.50 0.03 0.18 0.04 0.00
SRM_1831_300s_20x20det_2_2_10  13.92 4.16 1.67 63.44 0.21 0.76 15.59 0.03 0.18 0.03 0.00
SRM_1831_300s_20x20det_2_2_11  14.56 4.13 1.73 62.99 0.20 0.75 15.39 0.03 0.18 0.03 0.00
SRM_1831_300s_20x20det_2_2_12  14.13 4.05 1.66 63.36 0.21 0.76 15.57 0.03 0.18 0.03 0.00
SRM_1831_300s_20x20det_2_2_13  13.99 4.08 1.66 63.45 0.21 0.76 15.60 0.03 0.18 0.03 0.00
SRM_1831_300s_20x20det_2_2_14  14.16 4.13 1.68 63.30 0.21 0.75 15.52 0.03 0.18 0.03 0.00
SRM_1831_300s_20x20det_2_2_15  14.02 4.14 1.70 63.38 0.21 0.76 15.53 0.03 0.18 0.03 0.00
SRM_1831_300s_20x20det_2_2_16  14.30 4.19 1.66 63.16 0.21 0.75 15.47 0.03 0.18 0.03 0.00
SRM_1831_300s_20x20det_2_2_17  14.43 4.16 1.72 63.09 0.21 0.75 15.40 0.03 0.18 0.03 0.00
SRM_1831_300s_20x20det_2_2_18  14.12 4.14 1.72 63.26 0.21 0.76 15.54 0.03 0.18 0.03 0.00
SRM_1831_300s_20x20det_2_2_19  14.23 4.13 1.71 63.23 0.21 0.76 15.49 0.03 0.18 0.03 0.00
SRM_1831_300s_20x20det_2_2_2   14.08 4.21 1.68 63.29 0.22 0.76 15.51 0.03 0.18 0.04 0.00
SRM_1831_300s_20x20det_2_2_3   14.23 4.17 1.69 63.21 0.21 0.75 15.49 0.03 0.18 0.03 0.00
SRM_1831_300s_20x20det_2_2_4   14.44 4.16 1.67 63.11 0.21 0.75 15.40 0.03 0.18 0.03 0.00
SRM_1831_300s_20x20det_2_2_5   11.93 3.75 1.70 64.84 0.24 0.78 16.50 0.03 0.20 0.03 0.00
SRM_1831_300s_20x20det_2_2_6   14.01 4.17 1.70 63.35 0.21 0.76 15.55 0.04 0.18 0.04 0.00
SRM_1831_300s_20x20det_2_2_7   14.26 4.14 1.71 63.22 0.21 0.76 15.46 0.03 0.18 0.03 0.00
SRM_1831_300s_20x20det_2_2_8   14.49 4.15 1.71 63.05 0.21 0.75 15.40 0.03 0.18 0.03 0.00
SRM_1831_300s_20x20det_2_2_9   14.40 4.06 1.73 63.14 0.22 0.75 15.45 0.03 0.18 0.03 0.00
SRM_1831_300s_20x20det_2_3_0   14.17 4.07 1.67 63.32 0.22 0.76 15.53 0.03 0.18 0.03 0.00
SRM_1831_300s_20x20det_2_3_1   14.38 4.16 1.69 63.12 0.22 0.75 15.43 0.03 0.18 0.03 0.00
SRM_1831_300s_20x20det_2_3_10  13.87 4.22 1.70 63.41 0.21 0.76 15.57 0.03 0.18 0.03 0.00
SRM_1831_300s_20x20det_2_3_11  14.37 4.12 1.67 63.16 0.21 0.76 15.46 0.03 0.18 0.03 0.00
SRM_1831_300s_20x20det_2_3_12  14.42 4.19 1.70 63.09 0.21 0.75 15.40 0.03 0.18 0.03 0.00
SRM_1831_300s_20x20det_2_3_13  14.33 4.15 1.70 63.14 0.22 0.76 15.45 0.04 0.18 0.03 0.00
SRM_1831_300s_20x20det_2_3_14  14.20 4.16 1.67 63.25 0.21 0.75 15.50 0.03 0.18 0.03 0.00
SRM_1831_300s_20x20det_2_3_15  14.28 4.15 1.69 63.21 0.21 0.75 15.46 0.03 0.18 0.03 0.00
SRM_1831_300s_20x20det_2_3_16  13.81 4.12 1.69 63.50 0.21 0.76 15.66 0.03 0.18 0.03 0.00
SRM_1831_300s_20x20det_2_3_17  14.38 4.24 1.68 63.08 0.21 0.75 15.41 0.03 0.18 0.03 0.00
SRM_1831_300s_20x20det_2_3_18  14.39 4.14 1.73 63.11 0.21 0.75 15.43 0.03 0.18 0.03 0.00
SRM_1831_300s_20x20det_2_3_19  13.99 4.22 1.70 63.33 0.21 0.76 15.53 0.03 0.19 0.03 0.00
SRM_1831_300s_20x20det_2_3_2   14.08 4.20 1.70 63.29 0.22 0.74 15.52 0.03 0.18 0.04 0.00
SRM_1831_300s_20x20det_2_3_3   14.34 4.08 1.74 63.18 0.21 0.75 15.46 0.03 0.18 0.03 0.00
SRM_1831_300s_20x20det_2_3_4   14.16 4.11 1.68 63.31 0.22 0.75 15.53 0.03 0.18 0.03 0.00
SRM_1831_300s_20x20det_2_3_5   14.59 4.16 1.71 62.98 0.22 0.75 15.35 0.03 0.18 0.03 0.00
SRM_1831_300s_20x20det_2_3_6   14.18 4.07 1.71 63.27 0.22 0.75 15.55 0.04 0.18 0.03 0.00
SRM_1831_300s_20x20det_2_3_7   14.15 4.15 1.71 63.27 0.21 0.76 15.50 0.03 0.18 0.03 0.00
SRM_1831_300s_20x20det_2_3_8   14.27 4.12 1.68 63.22 0.21 0.75 15.49 0.03 0.18 0.03 0.00
SRM_1831_300s_20x20det_2_3_9   14.40 4.14 1.67 63.15 0.21 0.75 15.43 0.03 0.18 0.03 0.00
SRM_1831_300s_20x20det_2_4_0   14.35 4.11 1.71 63.18 0.21 0.75 15.45 0.03 0.18 0.03 0.00
SRM_1831_300s_20x20det_2_4_1   14.27 4.07 1.67 63.26 0.21 0.76 15.53 0.03 0.18 0.03 0.00
SRM_1831_300s_20x20det_2_4_10  14.37 4.14 1.73 63.12 0.21 0.75 15.43 0.03 0.18 0.03 0.00
SRM_1831_300s_20x20det_2_4_11  14.38 4.08 1.70 63.18 0.21 0.75 15.45 0.04 0.18 0.03 0.00
SRM_1831_300s_20x20det_2_4_12  14.26 4.12 1.66 63.23 0.21 0.76 15.51 0.03 0.18 0.03 0.00
SRM_1831_300s_20x20det_2_4_13  14.23 4.08 1.67 63.29 0.21 0.75 15.51 0.03 0.18 0.03 0.00
SRM_1831_300s_20x20det_2_4_14  14.50 4.20 1.69 63.03 0.21 0.76 15.36 0.03 0.18 0.03 0.00
SRM_1831_300s_20x20det_2_4_15  14.13 4.09 1.69 63.31 0.21 0.76 15.54 0.03 0.18 0.03 0.00
SRM_1831_300s_20x20det_2_4_16  14.09 4.15 1.70 63.13 0.22 0.76 15.70 0.03 0.19 0.04 0.00
SRM_1831_300s_20x20det_2_4_17  14.35 4.13 1.69 63.17 0.21 0.76 15.45 0.03 0.18 0.03 0.00
SRM_1831_300s_20x20det_2_4_18  14.23 4.13 1.71 63.23 0.22 0.75 15.49 0.03 0.18 0.03 0.00
SRM_1831_300s_20x20det_2_4_19  14.31 4.07 1.69 63.24 0.21 0.74 15.49 0.03 0.18 0.03 0.00
SRM_1831_300s_20x20det_2_4_2   14.50 4.18 1.69 63.02 0.21 0.75 15.41 0.03 0.18 0.03 0.00
SRM_1831_300s_20x20det_2_4_3   14.21 4.16 1.70 63.24 0.21 0.75 15.48 0.03 0.18 0.03 0.00
SRM_1831_300s_20x20det_2_4_4   14.22 4.13 1.73 63.23 0.20 0.75 15.48 0.03 0.18 0.03 0.00
SRM_1831_300s_20x20det_2_4_5   14.30 4.12 1.71 63.18 0.21 0.76 15.46 0.03 0.18 0.03 0.00
SRM_1831_300s_20x20det_2_4_6   14.24 4.25 1.71 63.16 0.21 0.75 15.43 0.03 0.18 0.03 0.00
SRM_1831_300s_20x20det_2_4_7   14.27 4.07 1.68 63.27 0.21 0.75 15.50 0.03 0.18 0.03 0.00
SRM_1831_300s_20x20det_2_4_8   14.11 4.10 1.68 63.34 0.21 0.75 15.55 0.03 0.18 0.03 0.00
SRM_1831_300s_20x20det_2_4_9   14.42 4.07 1.71 63.11 0.22 0.76 15.47 0.03 0.18 0.03 0.00
SRM_1831_300s_20x20det_2_5_0   14.16 4.10 1.70 63.29 0.21 0.76 15.52 0.04 0.18 0.03 0.00
SRM_1831_300s_20x20det_2_5_1   14.29 4.07 1.65 63.26 0.21 0.76 15.51 0.03 0.18 0.03 0.00
SRM_1831_300s_20x20det_2_5_10  14.31 4.20 1.71 63.13 0.22 0.75 15.43 0.03 0.18 0.03 0.00
SRM_1831_300s_20x20det_2_5_11  14.35 4.11 1.69 63.15 0.22 0.75 15.49 0.03 0.18 0.04 0.00
SRM_1831_300s_20x20det_2_5_12  14.57 4.09 1.70 63.05 0.21 0.74 15.39 0.03 0.18 0.03 0.00
SRM_1831_300s_20x20det_2_5_13  14.28 4.10 1.72 63.18 0.22 0.76 15.50 0.03 0.18 0.03 0.00
SRM_1831_300s_20x20det_2_5_14  14.33 4.15 1.69 63.13 0.22 0.75 15.48 0.03 0.18 0.03 0.00
SRM_1831_300s_20x20det_2_5_15  14.33 4.09 1.69 63.18 0.21 0.76 15.49 0.03 0.18 0.03 0.00
SRM_1831_300s_20x20det_2_5_16  14.23 4.13 1.70 63.25 0.21 0.75 15.48 0.03 0.18 0.03 0.00
SRM_1831_300s_20x20det_2_5_17  14.55 4.18 1.69 63.02 0.21 0.75 15.36 0.03 0.18 0.03 0.00
SRM_1831_300s_20x20det_2_5_18  13.97 4.12 1.69 63.43 0.21 0.76 15.57 0.03 0.18 0.03 0.00
SRM_1831_300s_20x20det_2_5_19  14.35 4.17 1.67 63.16 0.21 0.75 15.44 0.03 0.18 0.03 0.00
SRM_1831_300s_20x20det_2_5_2   14.26 4.12 1.70 63.20 0.21 0.76 15.50 0.03 0.18 0.03 0.00
SRM_1831_300s_20x20det_2_5_3   14.34 4.19 1.70 63.10 0.21 0.76 15.44 0.04 0.18 0.03 0.00
SRM_1831_300s_20x20det_2_5_4   13.69 4.13 1.68 63.19 0.22 0.78 16.04 0.03 0.19 0.04 0.00
SRM_1831_300s_20x20det_2_5_5   14.32 4.06 1.70 63.23 0.21 0.75 15.48 0.03 0.18 0.03 0.00
SRM_1831_300s_20x20det_2_5_6   14.00 4.00 1.66 63.50 0.22 0.76 15.61 0.03 0.18 0.03 0.00
SRM_1831_300s_20x20det_2_5_7   14.20 4.08 1.68 63.31 0.21 0.76 15.52 0.03 0.18 0.03 0.00
SRM_1831_300s_20x20det_2_5_8   14.27 4.16 1.70 63.19 0.21 0.76 15.46 0.03 0.18 0.04 0.00
SRM_1831_300s_20x20det_2_5_9   14.13 4.20 1.71 63.24 0.21 0.75 15.50 0.03 0.18 0.03 0.00
SRM_1831_300s_20x20det_2_6_0   14.15 4.02 1.68 63.36 0.21 0.76 15.58 0.03 0.19 0.03 0.00
SRM_1831_300s_20x20det_2_6_1   14.44 4.14 1.72 63.04 0.21 0.75 15.44 0.03 0.18 0.03 0.00
SRM_1831_300s_20x20det_2_6_10  14.15 4.18 1.68 63.28 0.22 0.76 15.49 0.03 0.18 0.03 0.00
SRM_1831_300s_20x20det_2_6_11  14.23 4.16 1.70 63.23 0.21 0.75 15.46 0.03 0.18 0.04 0.00
SRM_1831_300s_20x20det_2_6_12  14.57 4.19 1.71 62.97 0.21 0.75 15.35 0.03 0.18 0.03 0.00
SRM_1831_300s_20x20det_2_6_13  14.17 4.16 1.69 63.26 0.21 0.75 15.52 0.03 0.18 0.03 0.00
SRM_1831_300s_20x20det_2_6_14  14.18 4.15 1.72 63.25 0.21 0.76 15.48 0.03 0.18 0.03 0.00
SRM_1831_300s_20x20det_2_6_15  14.17 4.09 1.68 63.30 0.21 0.76 15.53 0.03 0.18 0.03 0.00
SRM_1831_300s_20x20det_2_6_16  14.14 4.15 1.72 63.26 0.21 0.75 15.51 0.03 0.18 0.03 0.00
SRM_1831_300s_20x20det_2_6_17  14.47 4.19 1.71 63.07 0.20 0.75 15.37 0.03 0.18 0.03 0.00
SRM_1831_300s_20x20det_2_6_18  13.35 4.19 1.69 63.76 0.21 0.76 15.80 0.03 0.19 0.03 0.00
SRM_1831_300s_20x20det_2_6_19  14.13 4.11 1.68 63.29 0.22 0.76 15.56 0.04 0.18 0.04 0.00
SRM_1831_300s_20x20det_2_6_2   14.29 4.19 1.69 63.18 0.21 0.76 15.44 0.03 0.18 0.03 0.00
SRM_1831_300s_20x20det_2_6_3   14.30 4.26 1.67 63.14 0.21 0.76 15.41 0.03 0.18 0.03 0.00
SRM_1831_300s_20x20det_2_6_4   14.15 4.15 1.71 63.29 0.21 0.74 15.50 0.03 0.18 0.03 0.00
SRM_1831_300s_20x20det_2_6_5   14.35 4.10 1.69 63.19 0.21 0.75 15.45 0.03 0.18 0.03 0.00
SRM_1831_300s_20x20det_2_6_6   14.13 4.13 1.71 63.30 0.21 0.75 15.51 0.03 0.18 0.03 0.00
SRM_1831_300s_20x20det_2_6_7   14.21 4.10 1.72 63.26 0.21 0.76 15.50 0.03 0.18 0.03 0.00
SRM_1831_300s_20x20det_2_6_8   13.93 4.11 1.69 63.45 0.21 0.76 15.60 0.03 0.18 0.03 0.00
SRM_1831_300s_20x20det_2_6_9   14.46 4.12 1.70 63.09 0.21 0.76 15.42 0.03 0.18 0.03 0.00
SRM_1831_300s_20x20det_2_7_0   14.42 4.12 1.68 63.14 0.22 0.75 15.43 0.03 0.18 0.03 0.00
SRM_1831_300s_20x20det_2_7_1   14.15 4.06 1.69 63.37 0.21 0.75 15.51 0.03 0.18 0.03 0.00
SRM_1831_300s_20x20det_2_7_10  13.99 4.15 1.68 63.39 0.21 0.75 15.55 0.04 0.18 0.04 0.00
SRM_1831_300s_20x20det_2_7_11  14.55 4.18 1.68 63.04 0.21 0.75 15.35 0.03 0.18 0.03 0.00
SRM_1831_300s_20x20det_2_7_12  14.16 4.13 1.70 63.29 0.21 0.75 15.51 0.03 0.19 0.04 0.00
SRM_1831_300s_20x20det_2_7_13  14.43 4.16 1.69 63.12 0.21 0.75 15.39 0.03 0.18 0.03 0.00
SRM_1831_300s_20x20det_2_7_14  14.22 4.21 1.72 63.21 0.22 0.75 15.43 0.03 0.18 0.03 0.00
SRM_1831_300s_20x20det_2_7_15  14.12 4.14 1.70 63.27 0.21 0.76 15.55 0.03 0.18 0.04 0.00
SRM_1831_300s_20x20det_2_7_16  13.99 4.09 1.70 63.41 0.21 0.76 15.58 0.03 0.18 0.03 0.00
SRM_1831_300s_20x20det_2_7_17  14.36 4.14 1.71 63.15 0.21 0.74 15.45 0.03 0.18 0.03 0.00
SRM_1831_300s_20x20det_2_7_18  14.61 4.22 1.70 62.94 0.21 0.75 15.32 0.03 0.18 0.03 0.00
SRM_1831_300s_20x20det_2_7_19  14.22 4.13 1.72 63.22 0.22 0.76 15.48 0.03 0.18 0.03 0.00
SRM_1831_300s_20x20det_2_7_2   14.47 4.18 1.68 63.07 0.21 0.75 15.38 0.03 0.18 0.03 0.00
SRM_1831_300s_20x20det_2_7_3   14.19 4.15 1.68 63.25 0.21 0.75 15.52 0.03 0.18 0.03 0.00
SRM_1831_300s_20x20det_2_7_4   14.21 4.14 1.71 63.24 0.21 0.75 15.48 0.03 0.18 0.03 0.00
SRM_1831_300s_20x20det_2_7_5   14.23 4.17 1.72 63.22 0.21 0.75 15.44 0.03 0.18 0.03 0.00
SRM_1831_300s_20x20det_2_7_6   14.12 4.07 1.66 63.37 0.21 0.75 15.57 0.03 0.18 0.03 0.00
SRM_1831_300s_20x20det_2_7_7   14.22 4.12 1.69 63.25 0.21 0.76 15.49 0.03 0.18 0.03 0.00
SRM_1831_300s_20x20det_2_7_8   14.32 4.12 1.67 63.23 0.20 0.75 15.46 0.03 0.18 0.03 0.00
SRM_1831_300s_20x20det_2_7_9   14.15 4.15 1.69 63.27 0.22 0.75 15.50 0.03 0.18 0.03 0.00
SRM_1831_300s_20x20det_2_8_0   14.16 4.23 1.70 63.23 0.21 0.75 15.47 0.03 0.18 0.03 0.00
SRM_1831_300s_20x20det_2_8_1   14.00 4.09 1.71 63.40 0.21 0.75 15.59 0.03 0.18 0.03 0.00
SRM_1831_300s_20x20det_2_8_10  14.04 4.16 1.67 63.33 0.22 0.76 15.56 0.03 0.18 0.03 0.00
SRM_1831_300s_20x20det_2_8_11  14.17 4.08 1.69 63.32 0.21 0.76 15.52 0.03 0.18 0.03 0.00
SRM_1831_300s_20x20det_2_8_12  14.44 4.22 1.73 63.06 0.20 0.74 15.38 0.03 0.18 0.03 0.00
SRM_1831_300s_20x20det_2_8_13  14.43 4.07 1.69 63.16 0.21 0.74 15.45 0.03 0.18 0.03 0.00
SRM_1831_300s_20x20det_2_8_14  14.38 4.14 1.71 63.13 0.21 0.75 15.43 0.03 0.18 0.03 0.00
SRM_1831_300s_20x20det_2_8_15  14.48 4.11 1.69 63.09 0.21 0.74 15.42 0.03 0.18 0.03 0.00
SRM_1831_300s_20x20det_2_8_16  14.16 4.15 1.67 63.28 0.22 0.74 15.52 0.03 0.18 0.03 0.00
SRM_1831_300s_20x20det_2_8_17  14.10 4.13 1.70 63.33 0.21 0.76 15.52 0.03 0.18 0.03 0.00
SRM_1831_300s_20x20det_2_8_18  14.43 4.20 1.72 63.03 0.22 0.75 15.40 0.03 0.18 0.03 0.00
SRM_1831_300s_20x20det_2_8_19  14.26 4.11 1.69 63.24 0.21 0.75 15.48 0.03 0.18 0.03 0.00
SRM_1831_300s_20x20det_2_8_2   14.47 4.16 1.72 63.06 0.21 0.75 15.38 0.03 0.18 0.03 0.00
SRM_1831_300s_20x20det_2_8_3   13.84 4.16 1.72 63.48 0.21 0.76 15.58 0.03 0.18 0.03 0.00
SRM_1831_300s_20x20det_2_8_4   14.19 4.10 1.69 63.30 0.21 0.76 15.50 0.03 0.18 0.03 0.00
SRM_1831_300s_20x20det_2_8_5   14.31 4.07 1.69 63.25 0.20 0.75 15.47 0.03 0.18 0.03 0.00
SRM_1831_300s_20x20det_2_8_6   14.30 4.08 1.71 63.23 0.21 0.74 15.47 0.03 0.18 0.03 0.00
SRM_1831_300s_20x20det_2_8_7   14.38 4.17 1.71 63.13 0.21 0.75 15.40 0.03 0.18 0.03 0.00
SRM_1831_300s_20x20det_2_8_8   14.31 4.14 1.68 63.19 0.21 0.75 15.46 0.03 0.18 0.03 0.00
SRM_1831_300s_20x20det_2_8_9   14.51 4.21 1.68 63.03 0.21 0.75 15.35 0.03 0.18 0.03 0.00
SRM_1831_300s_20x20det_2_9_0   14.03 4.10 1.68 63.37 0.21 0.76 15.60 0.03 0.18 0.03 0.00
SRM_1831_300s_20x20det_2_9_1   14.51 4.19 1.69 63.03 0.22 0.75 15.36 0.03 0.18 0.03 0.00
SRM_1831_300s_20x20det_2_9_10  14.22 4.13 1.71 63.23 0.22 0.75 15.49 0.04 0.18 0.03 0.00
SRM_1831_300s_20x20det_2_9_11  14.19 4.25 1.71 63.18 0.21 0.75 15.47 0.03 0.18 0.03 0.00
SRM_1831_300s_20x20det_2_9_12  13.98 4.13 1.63 63.48 0.22 0.73 15.59 0.03 0.18 0.03 0.00
SRM_1831_300s_20x20det_2_9_13  14.04 4.10 1.68 63.38 0.21 0.77 15.57 0.03 0.18 0.03 0.00
SRM_1831_300s_20x20det_2_9_14  14.22 4.02 1.74 63.27 0.21 0.75 15.51 0.03 0.18 0.03 0.00
SRM_1831_300s_20x20det_2_9_15  13.93 4.10 1.69 63.48 0.21 0.75 15.59 0.03 0.18 0.03 0.00
SRM_1831_300s_20x20det_2_9_16  14.15 4.20 1.71 63.24 0.22 0.76 15.48 0.03 0.18 0.03 0.00
SRM_1831_300s_20x20det_2_9_17  14.06 4.18 1.73 63.21 0.21 0.76 15.59 0.03 0.18 0.03 0.00
SRM_1831_300s_20x20det_2_9_18  14.36 4.06 1.72 63.19 0.21 0.75 15.46 0.03 0.18 0.03 0.00
SRM_1831_300s_20x20det_2_9_19  14.28 4.17 1.70 63.20 0.21 0.75 15.45 0.03 0.18 0.03 0.00
SRM_1831_300s_20x20det_2_9_2   14.01 4.01 1.67 63.15 0.21 0.77 15.92 0.03 0.19 0.04 0.00
SRM_1831_300s_20x20det_2_9_3   14.09 4.04 1.73 63.36 0.22 0.75 15.56 0.03 0.18 0.03 0.00
SRM_1831_300s_20x20det_2_9_4   14.04 4.20 1.70 63.31 0.21 0.75 15.53 0.03 0.18 0.04 0.00
SRM_1831_300s_20x20det_2_9_5   14.53 4.21 1.72 62.97 0.21 0.75 15.35 0.03 0.18 0.03 0.00
SRM_1831_300s_20x20det_2_9_6   14.27 4.22 1.71 63.13 0.22 0.75 15.44 0.04 0.18 0.03 0.00
SRM_1831_300s_20x20det_2_9_7   14.37 4.20 1.70 63.08 0.21 0.76 15.43 0.03 0.18 0.03 0.00
SRM_1831_300s_20x20det_2_9_8   13.83 3.91 1.70 63.65 0.19 0.74 15.72 0.04 0.18 0.03 0.00
SRM_1831_300s_20x20det_2_9_9   14.49 4.17 1.68 63.07 0.22 0.74 15.37 0.03 0.18 0.03 0.00
----------------------------------------------------------------------------------------
Mean value:                    14.26 4.14 1.70 63.22 0.21 0.75 15.48 0.03 0.18 0.03 0.00
Std. Abw.:                      0.21 0.06 0.02  0.15 0.01 0.01  0.10 0.00 0.00 0.00 0.00
Std. Abw. rel. [%]:             1.48 1.35 1.16  0.23 2.91 0.84  0.64 3.17 0.95 1.57 0.00
Conf. interval:                 0.01 0.00 0.00  0.01 0.00 0.00  0.00 0.00 0.00 0.00 0.00
