ROI backgr, sum

Spectrum                                     Na       Mg       Al       Si        S        K       Ca       Ti        Fe        Sr        Rh
--------------------------------------------------------------------------------------------------------------------------------------------
SRM_1831_300s_100_repeat_Rh_FE_D1_0_0     -1450    -1809    -2091    -2147    -2467    -3901    -4237    -5853    -22437    -58977    -26577
SRM_1831_300s_100_repeat_Rh_FE_D1_0_1     -1438    -1797    -2087    -2161    -2524    -3921    -4207    -5629    -22571    -58731    -26653
SRM_1831_300s_100_repeat_Rh_FE_D1_0_10    -1372    -1690    -1914    -1911    -2110    -3732    -4130    -5862    -22368    -58466    -26338
SRM_1831_300s_100_repeat_Rh_FE_D1_0_11    -1407    -1732    -1957    -1948    -2210    -3814    -4138    -5628    -22553    -58438    -26530
SRM_1831_300s_100_repeat_Rh_FE_D1_0_12    -1395    -1729    -1986    -2027    -2353    -3831    -4154    -5825    -21959    -58102    -26620
SRM_1831_300s_100_repeat_Rh_FE_D1_0_13    -1429    -1779    -2050    -2099    -2430    -3917    -4253    -5929    -22496    -58462    -26331
SRM_1831_300s_100_repeat_Rh_FE_D1_0_14    -1385    -1718    -1969    -1995    -2347    -3858    -4210    -5577    -22008    -58545    -25932
SRM_1831_300s_100_repeat_Rh_FE_D1_0_15    -1441    -1798    -2079    -2137    -2490    -3966    -4304    -5691    -22363    -58724    -26518
SRM_1831_300s_100_repeat_Rh_FE_D1_0_16    -1401    -1735    -1987    -2019    -2367    -3938    -4282    -5971    -22352    -58525    -26729
SRM_1831_300s_100_repeat_Rh_FE_D1_0_17    -1397    -1739    -2009    -2066    -2366    -3860    -4236    -5939    -22558    -58613    -26194
SRM_1831_300s_100_repeat_Rh_FE_D1_0_18    -1416    -1770    -2053    -2117    -2474    -3852    -4202    -5799    -22763    -58349    -26800
SRM_1831_300s_100_repeat_Rh_FE_D1_0_19    -1414    -1760    -2028    -2073    -2433    -3846    -4145    -5777    -22802    -58579    -26499
SRM_1831_300s_100_repeat_Rh_FE_D1_0_2     -1412    -1754    -2018    -2063    -2360    -3856    -4201    -5772    -22749    -58354    -26429
SRM_1831_300s_100_repeat_Rh_FE_D1_0_20    -1418    -1764    -2026    -2057    -2406    -3889    -4229    -5956    -22735    -58532    -26024
SRM_1831_300s_100_repeat_Rh_FE_D1_0_21    -1433    -1794    -2089    -2172    -2576    -3927    -4247    -5958    -22818    -58827    -26491
SRM_1831_300s_100_repeat_Rh_FE_D1_0_22    -1465    -1821    -2101    -2159    -2491    -3880    -4199    -5876    -22513    -58450    -26312
SRM_1831_300s_100_repeat_Rh_FE_D1_0_23    -1430    -1782    -2052    -2091    -2450    -3822    -4118    -5786    -23140    -58551    -26240
SRM_1831_300s_100_repeat_Rh_FE_D1_0_24    -1406    -1757    -2045    -2128    -2519    -3958    -4295    -5818    -22119    -58604    -26283
SRM_1831_300s_100_repeat_Rh_FE_D1_0_25    -1438    -1775    -2023    -2039    -2368    -3944    -4268    -5863    -22660    -58417    -26750
SRM_1831_300s_100_repeat_Rh_FE_D1_0_26    -1433    -1779    -2033    -2047    -2404    -3903    -4253    -5844    -22868    -58807    -26552
SRM_1831_300s_100_repeat_Rh_FE_D1_0_27    -1411    -1751    -2009    -2047    -2375    -3932    -4310    -5881    -22558    -58710    -26689
SRM_1831_300s_100_repeat_Rh_FE_D1_0_28    -1414    -1759    -2030    -2086    -2451    -3871    -4174    -5680    -22472    -58571    -26482
SRM_1831_300s_100_repeat_Rh_FE_D1_0_29    -1446    -1791    -2053    -2090    -2425    -3968    -4351    -5973    -22339    -58275    -26403
SRM_1831_300s_100_repeat_Rh_FE_D1_0_3     -1409    -1735    -1970    -1977    -2284    -3872    -4199    -5655    -22290    -57800    -26491
SRM_1831_300s_100_repeat_Rh_FE_D1_0_30    -1416    -1757    -2015    -2044    -2405    -3909    -4246    -5851    -22667    -58589    -26430
SRM_1831_300s_100_repeat_Rh_FE_D1_0_31    -1440    -1795    -2074    -2127    -2441    -3850    -4169    -5611    -22660    -58457    -26709
SRM_1831_300s_100_repeat_Rh_FE_D1_0_32    -1412    -1762    -2043    -2104    -2487    -3929    -4265    -5843    -22318    -58560    -26669
SRM_1831_300s_100_repeat_Rh_FE_D1_0_33    -1442    -1795    -2073    -2130    -2479    -4005    -4396    -6003    -22500    -58407    -26429
SRM_1831_300s_100_repeat_Rh_FE_D1_0_34    -1415    -1755    -2012    -2047    -2339    -3842    -4184    -5908    -22399    -58980    -26343
SRM_1831_300s_100_repeat_Rh_FE_D1_0_35    -1400    -1728    -1967    -1980    -2318    -3944    -4303    -5870    -22650    -58259    -26610
SRM_1831_300s_100_repeat_Rh_FE_D1_0_36    -1398    -1735    -1995    -2036    -2370    -3795    -4154    -5812    -22413    -58441    -26486
SRM_1831_300s_100_repeat_Rh_FE_D1_0_37    -1408    -1751    -2020    -2073    -2419    -3885    -4240    -5791    -22302    -58276    -26573
SRM_1831_300s_100_repeat_Rh_FE_D1_0_38    -1421    -1767    -2038    -2093    -2474    -3932    -4199    -5774    -22179    -58155    -25704
SRM_1831_300s_100_repeat_Rh_FE_D1_0_39    -1443    -1797    -2066    -2098    -2336    -3922    -4231    -5699    -22817    -58325    -26415
SRM_1831_300s_100_repeat_Rh_FE_D1_0_4     -1419    -1767    -2037    -2083    -2444    -3829    -4136    -5627    -22600    -58668    -26605
SRM_1831_300s_100_repeat_Rh_FE_D1_0_40    -1408    -1750    -2019    -2071    -2444    -3939    -4301    -5847    -22513    -58463    -26551
SRM_1831_300s_100_repeat_Rh_FE_D1_0_41    -1418    -1756    -2013    -2047    -2389    -3939    -4332    -5913    -22536    -58334    -26631
SRM_1831_300s_100_repeat_Rh_FE_D1_0_42    -1416    -1751    -2005    -2037    -2391    -3945    -4289    -5707    -22514    -58237    -26392
SRM_1831_300s_100_repeat_Rh_FE_D1_0_43    -1418    -1765    -2043    -2107    -2438    -3841    -4179    -5856    -22693    -58752    -26352
SRM_1831_300s_100_repeat_Rh_FE_D1_0_44    -1439    -1788    -2056    -2094    -2467    -3920    -4229    -5753    -22414    -58557    -26067
SRM_1831_300s_100_repeat_Rh_FE_D1_0_45    -1431    -1775    -2030    -2051    -2373    -3907    -4257    -5783    -22623    -58358    -26417
SRM_1831_300s_100_repeat_Rh_FE_D1_0_46    -1413    -1748    -1999    -2026    -2305    -3860    -4222    -5889    -21746    -58727    -26558
SRM_1831_300s_100_repeat_Rh_FE_D1_0_47    -1437    -1789    -2063    -2111    -2472    -3940    -4299    -5937    -22468    -58640    -26461
SRM_1831_300s_100_repeat_Rh_FE_D1_0_48    -1413    -1769    -2061    -2137    -2457    -3929    -4244    -5588    -22167    -58274    -26256
SRM_1831_300s_100_repeat_Rh_FE_D1_0_49    -1413    -1762    -2044    -2118    -2462    -3890    -4253    -5700    -22505    -58440    -26515
SRM_1831_300s_100_repeat_Rh_FE_D1_0_5     -1461    -1819    -2099    -2151    -2528    -3924    -4228    -5823    -22427    -58645    -26253
SRM_1831_300s_100_repeat_Rh_FE_D1_0_50    -1406    -1760    -2046    -2119    -2445    -3907    -4274    -5912    -22683    -58505    -26188
SRM_1831_300s_100_repeat_Rh_FE_D1_0_51    -1399    -1732    -1980    -2007    -2332    -3795    -4113    -5780    -22772    -58660    -26427
SRM_1831_300s_100_repeat_Rh_FE_D1_0_52    -1432    -1784    -2062    -2123    -2476    -3846    -4176    -5691    -22477    -58530    -26244
SRM_1831_300s_100_repeat_Rh_FE_D1_0_53    -1426    -1778    -2054    -2111    -2470    -3889    -4204    -5802    -22279    -58672    -26478
SRM_1831_300s_100_repeat_Rh_FE_D1_0_54    -1429    -1775    -2044    -2095    -2407    -3902    -4262    -5984    -22187    -58477    -26673
SRM_1831_300s_100_repeat_Rh_FE_D1_0_55    -1464    -1825    -2112    -2176    -2547    -3997    -4356    -5725    -22560    -58685    -26562
SRM_1831_300s_100_repeat_Rh_FE_D1_0_56    -1423    -1753    -1988    -1985    -2272    -3811    -4161    -5909    -22696    -58564    -26446
SRM_1831_300s_100_repeat_Rh_FE_D1_0_57    -1402    -1748    -2018    -2069    -2432    -3916    -4273    -5958    -23145    -58623    -26559
SRM_1831_300s_100_repeat_Rh_FE_D1_0_58    -1420    -1778    -2070    -2150    -2557    -3892    -4184    -5657    -22509    -58561    -26474
SRM_1831_300s_100_repeat_Rh_FE_D1_0_59    -1422    -1765    -2027    -2065    -2398    -3886    -4214    -5838    -22269    -58473    -26774
SRM_1831_300s_100_repeat_Rh_FE_D1_0_6     -1455    -1815    -2102    -2167    -2546    -4016    -4387    -5831    -22365    -58456    -26698
SRM_1831_300s_100_repeat_Rh_FE_D1_0_60    -1420    -1766    -2038    -2092    -2380    -3854    -4228    -5711    -22546    -58587    -26792
SRM_1831_300s_100_repeat_Rh_FE_D1_0_61    -1406    -1735    -1982    -2009    -2313    -3837    -4174    -5957    -22619    -58632    -26419
SRM_1831_300s_100_repeat_Rh_FE_D1_0_62    -1400    -1732    -1980    -2006    -2278    -3757    -4099    -5646    -22477    -58321    -25823
SRM_1831_300s_100_repeat_Rh_FE_D1_0_63    -1409    -1747    -2006    -2043    -2356    -3882    -4229    -5919    -22709    -58208    -26253
SRM_1831_300s_100_repeat_Rh_FE_D1_0_64    -1382    -1716    -1971    -2011    -2335    -3814    -4117    -5713    -22195    -58643    -26442
SRM_1831_300s_100_repeat_Rh_FE_D1_0_65    -1402    -1744    -2005    -2042    -2389    -3892    -4248    -5880    -22117    -58822    -26482
SRM_1831_300s_100_repeat_Rh_FE_D1_0_66    -1414    -1757    -2022    -2068    -2407    -3968    -4320    -5679    -22514    -58490    -26751
SRM_1831_300s_100_repeat_Rh_FE_D1_0_67    -1378    -1710    -1965    -2004    -2300    -3873    -4284    -5952    -22648    -58076    -26009
SRM_1831_300s_100_repeat_Rh_FE_D1_0_68    -1444    -1798    -2076    -2134    -2450    -3777    -4056    -5638    -22440    -58565    -26411
SRM_1831_300s_100_repeat_Rh_FE_D1_0_69    -1418    -1768    -2042    -2093    -2415    -3874    -4224    -5627    -22690    -58300    -26377
SRM_1831_300s_100_repeat_Rh_FE_D1_0_7     -1430    -1779    -2045    -2081    -2448    -3974    -4359    -6075    -22518    -58470    -26072
SRM_1831_300s_100_repeat_Rh_FE_D1_0_70    -1393    -1719    -1957    -1972    -2297    -4021    -4468    -6081    -21807    -58680    -26194
SRM_1831_300s_100_repeat_Rh_FE_D1_0_71    -1433    -1779    -2035    -2053    -2392    -3970    -4330    -5648    -22371    -58544    -26717
SRM_1831_300s_100_repeat_Rh_FE_D1_0_72    -1436    -1795    -2082    -2147    -2519    -3951    -4275    -5882    -22351    -58536    -26437
SRM_1831_300s_100_repeat_Rh_FE_D1_0_73    -1454    -1819    -2112    -2184    -2548    -3998    -4328    -5988    -22437    -57956    -26023
SRM_1831_300s_100_repeat_Rh_FE_D1_0_74    -1401    -1741    -2003    -2045    -2409    -3943    -4334    -6034    -22589    -58410    -26778
SRM_1831_300s_100_repeat_Rh_FE_D1_0_75    -1432    -1776    -2039    -2078    -2392    -3855    -4175    -5851    -22637    -58203    -26542
SRM_1831_300s_100_repeat_Rh_FE_D1_0_76    -1466    -1838    -2145    -2232    -2528    -3902    -4251    -5814    -22416    -58597    -25943
SRM_1831_300s_100_repeat_Rh_FE_D1_0_77    -1397    -1742    -2014    -2072    -2395    -3809    -4131    -5873    -22728    -58421    -26211
SRM_1831_300s_100_repeat_Rh_FE_D1_0_78    -1420    -1775    -2064    -2143    -2530    -3898    -4190    -5703    -22436    -58627    -26483
SRM_1831_300s_100_repeat_Rh_FE_D1_0_79    -1411    -1762    -2041    -2106    -2473    -3825    -4166    -5711    -21831    -58450    -26527
SRM_1831_300s_100_repeat_Rh_FE_D1_0_8     -1408    -1730    -1952    -1941    -2212    -3882    -4217    -5743    -22906    -58513    -26675
SRM_1831_300s_100_repeat_Rh_FE_D1_0_80    -1413    -1765    -2050    -2125    -2457    -3869    -4198    -5801    -22669    -58934    -26492
SRM_1831_300s_100_repeat_Rh_FE_D1_0_81    -1412    -1734    -1953    -1936    -2189    -3842    -4178    -5737    -22186    -58513    -26573
SRM_1831_300s_100_repeat_Rh_FE_D1_0_82    -1438    -1794    -2083    -2158    -2515    -3827    -4115    -5852    -22707    -58360    -26237
SRM_1831_300s_100_repeat_Rh_FE_D1_0_83    -1426    -1770    -2032    -2071    -2384    -3835    -4146    -5638    -22389    -58769    -26660
SRM_1831_300s_100_repeat_Rh_FE_D1_0_84    -1400    -1738    -1999    -2042    -2345    -3806    -4108    -5772    -22796    -57791    -26656
SRM_1831_300s_100_repeat_Rh_FE_D1_0_85    -1435    -1793    -2074    -2129    -2510    -3947    -4273    -5944    -22352    -58469    -26554
SRM_1831_300s_100_repeat_Rh_FE_D1_0_86    -1449    -1814    -2110    -2190    -2545    -3977    -4348    -5968    -22884    -58597    -26847
SRM_1831_300s_100_repeat_Rh_FE_D1_0_87    -1393    -1722    -1963    -1978    -2278    -3880    -4252    -5947    -22682    -58670    -26430
SRM_1831_300s_100_repeat_Rh_FE_D1_0_88    -1400    -1749    -2035    -2115    -2472    -3908    -4230    -5710    -22890    -58639    -26427
SRM_1831_300s_100_repeat_Rh_FE_D1_0_89    -1438    -1799    -2090    -2163    -2469    -3959    -4358    -5954    -22706    -58360    -25919
SRM_1831_300s_100_repeat_Rh_FE_D1_0_9     -1423    -1769    -2041    -2094    -2455    -3911    -4277    -5858    -22514    -58232    -26273
SRM_1831_300s_100_repeat_Rh_FE_D1_0_90    -1430    -1782    -2063    -2125    -2450    -3864    -4187    -5848    -22852    -58259    -26360
SRM_1831_300s_100_repeat_Rh_FE_D1_0_91    -1422    -1778    -2068    -2142    -2528    -3890    -4249    -5921    -22429    -58564    -26472
SRM_1831_300s_100_repeat_Rh_FE_D1_0_92    -1438    -1789    -2058    -2096    -2456    -3860    -4139    -5925    -22318    -58414    -26416
SRM_1831_300s_100_repeat_Rh_FE_D1_0_93    -1416    -1759    -2026    -2074    -2386    -3805    -4130    -5583    -22705    -58416    -26104
SRM_1831_300s_100_repeat_Rh_FE_D1_0_94    -1430    -1783    -2067    -2137    -2469    -3798    -4094    -5606    -22233    -58816    -26689
SRM_1831_300s_100_repeat_Rh_FE_D1_0_95    -1410    -1751    -2013    -2053    -2412    -3841    -4160    -5804    -22735    -58451    -26088
SRM_1831_300s_100_repeat_Rh_FE_D1_0_96    -1429    -1782    -2059    -2116    -2497    -3963    -4329    -5967    -22668    -58247    -26232
SRM_1831_300s_100_repeat_Rh_FE_D1_0_97    -1418    -1751    -1986    -1983    -2295    -3803    -4137    -5875    -22287    -58498    -26040
SRM_1831_300s_100_repeat_Rh_FE_D1_0_98    -1410    -1752    -2018    -2066    -2403    -3843    -4174    -5804    -22462    -58615    -26323
SRM_1831_300s_100_repeat_Rh_FE_D1_0_99    -1410    -1756    -2025    -2071    -2448    -3914    -4246    -5697    -22410    -58137    -26498


Mean value:                            -1420.13 -1765.70 -2033.23 -2079.08 -2415.29 -3888.89 -4228.33 -5815.50 -22504.00 -58489.61 -26424.67
Std. Abw.:                                18.98    27.77    42.45    61.63    86.64    59.47    76.55   121.46    253.36    216.28    233.78
Std. Abw. rel. [%]:                       -1.34    -1.57    -2.09    -2.96    -3.59    -1.53    -1.81    -2.09     -1.13     -0.37     -0.88
Conf. interval:                            1.90     2.78     4.25     6.16     8.66     5.95     7.66    12.15     25.34     21.63     23.38
