Net counts

Spectrum                                 Na   Mg   Al      Si    S     K      Ca   Ti      V    Fe    Zn    Sr   Zr    Rh
-------------------------------------------------------------------------------------------------------------------------
SRM_1831_300s_100_repeat_Rh_FE_D1_0_0  6335 6236 5546 1112543 6078 27609 1233238 4236      0 82002  2736 20729 6323 78912
SRM_1831_300s_100_repeat_Rh_FE_D1_0_1  6014 6438 5587 1112072 6011 27667 1234116 4482      0 82140  3199 20160 6350 79185
SRM_1831_300s_100_repeat_Rh_FE_D1_0_10 6321 6279 5771 1105993 6255 27463 1229870 4417    213 81423  3254 21007 6352 79457
SRM_1831_300s_100_repeat_Rh_FE_D1_0_11 6211 6214 5667 1107756 6160 27439 1230043 4374      0 81851  2977 20934 6390 78714
SRM_1831_300s_100_repeat_Rh_FE_D1_0_12 6232 6226 5772 1107482 6051 27730 1231330 4210     13 81927  3329 20268 7446 79068
SRM_1831_300s_100_repeat_Rh_FE_D1_0_13 6161 6348 5449 1104896 6020 27430 1228926 4438      0 82301  3152 20172 5892 79030
SRM_1831_300s_100_repeat_Rh_FE_D1_0_14 6308 6367 5620 1108079 6249 27174 1227886 4567     80 82207  2661 20071 6382 79626
SRM_1831_300s_100_repeat_Rh_FE_D1_0_15 6020 6291 5680 1108249 6103 27779 1233514 4429      8 81823  3418 20260 6261 79087
SRM_1831_300s_100_repeat_Rh_FE_D1_0_16 6021 6190 5745 1109127 6472 27195 1230766 4293     38 82405  3390 20495 6331 78689
SRM_1831_300s_100_repeat_Rh_FE_D1_0_17 5998 6064 5644 1108508 6184 27582 1231596 4215     96 81604  3551 20737 6701 79020
SRM_1831_300s_100_repeat_Rh_FE_D1_0_18 6284 6302 5510 1110374 6281 27663 1232474 4285     39 82206  2908 20699 7356 79257
SRM_1831_300s_100_repeat_Rh_FE_D1_0_19 6350 6080 5666 1110846 6347 27437 1230904 4483    109 81626  3595 20892 6276 79623
SRM_1831_300s_100_repeat_Rh_FE_D1_0_2  5770 6174 5297 1112064 6313 27546 1233030 4226    279 81410  3540 20797 5803 80035
SRM_1831_300s_100_repeat_Rh_FE_D1_0_20 6239 6527 6035 1109926 6240 27241 1232489 4517      0 80975  3589 20356 6867 79571
SRM_1831_300s_100_repeat_Rh_FE_D1_0_21 6339 6372 5689 1109484 6214 27301 1234083 4383    113 81807  3127 20493 7073 79810
SRM_1831_300s_100_repeat_Rh_FE_D1_0_22 5894 5879 5501 1110992 6170 27324 1233644 4368    129 81983  3269 20973 6291 80023
SRM_1831_300s_100_repeat_Rh_FE_D1_0_23 6181 6371 5699 1110197 5992 27576 1232498 4269      1 81593  3635 20930 7505 80150
SRM_1831_300s_100_repeat_Rh_FE_D1_0_24 6308 6456 5723 1109288 6378 27738 1232729 4403    232 81761  3268 20791 6237 80061
SRM_1831_300s_100_repeat_Rh_FE_D1_0_25 6218 6145 5620 1109301 5987 27051 1235535 4335     15 82025  3098 20549 5823 79961
SRM_1831_300s_100_repeat_Rh_FE_D1_0_26 6211 6262 5620 1110112 6071 27611 1232384 4359      0 81900  3244 20817 5891 79710
SRM_1831_300s_100_repeat_Rh_FE_D1_0_27 6364 6173 5437 1110214 6052 27921 1233878 4246    241 82469  3069 20126 6790 79606
SRM_1831_300s_100_repeat_Rh_FE_D1_0_28 5867 6412 5503 1111606 6057 27472 1233638 4160     75 82184  2908 20096 6626 80020
SRM_1831_300s_100_repeat_Rh_FE_D1_0_29 6307 6254 5532 1108462 6152 27250 1232433 4343     56 81655  2780 20526 6798 79603
SRM_1831_300s_100_repeat_Rh_FE_D1_0_3  6111 6183 5485 1110952 6027 27236 1234001 4071    350 82495  3154 20715 6738 78732
SRM_1831_300s_100_repeat_Rh_FE_D1_0_30 6301 6596 5754 1106887 6111 27712 1229625 4790      0 81904  3211 21034 5950 79314
SRM_1831_300s_100_repeat_Rh_FE_D1_0_31 6153 6208 5490 1108723 6248 27275 1233574 4377      0 81262  3507 20781 6148 80483
SRM_1831_300s_100_repeat_Rh_FE_D1_0_32 6242 6163 5610 1110143 6234 27404 1231690 4370    171 82122  3472 20632 6356 79946
SRM_1831_300s_100_repeat_Rh_FE_D1_0_33 6029 6086 5622 1110128 6161 27364 1233820 4187     27 82569  3366 20903 6398 80568
SRM_1831_300s_100_repeat_Rh_FE_D1_0_34 6295 6512 5288 1108261 6356 27129 1233546 4511    193 81903  3270 20527 6157 80719
SRM_1831_300s_100_repeat_Rh_FE_D1_0_35 6145 6105 5775 1111880 6007 27479 1232334 4351    133 81999  4112 19852 6899 79627
SRM_1831_300s_100_repeat_Rh_FE_D1_0_36 6181 6402 5793 1107237 6118 27867 1231947 4446      0 81992  2988 20656 7085 79359
SRM_1831_300s_100_repeat_Rh_FE_D1_0_37 6448 6330 5440 1109367 6240 27566 1233274 4337     46 82441  3094 19946 5829 79418
SRM_1831_300s_100_repeat_Rh_FE_D1_0_38 6122 6284 5594 1109711 6243 27122 1234871 4396    166 81700  2912 20877 7235 79615
SRM_1831_300s_100_repeat_Rh_FE_D1_0_39 6116 6179 5407 1108636 6286 27113 1233012 4272      0 81404  2897 20642 6140 80054
SRM_1831_300s_100_repeat_Rh_FE_D1_0_4  6221 6141 5584 1111451 6130 27550 1231984 4692      0 81521  3505 20323 7361 79597
SRM_1831_300s_100_repeat_Rh_FE_D1_0_40 6078 6368 5424 1108467 6289 27365 1228677 4375    170 82119  3455 21069 6227 79620
SRM_1831_300s_100_repeat_Rh_FE_D1_0_41 6301 6148 5458 1110866 6223 27328 1231672 4253      0 82445  3385 20951 6798 80395
SRM_1831_300s_100_repeat_Rh_FE_D1_0_42 6069 6252 5514 1108922 6134 27228 1232796 4536    106 81647  2941 20694 6535 79794
SRM_1831_300s_100_repeat_Rh_FE_D1_0_43 6110 6060 5555 1106708 6345 27722 1230870 4433      0 81730  3056 19549 6191 79245
SRM_1831_300s_100_repeat_Rh_FE_D1_0_44 6203 6140 5569 1108747 6083 26992 1230357 4417    282 81418  3465 20662 5988 79756
SRM_1831_300s_100_repeat_Rh_FE_D1_0_45 6354 6118 5321 1107416 6399 27417 1228976 4381      0 82417  3213 20266 6727 79908
SRM_1831_300s_100_repeat_Rh_FE_D1_0_46 6395 6251 5702 1106925 6264 27357 1232332 4587      0 81945  3409 20873 6277 79644
SRM_1831_300s_100_repeat_Rh_FE_D1_0_47 6263 6094 5568 1112807 6023 27559 1232606 4044      0 82451  3197 20485 6372 79782
SRM_1831_300s_100_repeat_Rh_FE_D1_0_48 6131 6296 5564 1111373 6178 27450 1232711 4516    101 81950  3054 21430 6770 79922
SRM_1831_300s_100_repeat_Rh_FE_D1_0_49 6105 6313 5477 1109834 6124 27503 1232552 4370    184 81959  3189 20807 7135 80139
SRM_1831_300s_100_repeat_Rh_FE_D1_0_5  6071 6182 5697 1112041 6251 27369 1233343 4233    248 81568  3716 21264 6379 79636
SRM_1831_300s_100_repeat_Rh_FE_D1_0_50 6634 6554 5764 1110493 6303 27332 1231965 4470      0 81537  3355 20519 6527 78788
SRM_1831_300s_100_repeat_Rh_FE_D1_0_51 6178 6117 5657 1111314 6062 27634 1233259 4306    104 81693  3582 19238 6609 79431
SRM_1831_300s_100_repeat_Rh_FE_D1_0_52 6059 6191 5525 1111814 5900 27518 1232016 4486      0 81813  3203 20151 6276 78283
SRM_1831_300s_100_repeat_Rh_FE_D1_0_53 6253 6293 5635 1106880 6157 27278 1230627 4187     11 82098  3104 20989 6376 79400
SRM_1831_300s_100_repeat_Rh_FE_D1_0_54 6165 6216 5782 1110369 6169 27566 1232467 4306      0 82585  2627 20819 6610 79863
SRM_1831_300s_100_repeat_Rh_FE_D1_0_55 6161 6438 5702 1109864 6217 27859 1233026 4235    325 82161  3989 20954 6452 78984
SRM_1831_300s_100_repeat_Rh_FE_D1_0_56 6267 6095 5304 1110152 6129 27514 1232295 4263    115 81578  3209 20353 6111 78707
SRM_1831_300s_100_repeat_Rh_FE_D1_0_57 6521 6491 5972 1113310 6062 27304 1231072 4275     20 80963  3163 20710 6352 79320
SRM_1831_300s_100_repeat_Rh_FE_D1_0_58 6339 6302 5719 1108943 5974 27580 1233221 4354     20 82278  3802 20609 6487 79523
SRM_1831_300s_100_repeat_Rh_FE_D1_0_59 6398 6261 5409 1110750 6363 27718 1234548 4174      0 82869  3812 20589 6716 79773
SRM_1831_300s_100_repeat_Rh_FE_D1_0_6  6242 6463 5713 1110569 5962 27484 1231767 4208      0 82087  3688 20323 6084 79225
SRM_1831_300s_100_repeat_Rh_FE_D1_0_60 6320 6363 5727 1108915 6213 27338 1232886 4525      3 81883  3376 20657 5922 79595
SRM_1831_300s_100_repeat_Rh_FE_D1_0_61 6096 6337 5399 1108776 6185 27917 1235254 4291      0 82360  2945 20872 5988 79601
SRM_1831_300s_100_repeat_Rh_FE_D1_0_62 6205 6090 5534 1109530 6183 27850 1233946 4425    319 82004  3385 20319 7105 79537
SRM_1831_300s_100_repeat_Rh_FE_D1_0_63 6168 6312 5401 1111580 6111 27531 1231816 4288      0 81726  4058 20935 6667 79776
SRM_1831_300s_100_repeat_Rh_FE_D1_0_64 6421 6237 5813 1111545 6373 27556 1234932 4398     77 82548  3388 20084 6538 79779
SRM_1831_300s_100_repeat_Rh_FE_D1_0_65 6295 6266 5647 1110307 6021 27486 1231415 4499      0 82266  3721 21062 6885 78767
SRM_1831_300s_100_repeat_Rh_FE_D1_0_66 6151 6374 5740 1110797 6050 27476 1231729 4414      0 81992  3931 20620 7270 79054
SRM_1831_300s_100_repeat_Rh_FE_D1_0_67 6314 6153 5584 1110331 6208 27425 1232920 4196    154 82133  2843 20486 6268 78900
SRM_1831_300s_100_repeat_Rh_FE_D1_0_68 6048 6202 5784 1110912 6262 27635 1232115 4517    369 82309  3217 19838 6620 80002
SRM_1831_300s_100_repeat_Rh_FE_D1_0_69 6319 6266 5657 1109422 6305 27189 1231961 4375      0 81482  2841 20831 5783 79259
SRM_1831_300s_100_repeat_Rh_FE_D1_0_7  6067 6314 5687 1108806 6136 27361 1230882 4098      0 81965  3331 20441 6499 79599
SRM_1831_300s_100_repeat_Rh_FE_D1_0_70 6183 6279 5395 1112664 6243 27699 1233245 4229      0 82258  2819 20679 5659 79966
SRM_1831_300s_100_repeat_Rh_FE_D1_0_71 6237 6373 5565 1108966 6318 27525 1232117 4503     98 81988  3323 20500 6969 79189
SRM_1831_300s_100_repeat_Rh_FE_D1_0_72 6137 6286 5550 1110787 6215 27342 1230466 4257      0 81658  3237 21255 6454 78765
SRM_1831_300s_100_repeat_Rh_FE_D1_0_73 6059 6253 5509 1110266 5955 27135 1232558 4312      0 82209  3506 20808 5918 79236
SRM_1831_300s_100_repeat_Rh_FE_D1_0_74 6111 6220 5444 1110372 6118 27123 1231596 4319    230 81517  3293 21132 6487 78927
SRM_1831_300s_100_repeat_Rh_FE_D1_0_75 6182 6185 5676 1108127 6396 27312 1233211 4145      0 81712  3051 20211 6835 79202
SRM_1831_300s_100_repeat_Rh_FE_D1_0_76 6160 6097 5538 1109945 6193 27692 1232461 4515    208 82214  2690 20246 6572 80387
SRM_1831_300s_100_repeat_Rh_FE_D1_0_77 6255 6293 5556 1109476 6384 27469 1230393 4174    234 82064  3165 19931 6508 78789
SRM_1831_300s_100_repeat_Rh_FE_D1_0_78 6347 6596 5808 1108056 6157 27343 1227884 4258    291 82226  3199 21126 6318 78830
SRM_1831_300s_100_repeat_Rh_FE_D1_0_79 6194 6178 5578 1111506 6126 27129 1232075 4548    242 82146  3482 20036 6188 79182
SRM_1831_300s_100_repeat_Rh_FE_D1_0_8  6007 6182 5530 1107652 6245 26962 1230736 4519    207 81191  3783 20213 6446 79677
SRM_1831_300s_100_repeat_Rh_FE_D1_0_80 6307 6066 5359 1110488 6116 28158 1233868 4494    196 81874  2958 21269 5792 79994
SRM_1831_300s_100_repeat_Rh_FE_D1_0_81 6222 6127 5822 1113037 6032 27472 1235667 4614      0 81892  3110 20745 6241 79522
SRM_1831_300s_100_repeat_Rh_FE_D1_0_82 6167 6330 5395 1112363 5960 27660 1231022 4259      0 81711  2849 20375 7119 80322
SRM_1831_300s_100_repeat_Rh_FE_D1_0_83 6141 6293 5633 1109914 6230 27210 1231511 4412    111 82166  3308 20101 6443 79855
SRM_1831_300s_100_repeat_Rh_FE_D1_0_84 6048 6409 5756 1111389 6241 27263 1231724 4439      0 82207  3037 21198 6114 79972
SRM_1831_300s_100_repeat_Rh_FE_D1_0_85 6335 6473 5672 1110297 6084 27314 1230055 4556     83 82015  3367 20699 6804 78947
SRM_1831_300s_100_repeat_Rh_FE_D1_0_86 6224 6344 5446 1112201 6314 27584 1230528 4303    149 81553  3303 20857 6418 78517
SRM_1831_300s_100_repeat_Rh_FE_D1_0_87 6133 6432 5499 1110646 6340 27149 1233160 4345     86 81785  3271 20200 6512 80173
SRM_1831_300s_100_repeat_Rh_FE_D1_0_88 6205 6499 5739 1109384 6276 26876 1233769 4369      0 82009  2934 20973 6588 79939
SRM_1831_300s_100_repeat_Rh_FE_D1_0_89 6358 6169 5720 1112190 5999 27195 1233604 4347    122 82043  3004 20839 7141 80076
SRM_1831_300s_100_repeat_Rh_FE_D1_0_9  6167 6054 5462 1107268 6171 26998 1232016 4358     75 81251  2737 20783 6277 80392
SRM_1831_300s_100_repeat_Rh_FE_D1_0_90 6122 6357 5672 1110603 6282 27634 1232920 4375    184 81359  3508 20466 6965 79592
SRM_1831_300s_100_repeat_Rh_FE_D1_0_91 6242 6383 5724 1110024 6334 27979 1232804 4199      0 82405  2703 20805 6450 79992
SRM_1831_300s_100_repeat_Rh_FE_D1_0_92 6214 6150 5731 1110632 6262 27354 1232939 4047      0 81187  2719 20578 6705 79674
SRM_1831_300s_100_repeat_Rh_FE_D1_0_93 6256 6090 5598 1109828 6466 27099 1232037 4495    287 81558  3397 20331 6394 79038
SRM_1831_300s_100_repeat_Rh_FE_D1_0_94 6055 6241 5538 1110518 6240 27218 1229433 4528    151 81641  2858 20243 6486 79544
SRM_1831_300s_100_repeat_Rh_FE_D1_0_95 6146 6088 5780 1108952 6097 27663 1230264 4212    450 81416  3182 20661 6580 79443
SRM_1831_300s_100_repeat_Rh_FE_D1_0_96 6170 6358 5375 1109574 6066 27809 1231867 4268      0 81763  2983 20930 6339 79619
SRM_1831_300s_100_repeat_Rh_FE_D1_0_97 6167 6394 5583 1110785 6315 27776 1231976 4321      0 81564  2975 21370 6471 79368
SRM_1831_300s_100_repeat_Rh_FE_D1_0_98 6076 6302 5646 1110535 6140 27560 1229370 4216    157 81162  3560 20600 5863 78899
SRM_1831_300s_100_repeat_Rh_FE_D1_0_99 6295 6051 5580 1108535 6078 27342 1229636 4330     66 81662  3866 20113 7336 79015
SRM_1831_300s_100_repeat_Rh_FE_D2_0_0  6223 6523 5901 1179315 6000 26289 1307419 4342      0 86583  3266 22092 6707 82398
SRM_1831_300s_100_repeat_Rh_FE_D2_0_1  6461 6339 5665 1174504 6184 26587 1303128 4628     70 87230  2947 21221 6884 82764
SRM_1831_300s_100_repeat_Rh_FE_D2_0_10 6476 6557 5816 1172741 6155 26701 1304700 4777    153 86045  2934 21614 6986 82805
SRM_1831_300s_100_repeat_Rh_FE_D2_0_11 6361 6329 5610 1172781 6140 27265 1302591 4678     25 85838  3099 21462 6551 81574
SRM_1831_300s_100_repeat_Rh_FE_D2_0_12 6353 6407 5946 1171682 5776 27050 1303378 4791     71 86540  3237 21795 7021 81613
SRM_1831_300s_100_repeat_Rh_FE_D2_0_13 6251 6564 5754 1173034 5922 26887 1300089 4754     60 87307  3391 22008 6542 81834
SRM_1831_300s_100_repeat_Rh_FE_D2_0_14 6227 6611 5680 1174653 6060 26803 1302641 4806    157 86231  3870 21792 7560 81611
SRM_1831_300s_100_repeat_Rh_FE_D2_0_15 6534 6409 5712 1175412 5825 26773 1305539 4886    116 86063  3122 21640 6230 82197
SRM_1831_300s_100_repeat_Rh_FE_D2_0_16 6313 6554 5744 1176538 6047 26350 1302971 4777    415 87501  3055 20968 7199 82508
SRM_1831_300s_100_repeat_Rh_FE_D2_0_17 6494 6711 5856 1175397 5941 26849 1304587 4634      0 86477  3483 21755 7207 82047
SRM_1831_300s_100_repeat_Rh_FE_D2_0_18 6241 6481 5718 1174689 6081 26813 1303358 4652      0 87321  3838 21962 6787 83249
SRM_1831_300s_100_repeat_Rh_FE_D2_0_19 6399 6434 5568 1175834 5922 26671 1307135 4666     34 85928  3428 21834 6133 82235
SRM_1831_300s_100_repeat_Rh_FE_D2_0_2  6441 6475 6091 1175919 6101 26998 1303485 4406      0 87183  4272 21792 6697 82408
SRM_1831_300s_100_repeat_Rh_FE_D2_0_20 6374 6570 5707 1174915 5527 26895 1304106 4393    268 87032  3643 21774 7046 82329
SRM_1831_300s_100_repeat_Rh_FE_D2_0_21 6452 6488 5895 1175922 6328 27076 1302809 4660    165 87813  3839 21966 7049 82438
SRM_1831_300s_100_repeat_Rh_FE_D2_0_22 6508 6605 5844 1178016 6023 26706 1305003 4424    212 86979  3961 21760 6721 81948
SRM_1831_300s_100_repeat_Rh_FE_D2_0_23 6525 6672 5962 1176994 6054 26877 1305706 4542      0 87086  3875 21657 7057 82241
SRM_1831_300s_100_repeat_Rh_FE_D2_0_24 6560 6769 6004 1175743 5895 26873 1303913 4583     23 86393  3740 21442 7439 82799
SRM_1831_300s_100_repeat_Rh_FE_D2_0_25 6289 6455 5759 1174930 5916 26310 1306194 4615     17 87166  4319 22238 7181 81982
SRM_1831_300s_100_repeat_Rh_FE_D2_0_26 6569 6652 6163 1174738 5687 26910 1304851 4643    298 85849  3765 21747 7134 81770
SRM_1831_300s_100_repeat_Rh_FE_D2_0_27 6364 6616 5774 1176841 6323 26795 1305185 4626      0 87181  3931 22395 7065 82483
SRM_1831_300s_100_repeat_Rh_FE_D2_0_28 6206 6745 5798 1175261 5781 26681 1305264 4417      0 86810  3594 21871 7291 82080
SRM_1831_300s_100_repeat_Rh_FE_D2_0_29 6379 6532 5889 1173830 5987 26933 1304977 4795    111 86319  3995 22902 7085 82366
SRM_1831_300s_100_repeat_Rh_FE_D2_0_3  6435 6529 6090 1173956 5858 26865 1304459 4561     24 86441  3203 22393 6988 81204
SRM_1831_300s_100_repeat_Rh_FE_D2_0_30 6273 6638 5795 1177133 5936 26829 1307343 4684    127 86889  2846 22293 7674 82463
SRM_1831_300s_100_repeat_Rh_FE_D2_0_31 6544 6774 5838 1173141 5988 26625 1300880 4416     69 85687  3289 22408 7093 82249
SRM_1831_300s_100_repeat_Rh_FE_D2_0_32 6335 6733 5856 1177594 6085 26988 1306531 4586      0 86599  4276 21003 7503 81827
SRM_1831_300s_100_repeat_Rh_FE_D2_0_33 6205 6405 5973 1177386 5907 26960 1307213 4165     54 87181  3533 21230 6846 82463
SRM_1831_300s_100_repeat_Rh_FE_D2_0_34 6555 6640 5867 1176601 5891 27233 1304873 4599    140 87679  3334 22567 6732 83564
SRM_1831_300s_100_repeat_Rh_FE_D2_0_35 6540 6717 5660 1174014 5986 27058 1305666 4666     70 86828  3946 21397 7027 81160
SRM_1831_300s_100_repeat_Rh_FE_D2_0_36 6670 6641 5686 1175580 6004 26827 1305749 4665      0 86670  3401 22054 6395 82420
SRM_1831_300s_100_repeat_Rh_FE_D2_0_37 6535 6804 5992 1175024 5821 26703 1307866 4674    108 87137  3738 22066 6852 81860
SRM_1831_300s_100_repeat_Rh_FE_D2_0_38 6364 6598 5676 1176800 6040 26934 1307901 4503    282 86926  3444 21722 6974 82487
SRM_1831_300s_100_repeat_Rh_FE_D2_0_39 6399 6674 5661 1174298 5865 26743 1304114 4594    287 87273  3163 21460 7502 82713
SRM_1831_300s_100_repeat_Rh_FE_D2_0_4  6412 6666 6043 1176036 6018 27150 1308149 4640    111 87670  3589 21899 7412 82032
SRM_1831_300s_100_repeat_Rh_FE_D2_0_40 6315 6716 5765 1175936 6084 26884 1306827 4658     86 87017  3482 21737 6481 83471
SRM_1831_300s_100_repeat_Rh_FE_D2_0_41 6482 6855 5847 1175408 6085 27086 1304233 5003    275 86620  3234 21968 6769 82623
SRM_1831_300s_100_repeat_Rh_FE_D2_0_42 6315 6666 5815 1174597 6177 26867 1305796 4593    109 86816  3626 21757 7302 81874
SRM_1831_300s_100_repeat_Rh_FE_D2_0_43 6381 6682 5810 1176074 5943 26824 1304449 4531     56 86707  3157 21733 6541 83025
SRM_1831_300s_100_repeat_Rh_FE_D2_0_44 6398 6547 5744 1171333 5854 26985 1303114 4648     65 86771  3301 21948 6643 81438
SRM_1831_300s_100_repeat_Rh_FE_D2_0_45 6383 6459 5715 1176777 6044 26619 1304844 4740    112 86182  3475 21293 6800 82322
SRM_1831_300s_100_repeat_Rh_FE_D2_0_46 6324 6704 6016 1176428 6177 27037 1305530 4541      0 86353  3122 21573 7634 82803
SRM_1831_300s_100_repeat_Rh_FE_D2_0_47 6202 6335 5574 1175756 5988 26467 1304853 4571    102 86444  3588 21505 7212 82774
SRM_1831_300s_100_repeat_Rh_FE_D2_0_48 6492 6547 5836 1174824 6066 27032 1304583 4628    235 86477  3433 21572 7370 82337
SRM_1831_300s_100_repeat_Rh_FE_D2_0_49 6314 6614 5791 1175999 5955 26484 1306580 4912    211 86779  3447 22684 7534 82842
SRM_1831_300s_100_repeat_Rh_FE_D2_0_5  6475 6769 5863 1177454 6202 26676 1308462 4576    294 86813  4143 21863 7133 82136
SRM_1831_300s_100_repeat_Rh_FE_D2_0_50 6284 6573 5731 1176382 6000 26660 1307261 4783     39 86108  3687 22297 7087 82208
SRM_1831_300s_100_repeat_Rh_FE_D2_0_51 6356 6420 5601 1176594 6177 26385 1305814 4703    197 87289  2940 22737 6517 82538
SRM_1831_300s_100_repeat_Rh_FE_D2_0_52 6369 6660 6030 1176039 6054 26954 1306241 4732    312 87274  2899 21723 6788 82473
SRM_1831_300s_100_repeat_Rh_FE_D2_0_53 6418 6515 6016 1172901 5938 26751 1303438 4743    349 87079  3421 21687 7138 80935
SRM_1831_300s_100_repeat_Rh_FE_D2_0_54 6353 6687 5960 1174496 6352 27168 1304935 4555    234 86878  3780 21745 6754 82427
SRM_1831_300s_100_repeat_Rh_FE_D2_0_55 6602 6716 6026 1175935 6090 26888 1305363 4573      0 86836  3993 21689 6789 82164
SRM_1831_300s_100_repeat_Rh_FE_D2_0_56 6387 6746 5717 1177217 6086 27033 1305326 4472      2 86735  3315 21770 6738 82042
SRM_1831_300s_100_repeat_Rh_FE_D2_0_57 6572 6628 5768 1177833 6023 26794 1307269 4888    174 86010  3380 21799 6594 82412
SRM_1831_300s_100_repeat_Rh_FE_D2_0_58 6438 6562 5600 1178042 5934 27136 1306916 4637      0 87101  3020 21725 6581 81986
SRM_1831_300s_100_repeat_Rh_FE_D2_0_59 6524 6579 5720 1176879 6392 27242 1307235 4537     81 86385  3659 21681 6158 82509
SRM_1831_300s_100_repeat_Rh_FE_D2_0_6  6346 6628 5792 1173192 5792 27394 1305413 4613     68 86226  3786 21600 6940 82947
SRM_1831_300s_100_repeat_Rh_FE_D2_0_60 6480 6678 6014 1177571 5956 26901 1307507 4726     53 86671  3624 21993 6450 84103
SRM_1831_300s_100_repeat_Rh_FE_D2_0_61 6570 6681 5631 1176703 6130 26847 1308788 4714    246 86138  3227 21975 6991 82341
SRM_1831_300s_100_repeat_Rh_FE_D2_0_62 6249 6379 5803 1176219 6070 26868 1307922 4910      4 85983  3405 22052 7002 80901
SRM_1831_300s_100_repeat_Rh_FE_D2_0_63 6417 6444 5834 1177173 6139 27150 1305889 4618    348 86365  3562 22277 7327 82474
SRM_1831_300s_100_repeat_Rh_FE_D2_0_64 6375 6701 5955 1174419 6053 26448 1301157 4641    166 86792  3492 21907 7318 81719
SRM_1831_300s_100_repeat_Rh_FE_D2_0_65 6577 6612 5527 1175665 6201 26878 1307997 4858     42 86947  3165 21979 5989 82569
SRM_1831_300s_100_repeat_Rh_FE_D2_0_66 6226 6607 5918 1174883 6330 26619 1303997 4775    227 86469  3803 21885 6925 82081
SRM_1831_300s_100_repeat_Rh_FE_D2_0_67 6424 6543 5653 1178900 6037 26952 1307912 4893      0 87495  3277 22063 6284 81864
SRM_1831_300s_100_repeat_Rh_FE_D2_0_68 6347 6557 5906 1175830 6045 27466 1307045 4609      0 86418  3588 22111 6109 81881
SRM_1831_300s_100_repeat_Rh_FE_D2_0_69 6350 6513 5540 1176063 5985 26714 1306796 4527      0 86367  3333 22009 7020 81997
SRM_1831_300s_100_repeat_Rh_FE_D2_0_7  6389 6684 5840 1174931 6072 27112 1303004 4630     87 86479  3332 21557 7125 81998
SRM_1831_300s_100_repeat_Rh_FE_D2_0_70 6541 6592 5674 1178399 5991 26856 1305507 4390    156 87056  3218 22604 6574 81984
SRM_1831_300s_100_repeat_Rh_FE_D2_0_71 6545 6640 5985 1176533 6111 26732 1306624 4908      0 87210  3209 22108 6773 83700
SRM_1831_300s_100_repeat_Rh_FE_D2_0_72 6581 6736 5991 1176626 6146 27145 1307074 5043      0 87569  3596 22080 6633 82493
SRM_1831_300s_100_repeat_Rh_FE_D2_0_73 6886 6663 5847 1175948 6181 26858 1305696 4357      0 86804  3786 21495 7064 82019
SRM_1831_300s_100_repeat_Rh_FE_D2_0_74 6513 7023 6030 1176759 5988 26728 1303938 4778    275 87015  3752 22599 6634 82441
SRM_1831_300s_100_repeat_Rh_FE_D2_0_75 6550 6541 5768 1175252 5752 26906 1304609 4565      0 86518  3578 21636 6787 82912
SRM_1831_300s_100_repeat_Rh_FE_D2_0_76 6483 6728 6030 1177592 5880 26627 1306480 4588    366 86283  3374 21533 7031 82872
SRM_1831_300s_100_repeat_Rh_FE_D2_0_77 6501 6715 5890 1173650 6047 27262 1306588 4431    208 86415  3405 22126 7261 81687
SRM_1831_300s_100_repeat_Rh_FE_D2_0_78 6294 6588 5874 1174147 5917 27057 1307261 4870      0 87118  3525 21230 7286 82080
SRM_1831_300s_100_repeat_Rh_FE_D2_0_79 6533 6574 5774 1178459 6118 26733 1307347 5008     74 86978  3378 21625 6278 82533
SRM_1831_300s_100_repeat_Rh_FE_D2_0_8  6318 6507 5760 1173431 5834 26774 1302012 4767    162 86583  3197 21850 7149 81993
SRM_1831_300s_100_repeat_Rh_FE_D2_0_80 6339 6720 5871 1177746 5972 26751 1307260 4671    278 87387  3285 21333 6966 82504
SRM_1831_300s_100_repeat_Rh_FE_D2_0_81 6266 6380 6030 1176473 6001 26769 1304118 4731     82 87550  4008 22147 6720 81964
SRM_1831_300s_100_repeat_Rh_FE_D2_0_82 6248 6641 5677 1177555 6251 26545 1308046 4776    308 87127  2967 21564 6032 82330
SRM_1831_300s_100_repeat_Rh_FE_D2_0_83 6409 6650 5896 1174834 5929 27053 1305364 4724     64 86438  3243 22032 6721 81763
SRM_1831_300s_100_repeat_Rh_FE_D2_0_84 6384 6702 5838 1175227 6093 26615 1304166 4744      0 86706  3490 22061 6540 82759
SRM_1831_300s_100_repeat_Rh_FE_D2_0_85 6550 6624 5853 1178045 5946 26952 1306014 4336      0 86793  3554 21809 6467 82533
SRM_1831_300s_100_repeat_Rh_FE_D2_0_86 6361 6454 5801 1176535 5894 26475 1305186 4635    150 86320  2862 21565 6689 81568
SRM_1831_300s_100_repeat_Rh_FE_D2_0_87 6406 6639 5892 1177751 6018 26755 1306932 4796    147 86500  3631 21329 6955 82986
SRM_1831_300s_100_repeat_Rh_FE_D2_0_88 6386 6424 5526 1177063 6339 27118 1307496 4789     25 87502  3338 23034 7617 81949
SRM_1831_300s_100_repeat_Rh_FE_D2_0_89 6548 6533 5602 1176037 6303 27126 1304010 4826      1 86912  3613 21599 7059 82581
SRM_1831_300s_100_repeat_Rh_FE_D2_0_9  6358 6453 5853 1172377 5978 26791 1302106 4715      0 86129  3446 22004 7249 82583
SRM_1831_300s_100_repeat_Rh_FE_D2_0_90 6362 6671 5791 1177159 6162 26806 1306205 4879    280 86904  3338 22387 6786 83167
SRM_1831_300s_100_repeat_Rh_FE_D2_0_91 6612 6487 5803 1177622 6008 27065 1304892 4749     55 86685  3135 22182 6730 82337
SRM_1831_300s_100_repeat_Rh_FE_D2_0_92 6355 6759 5978 1176880 6102 26442 1304007 4557    139 86593  3199 21448 6955 82050
SRM_1831_300s_100_repeat_Rh_FE_D2_0_93 6441 6575 5632 1170669 5975 27002 1300024 4792     41 86024  3311 21220 7232 81877
SRM_1831_300s_100_repeat_Rh_FE_D2_0_94 6571 6399 5790 1177738 5921 27021 1305726 4789     87 86643  3557 22173 6792 82028
SRM_1831_300s_100_repeat_Rh_FE_D2_0_95 6207 6569 5792 1176191 6032 26614 1303968 4701    139 86854  3478 21525 5952 82564
SRM_1831_300s_100_repeat_Rh_FE_D2_0_96 6499 6682 5876 1176139 6138 26766 1307358 4344     91 87327  3775 22190 6800 82040
SRM_1831_300s_100_repeat_Rh_FE_D2_0_97 6403 6548 5789 1173525 5832 27011 1308127 4676      0 86181  3762 22098 6397 81240
SRM_1831_300s_100_repeat_Rh_FE_D2_0_98 6418 6471 5430 1174990 6016 26677 1303110 4516    157 86347  3556 21951 7003 82217
SRM_1831_300s_100_repeat_Rh_FE_D2_0_99 6433 6482 5891 1173903 6259 26788 1303613 4523    296 86172  4395 20971 7167 81732
-------------------------------------------------------------------------------------------------------------------------
Mean value:                            6308 6429 5708 1142802 6103 27150 1268739 4506    101 84317  3370 21225 6690 80903
Std. Abw.:                              167  211  180   33052  158   382   36726  213    110  2461   350   746  444  1475
Std. Abw. rel. [%]:                    2.65 3.28 3.16    2.89 2.59  1.41    2.89 4.72 108.06  2.92 10.37  3.52 6.64  1.82
Conf. interval:                          12   15   13    2337   11    27    2597   15      8   174    25    53   31   104
