Net counts

Spectrum                                 Na   Mg   Al      Si    S     K      Ca   Ti    Fe    Sr    Rh
-------------------------------------------------------------------------------------------------------
SRM_1831_300s_100_repeat_Rh_FE_D1_0_0  6335 6237 5548 1112514 5880 27549 1236764 4198 81435 21927 78912
SRM_1831_300s_100_repeat_Rh_FE_D1_0_1  6015 6440 5589 1112045 5739 27492 1237513 4451 81663 21341 79185
SRM_1831_300s_100_repeat_Rh_FE_D1_0_10 6321 6279 5771 1105967 6052 27472 1233435 4404 80627 22237 79457
SRM_1831_300s_100_repeat_Rh_FE_D1_0_11 6211 6214 5667 1107727 5947 27441 1233527 4319 81398 22172 78714
SRM_1831_300s_100_repeat_Rh_FE_D1_0_12 6232 6228 5775 1107453 5877 27659 1234878 4185 81274 21653 79068
SRM_1831_300s_100_repeat_Rh_FE_D1_0_13 6162 6350 5451 1104868 5806 27339 1232689 4362 82045 21307 79030
SRM_1831_300s_100_repeat_Rh_FE_D1_0_14 6308 6368 5622 1108047 6043 27102 1231267 4548 81570 21291 79626
SRM_1831_300s_100_repeat_Rh_FE_D1_0_15 6021 6293 5683 1108223 5839 27642 1237131 4390 81443 21442 79087
SRM_1831_300s_100_repeat_Rh_FE_D1_0_16 6021 6194 5748 1109099 6271 27070 1234388 4257 81987 21697 78689
SRM_1831_300s_100_repeat_Rh_FE_D1_0_17 5999 6064 5645 1108483 5967 27560 1235168 4191 80916 22016 79020
SRM_1831_300s_100_repeat_Rh_FE_D1_0_18 6284 6302 5510 1110346 6074 27631 1235853 4250 81538 22095 79257
SRM_1831_300s_100_repeat_Rh_FE_D1_0_19 6350 6081 5666 1110813 6129 27448 1234518 4460 80965 22084 79623
SRM_1831_300s_100_repeat_Rh_FE_D1_0_2  5770 6174 5298 1112036 6077 27500 1236580 4223 80794 21896 80035
SRM_1831_300s_100_repeat_Rh_FE_D1_0_20 6239 6527 6036 1109895 5955 27233 1235860 4453 80612 21654 79571
SRM_1831_300s_100_repeat_Rh_FE_D1_0_21 6340 6373 5690 1109452 5950 27249 1237557 4357 81196 21824 79810
SRM_1831_300s_100_repeat_Rh_FE_D1_0_22 5894 5882 5504 1110965 5974 27199 1237111 4353 81383 22175 80023
SRM_1831_300s_100_repeat_Rh_FE_D1_0_23 6181 6370 5699 1110137 5749 27598 1235972 4263 80910 22350 80150
SRM_1831_300s_100_repeat_Rh_FE_D1_0_24 6308 6457 5723 1109257 6130 27643 1236237 4404 81007 21983 80061
SRM_1831_300s_100_repeat_Rh_FE_D1_0_25 6219 6148 5623 1109277 5765 26939 1239072 4299 81298 21652 79961
SRM_1831_300s_100_repeat_Rh_FE_D1_0_26 6212 6263 5621 1110086 5868 27517 1235914 4304 81203 21940 79710
SRM_1831_300s_100_repeat_Rh_FE_D1_0_27 6364 6173 5438 1110186 5854 27935 1237692 4243 81829 21410 79606
SRM_1831_300s_100_repeat_Rh_FE_D1_0_28 5867 6412 5503 1111577 5860 27480 1237277 4135 81509 21336 80020
SRM_1831_300s_100_repeat_Rh_FE_D1_0_29 6307 6255 5535 1108434 5871 27114 1235911 4338 80897 21815 79603
SRM_1831_300s_100_repeat_Rh_FE_D1_0_3  6112 6186 5488 1110931 5820 27074 1237435 4081 82022 22006 78732
SRM_1831_300s_100_repeat_Rh_FE_D1_0_30 6301 6596 5756 1106862 5849 27589 1233091 4732 81227 22191 79314
SRM_1831_300s_100_repeat_Rh_FE_D1_0_31 6153 6209 5490 1108695 6066 27223 1237142 4340 80943 21947 80483
SRM_1831_300s_100_repeat_Rh_FE_D1_0_32 6243 6163 5610 1110110 6034 27411 1235253 4368 81560 21840 79914
SRM_1831_300s_100_repeat_Rh_FE_D1_0_33 6029 6087 5623 1110096 5902 27346 1237387 4155 82219 22146 80568
SRM_1831_300s_100_repeat_Rh_FE_D1_0_34 6296 6515 5290 1108230 6118 26990 1236977 4498 81402 21726 80719
SRM_1831_300s_100_repeat_Rh_FE_D1_0_35 6146 6108 5777 1111853 5817 27194 1235683 4322 81376 21156 79627
SRM_1831_300s_100_repeat_Rh_FE_D1_0_36 6181 6402 5793 1107207 5928 27847 1235290 4396 81359 22018 79359
SRM_1831_300s_100_repeat_Rh_FE_D1_0_37 6448 6330 5441 1109340 6024 27545 1236751 4302 82165 21049 79418
SRM_1831_300s_100_repeat_Rh_FE_D1_0_38 6122 6284 5594 1109682 5983 27120 1238486 4377 81102 22272 79615
SRM_1831_300s_100_repeat_Rh_FE_D1_0_39 6117 6181 5410 1108606 5982 27000 1236799 4219 80758 21799 80054
SRM_1831_300s_100_repeat_Rh_FE_D1_0_4  6221 6141 5584 1111422 5873 27576 1235530 4633 80892 21723 79597
SRM_1831_300s_100_repeat_Rh_FE_D1_0_40 6079 6368 5425 1108436 6115 27341 1232206 4364 81452 22262 79620
SRM_1831_300s_100_repeat_Rh_FE_D1_0_41 6302 6149 5459 1110837 6017 27287 1235327 4179 81548 22250 80395
SRM_1831_300s_100_repeat_Rh_FE_D1_0_42 6069 6252 5514 1108889 5909 27270 1236289 4518 81138 21951 79794
SRM_1831_300s_100_repeat_Rh_FE_D1_0_43 6110 6061 5556 1106676 6102 27655 1234222 4380 81249 20716 79245
SRM_1831_300s_100_repeat_Rh_FE_D1_0_44 6203 6140 5570 1108718 5838 27001 1233901 4427 80713 21818 79756
SRM_1831_300s_100_repeat_Rh_FE_D1_0_45 6354 6118 5322 1107390 6201 27405 1232629 4312 81930 21547 79908
SRM_1831_300s_100_repeat_Rh_FE_D1_0_46 6395 6251 5702 1106898 6038 27356 1235927 4539 81293 22080 79644
SRM_1831_300s_100_repeat_Rh_FE_D1_0_47 6263 6094 5568 1112776 5812 27549 1235995 3992 81917 21689 79782
SRM_1831_300s_100_repeat_Rh_FE_D1_0_48 6131 6296 5564 1111344 5950 27435 1236283 4493 81572 22735 79922
SRM_1831_300s_100_repeat_Rh_FE_D1_0_49 6105 6313 5478 1109805 5846 27491 1236159 4351 81289 22168 80139
SRM_1831_300s_100_repeat_Rh_FE_D1_0_5  6071 6184 5699 1112013 5997 27316 1236781 4232 81003 22478 79636
SRM_1831_300s_100_repeat_Rh_FE_D1_0_50 6635 6554 5764 1110463 6063 27346 1235322 4432 80922 21769 78788
SRM_1831_300s_100_repeat_Rh_FE_D1_0_51 6178 6118 5658 1111286 5845 27638 1236746 4281 80929 20481 79431
SRM_1831_300s_100_repeat_Rh_FE_D1_0_52 6059 6191 5526 1111784 5699 27529 1235673 4403 81308 21351 78283
SRM_1831_300s_100_repeat_Rh_FE_D1_0_53 6253 6293 5635 1106851 5944 27299 1234193 4149 81504 22202 79400
SRM_1831_300s_100_repeat_Rh_FE_D1_0_54 6165 6217 5782 1110340 5908 27577 1235915 4255 81965 22092 79863
SRM_1831_300s_100_repeat_Rh_FE_D1_0_55 6161 6438 5703 1109837 5872 27829 1236618 4242 81451 22156 78984
SRM_1831_300s_100_repeat_Rh_FE_D1_0_56 6268 6096 5307 1110126 5957 27422 1235641 4240 80918 21526 78707
SRM_1831_300s_100_repeat_Rh_FE_D1_0_57 6521 6492 5972 1113282 5850 27319 1234505 4239 80608 21906 79320
SRM_1831_300s_100_repeat_Rh_FE_D1_0_58 6339 6302 5720 1108913 5756 27580 1236729 4331 81741 21838 79523
SRM_1831_300s_100_repeat_Rh_FE_D1_0_59 6398 6261 5410 1110726 6114 27684 1237878 4125 82404 21866 79773
SRM_1831_300s_100_repeat_Rh_FE_D1_0_6  6242 6463 5713 1110540 5757 27518 1235251 4153 81408 21495 79225
SRM_1831_300s_100_repeat_Rh_FE_D1_0_60 6319 6363 5726 1108870 6009 27340 1236406 4482 81068 21805 79595
SRM_1831_300s_100_repeat_Rh_FE_D1_0_61 6096 6337 5399 1108746 5976 27907 1238957 4242 81705 21999 79601
SRM_1831_300s_100_repeat_Rh_FE_D1_0_62 6206 6090 5535 1109502 5950 27798 1237465 4437 81314 21655 79537
SRM_1831_300s_100_repeat_Rh_FE_D1_0_63 6168 6312 5401 1111553 5943 27537 1235307 4248 81138 22185 79776
SRM_1831_300s_100_repeat_Rh_FE_D1_0_64 6421 6238 5814 1111519 6168 27540 1238177 4383 81825 21345 79779
SRM_1831_300s_100_repeat_Rh_FE_D1_0_65 6295 6266 5647 1110277 5814 27494 1234925 4434 81694 22366 78767
SRM_1831_300s_100_repeat_Rh_FE_D1_0_66 6151 6374 5740 1110766 5829 27479 1235248 4371 81346 21990 79054
SRM_1831_300s_100_repeat_Rh_FE_D1_0_67 6314 6153 5586 1110306 6019 27347 1236294 4185 81614 21683 78900
SRM_1831_300s_100_repeat_Rh_FE_D1_0_68 6048 6202 5784 1110882 6032 27600 1235907 4546 81646 21097 80002
SRM_1831_300s_100_repeat_Rh_FE_D1_0_69 6319 6267 5657 1109391 6046 27165 1235457 4338 80826 21933 79259
SRM_1831_300s_100_repeat_Rh_FE_D1_0_7  6068 6314 5687 1108780 5859 27315 1234413 4052 81622 21644 79599
SRM_1831_300s_100_repeat_Rh_FE_D1_0_70 6183 6279 5396 1112633 6064 27682 1236913 4170 81570 21772 79966
SRM_1831_300s_100_repeat_Rh_FE_D1_0_71 6237 6374 5566 1108942 6089 27512 1235471 4477 81343 21812 79189
SRM_1831_300s_100_repeat_Rh_FE_D1_0_72 6138 6286 5551 1110764 6001 27322 1234051 4188 81121 22477 78765
SRM_1831_300s_100_repeat_Rh_FE_D1_0_73 6059 6253 5509 1110238 5733 27140 1235924 4232 81969 21955 79236
SRM_1831_300s_100_repeat_Rh_FE_D1_0_74 6111 6220 5444 1110341 5892 27135 1235312 4308 81003 22369 78927
SRM_1831_300s_100_repeat_Rh_FE_D1_0_75 6183 6187 5678 1108097 6175 27243 1236858 4109 81197 21510 79202
SRM_1831_300s_100_repeat_Rh_FE_D1_0_76 6160 6097 5539 1109914 5904 27712 1236067 4505 82099 21488 80387
SRM_1831_300s_100_repeat_Rh_FE_D1_0_77 6255 6293 5556 1109445 6169 27469 1233604 4170 81485 21182 78789
SRM_1831_300s_100_repeat_Rh_FE_D1_0_78 6347 6597 5808 1108029 5950 27323 1231437 4268 81802 22322 78830
SRM_1831_300s_100_repeat_Rh_FE_D1_0_79 6194 6178 5578 1111476 5908 27130 1235429 4524 81770 21211 79182
SRM_1831_300s_100_repeat_Rh_FE_D1_0_8  6007 6183 5530 1107623 6012 26969 1234195 4512 80842 21441 79677
SRM_1831_300s_100_repeat_Rh_FE_D1_0_80 6307 6068 5361 1110460 5949 28115 1237555 4487 81141 22365 79994
SRM_1831_300s_100_repeat_Rh_FE_D1_0_81 6223 6128 5822 1113005 5788 27471 1239064 4547 81250 21953 79522
SRM_1831_300s_100_repeat_Rh_FE_D1_0_82 6167 6330 5395 1112331 5789 27657 1234516 4206 81102 21698 80322
SRM_1831_300s_100_repeat_Rh_FE_D1_0_83 6142 6295 5635 1109883 5970 27150 1235023 4384 81447 21308 79855
SRM_1831_300s_100_repeat_Rh_FE_D1_0_84 6048 6409 5756 1111360 6052 27230 1235194 4394 81849 22372 79972
SRM_1831_300s_100_repeat_Rh_FE_D1_0_85 6335 6474 5673 1110265 5849 27261 1233509 4537 81356 22018 78947
SRM_1831_300s_100_repeat_Rh_FE_D1_0_86 6224 6344 5446 1112172 6043 27590 1234164 4285 80927 22087 78517
SRM_1831_300s_100_repeat_Rh_FE_D1_0_87 6133 6432 5499 1110619 6157 27161 1236892 4339 81077 21436 80173
SRM_1831_300s_100_repeat_Rh_FE_D1_0_88 6205 6499 5739 1109357 6065 26865 1237399 4313 81761 22212 79939
SRM_1831_300s_100_repeat_Rh_FE_D1_0_89 6358 6169 5720 1112159 5771 27180 1237106 4324 81474 22181 80076
SRM_1831_300s_100_repeat_Rh_FE_D1_0_9  6167 6054 5462 1107234 5914 27026 1235409 4341 80946 22008 80392
SRM_1831_300s_100_repeat_Rh_FE_D1_0_90 6122 6358 5672 1110576 6059 27637 1236479 4358 80866 21777 79592
SRM_1831_300s_100_repeat_Rh_FE_D1_0_91 6242 6383 5725 1109993 6069 27963 1236308 4150 81936 22031 79992
SRM_1831_300s_100_repeat_Rh_FE_D1_0_92 6214 6151 5731 1110603 5998 27364 1236339 4007 80526 21843 79674
SRM_1831_300s_100_repeat_Rh_FE_D1_0_93 6256 6090 5599 1109799 6230 27090 1235426 4496 80783 21573 79038
SRM_1831_300s_100_repeat_Rh_FE_D1_0_94 6056 6242 5539 1110488 6033 27121 1232852 4511 80975 21472 79544
SRM_1831_300s_100_repeat_Rh_FE_D1_0_95 6147 6092 5783 1108923 5908 27537 1233783 4226 80760 21905 79443
SRM_1831_300s_100_repeat_Rh_FE_D1_0_96 6170 6358 5375 1109549 5843 27810 1235341 4205 81072 22140 79619
SRM_1831_300s_100_repeat_Rh_FE_D1_0_97 6168 6396 5585 1110758 6091 27683 1235430 4281 81239 22610 79368
SRM_1831_300s_100_repeat_Rh_FE_D1_0_98 6076 6303 5648 1110507 5914 27490 1232774 4201 80801 21723 78899
SRM_1831_300s_100_repeat_Rh_FE_D1_0_99 6295 6053 5581 1108508 5853 27303 1233070 4300 81119 21482 79015
-------------------------------------------------------------------------------------------------------
Mean value:                            6200 6264 5601 1109845 5956 27414 1235658 4325 81332 21830 79527
Std. Abw.:                              133  137  144    1641  124   249    1605  139   413   398   499
Std. Abw. rel. [%]:                    2.14 2.18 2.58    0.15 2.09  0.91    0.13 3.21  0.51  1.82  0.63
Conf. interval:                          13   14   14     164   12    25     161   14    41    40    50
