ROI net sum

Spectrum                                    Si      Ca    Rh
------------------------------------------------------------
SRM_1831_300s_100_repeat_Rh_FE_D1_0_0  1028697 1032185 68954
SRM_1831_300s_100_repeat_Rh_FE_D1_0_1  1028067 1031949 69391
SRM_1831_300s_100_repeat_Rh_FE_D1_0_10 1022349 1028818 69608
SRM_1831_300s_100_repeat_Rh_FE_D1_0_11 1024804 1029267 69158
SRM_1831_300s_100_repeat_Rh_FE_D1_0_12 1024480 1030094 68957
SRM_1831_300s_100_repeat_Rh_FE_D1_0_13 1022183 1029613 69188
SRM_1831_300s_100_repeat_Rh_FE_D1_0_14 1024566 1027201 69367
SRM_1831_300s_100_repeat_Rh_FE_D1_0_15 1024554 1031284 68944
SRM_1831_300s_100_repeat_Rh_FE_D1_0_16 1025744 1030529 68776
SRM_1831_300s_100_repeat_Rh_FE_D1_0_17 1024840 1029851 69404
SRM_1831_300s_100_repeat_Rh_FE_D1_0_18 1026131 1030840 69173
SRM_1831_300s_100_repeat_Rh_FE_D1_0_19 1026868 1030179 69823
SRM_1831_300s_100_repeat_Rh_FE_D1_0_2  1028176 1032143 69614
SRM_1831_300s_100_repeat_Rh_FE_D1_0_20 1026174 1031025 69891
SRM_1831_300s_100_repeat_Rh_FE_D1_0_21 1026111 1032308 69448
SRM_1831_300s_100_repeat_Rh_FE_D1_0_22 1026317 1031729 69900
SRM_1831_300s_100_repeat_Rh_FE_D1_0_23 1026067 1031081 69974
SRM_1831_300s_100_repeat_Rh_FE_D1_0_24 1025346 1031380 69470
SRM_1831_300s_100_repeat_Rh_FE_D1_0_25 1025034 1033680 69712
SRM_1831_300s_100_repeat_Rh_FE_D1_0_26 1026081 1030899 69642
SRM_1831_300s_100_repeat_Rh_FE_D1_0_27 1026378 1031888 69262
SRM_1831_300s_100_repeat_Rh_FE_D1_0_28 1027649 1032317 69964
SRM_1831_300s_100_repeat_Rh_FE_D1_0_29 1025690 1031212 69693
SRM_1831_300s_100_repeat_Rh_FE_D1_0_3  1026997 1032949 69351
SRM_1831_300s_100_repeat_Rh_FE_D1_0_30 1023259 1029856 69188
SRM_1831_300s_100_repeat_Rh_FE_D1_0_31 1025511 1032524 69530
SRM_1831_300s_100_repeat_Rh_FE_D1_0_32 1026451 1029579 69286
SRM_1831_300s_100_repeat_Rh_FE_D1_0_33 1026326 1032641 69973
SRM_1831_300s_100_repeat_Rh_FE_D1_0_34 1024771 1031919 69791
SRM_1831_300s_100_repeat_Rh_FE_D1_0_35 1028023 1031139 69393
SRM_1831_300s_100_repeat_Rh_FE_D1_0_36 1022818 1031005 69261
SRM_1831_300s_100_repeat_Rh_FE_D1_0_37 1026249 1031963 69354
SRM_1831_300s_100_repeat_Rh_FE_D1_0_38 1026265 1033210 69873
SRM_1831_300s_100_repeat_Rh_FE_D1_0_39 1024844 1031457 69841
SRM_1831_300s_100_repeat_Rh_FE_D1_0_4  1027194 1030907 69300
SRM_1831_300s_100_repeat_Rh_FE_D1_0_40 1025020 1028192 69206
SRM_1831_300s_100_repeat_Rh_FE_D1_0_41 1026903 1030813 70238
SRM_1831_300s_100_repeat_Rh_FE_D1_0_42 1025321 1030919 69231
SRM_1831_300s_100_repeat_Rh_FE_D1_0_43 1022920 1030096 69292
SRM_1831_300s_100_repeat_Rh_FE_D1_0_44 1025006 1030253 70103
SRM_1831_300s_100_repeat_Rh_FE_D1_0_45 1023163 1027877 69554
SRM_1831_300s_100_repeat_Rh_FE_D1_0_46 1023816 1031482 69370
SRM_1831_300s_100_repeat_Rh_FE_D1_0_47 1029129 1030542 69757
SRM_1831_300s_100_repeat_Rh_FE_D1_0_48 1027290 1031410 69872
SRM_1831_300s_100_repeat_Rh_FE_D1_0_49 1026415 1031951 69916
SRM_1831_300s_100_repeat_Rh_FE_D1_0_5  1027572 1031436 69413
SRM_1831_300s_100_repeat_Rh_FE_D1_0_50 1026898 1030469 69200
SRM_1831_300s_100_repeat_Rh_FE_D1_0_51 1026989 1031248 69134
SRM_1831_300s_100_repeat_Rh_FE_D1_0_52 1028240 1030972 68987
SRM_1831_300s_100_repeat_Rh_FE_D1_0_53 1023266 1030104 69656
SRM_1831_300s_100_repeat_Rh_FE_D1_0_54 1026474 1031857 69403
SRM_1831_300s_100_repeat_Rh_FE_D1_0_55 1025709 1031789 68628
SRM_1831_300s_100_repeat_Rh_FE_D1_0_56 1026125 1031357 69194
SRM_1831_300s_100_repeat_Rh_FE_D1_0_57 1028955 1030565 69466
SRM_1831_300s_100_repeat_Rh_FE_D1_0_58 1024950 1032137 69715
SRM_1831_300s_100_repeat_Rh_FE_D1_0_59 1026587 1031881 69271
SRM_1831_300s_100_repeat_Rh_FE_D1_0_6  1025834 1030787 69464
SRM_1831_300s_100_repeat_Rh_FE_D1_0_60 1024174 1031167 69366
SRM_1831_300s_100_repeat_Rh_FE_D1_0_61 1025080 1033552 69488
SRM_1831_300s_100_repeat_Rh_FE_D1_0_62 1025694 1032409 70110
SRM_1831_300s_100_repeat_Rh_FE_D1_0_63 1027482 1030330 69511
SRM_1831_300s_100_repeat_Rh_FE_D1_0_64 1027736 1032854 69557
SRM_1831_300s_100_repeat_Rh_FE_D1_0_65 1026751 1031478 68969
SRM_1831_300s_100_repeat_Rh_FE_D1_0_66 1026751 1030712 69254
SRM_1831_300s_100_repeat_Rh_FE_D1_0_67 1026592 1032361 69268
SRM_1831_300s_100_repeat_Rh_FE_D1_0_68 1027361 1032058 69470
SRM_1831_300s_100_repeat_Rh_FE_D1_0_69 1026283 1030844 69455
SRM_1831_300s_100_repeat_Rh_FE_D1_0_7  1025104 1031201 69873
SRM_1831_300s_100_repeat_Rh_FE_D1_0_70 1028460 1032606 69470
SRM_1831_300s_100_repeat_Rh_FE_D1_0_71 1025376 1030080 69531
SRM_1831_300s_100_repeat_Rh_FE_D1_0_72 1026739 1031021 69087
SRM_1831_300s_100_repeat_Rh_FE_D1_0_73 1026268 1030714 69641
SRM_1831_300s_100_repeat_Rh_FE_D1_0_74 1027246 1030741 69150
SRM_1831_300s_100_repeat_Rh_FE_D1_0_75 1025474 1031714 69560
SRM_1831_300s_100_repeat_Rh_FE_D1_0_76 1025852 1030953 70362
SRM_1831_300s_100_repeat_Rh_FE_D1_0_77 1026094 1029947 69389
SRM_1831_300s_100_repeat_Rh_FE_D1_0_78 1024574 1027732 68956
SRM_1831_300s_100_repeat_Rh_FE_D1_0_79 1027716 1030492 69011
SRM_1831_300s_100_repeat_Rh_FE_D1_0_8  1023943 1029425 69211
SRM_1831_300s_100_repeat_Rh_FE_D1_0_80 1026583 1032310 69661
SRM_1831_300s_100_repeat_Rh_FE_D1_0_81 1028987 1033841 69650
SRM_1831_300s_100_repeat_Rh_FE_D1_0_82 1028394 1031047 69690
SRM_1831_300s_100_repeat_Rh_FE_D1_0_83 1027043 1030767 69521
SRM_1831_300s_100_repeat_Rh_FE_D1_0_84 1028253 1031543 69730
SRM_1831_300s_100_repeat_Rh_FE_D1_0_85 1027126 1029840 68780
SRM_1831_300s_100_repeat_Rh_FE_D1_0_86 1028841 1030839 68880
SRM_1831_300s_100_repeat_Rh_FE_D1_0_87 1026982 1032653 69846
SRM_1831_300s_100_repeat_Rh_FE_D1_0_88 1025461 1032212 69549
SRM_1831_300s_100_repeat_Rh_FE_D1_0_89 1029065 1032022 70041
SRM_1831_300s_100_repeat_Rh_FE_D1_0_9  1023816 1030460 69871
SRM_1831_300s_100_repeat_Rh_FE_D1_0_90 1026434 1030996 69442
SRM_1831_300s_100_repeat_Rh_FE_D1_0_91 1025430 1031422 69679
SRM_1831_300s_100_repeat_Rh_FE_D1_0_92 1026701 1031361 69398
SRM_1831_300s_100_repeat_Rh_FE_D1_0_93 1026658 1030852 69427
SRM_1831_300s_100_repeat_Rh_FE_D1_0_94 1026748 1029892 69609
SRM_1831_300s_100_repeat_Rh_FE_D1_0_95 1025701 1030714 69711
SRM_1831_300s_100_repeat_Rh_FE_D1_0_96 1025100 1030230 69447
SRM_1831_300s_100_repeat_Rh_FE_D1_0_97 1027310 1031164 69563
SRM_1831_300s_100_repeat_Rh_FE_D1_0_98 1026236 1028888 69238
SRM_1831_300s_100_repeat_Rh_FE_D1_0_99 1025212 1029075 68988
SRM_1831_300s_100_repeat_Rh_FE_D2_0_0  1082963 1088349 71607
SRM_1831_300s_100_repeat_Rh_FE_D2_0_1  1078180 1084536 72265
SRM_1831_300s_100_repeat_Rh_FE_D2_0_10 1075552 1085237 72740
SRM_1831_300s_100_repeat_Rh_FE_D2_0_11 1076587 1083416 71964
SRM_1831_300s_100_repeat_Rh_FE_D2_0_12 1076086 1084629 71456
SRM_1831_300s_100_repeat_Rh_FE_D2_0_13 1077281 1082178 72082
SRM_1831_300s_100_repeat_Rh_FE_D2_0_14 1077475 1083028 71215
SRM_1831_300s_100_repeat_Rh_FE_D2_0_15 1078774 1085858 71613
SRM_1831_300s_100_repeat_Rh_FE_D2_0_16 1079486 1083746 71832
SRM_1831_300s_100_repeat_Rh_FE_D2_0_17 1079267 1084787 72093
SRM_1831_300s_100_repeat_Rh_FE_D2_0_18 1078684 1084406 72244
SRM_1831_300s_100_repeat_Rh_FE_D2_0_19 1079368 1087166 72216
SRM_1831_300s_100_repeat_Rh_FE_D2_0_2  1078768 1084573 71932
SRM_1831_300s_100_repeat_Rh_FE_D2_0_20 1078252 1084711 72104
SRM_1831_300s_100_repeat_Rh_FE_D2_0_21 1079486 1084102 72666
SRM_1831_300s_100_repeat_Rh_FE_D2_0_22 1080923 1085303 71589
SRM_1831_300s_100_repeat_Rh_FE_D2_0_23 1079898 1085604 72494
SRM_1831_300s_100_repeat_Rh_FE_D2_0_24 1079343 1084356 72688
SRM_1831_300s_100_repeat_Rh_FE_D2_0_25 1078554 1087184 71946
SRM_1831_300s_100_repeat_Rh_FE_D2_0_26 1078028 1084211 71633
SRM_1831_300s_100_repeat_Rh_FE_D2_0_27 1080637 1086904 72375
SRM_1831_300s_100_repeat_Rh_FE_D2_0_28 1079359 1085635 71857
SRM_1831_300s_100_repeat_Rh_FE_D2_0_29 1077692 1085967 72422
SRM_1831_300s_100_repeat_Rh_FE_D2_0_3  1077720 1085286 71374
SRM_1831_300s_100_repeat_Rh_FE_D2_0_30 1080373 1087000 72045
SRM_1831_300s_100_repeat_Rh_FE_D2_0_31 1077242 1082695 71812
SRM_1831_300s_100_repeat_Rh_FE_D2_0_32 1081650 1086490 71805
SRM_1831_300s_100_repeat_Rh_FE_D2_0_33 1080185 1087694 71762
SRM_1831_300s_100_repeat_Rh_FE_D2_0_34 1080035 1085419 73076
SRM_1831_300s_100_repeat_Rh_FE_D2_0_35 1077771 1085519 71117
SRM_1831_300s_100_repeat_Rh_FE_D2_0_36 1079198 1085669 72137
SRM_1831_300s_100_repeat_Rh_FE_D2_0_37 1077706 1087871 71745
SRM_1831_300s_100_repeat_Rh_FE_D2_0_38 1080154 1087616 72738
SRM_1831_300s_100_repeat_Rh_FE_D2_0_39 1077293 1084518 71894
SRM_1831_300s_100_repeat_Rh_FE_D2_0_4  1079242 1087492 72028
SRM_1831_300s_100_repeat_Rh_FE_D2_0_40 1079371 1086057 72764
SRM_1831_300s_100_repeat_Rh_FE_D2_0_41 1078170 1084657 72523
SRM_1831_300s_100_repeat_Rh_FE_D2_0_42 1078710 1085648 71643
SRM_1831_300s_100_repeat_Rh_FE_D2_0_43 1079130 1084259 72242
SRM_1831_300s_100_repeat_Rh_FE_D2_0_44 1075543 1084060 71798
SRM_1831_300s_100_repeat_Rh_FE_D2_0_45 1079358 1085698 71929
SRM_1831_300s_100_repeat_Rh_FE_D2_0_46 1079351 1086110 72545
SRM_1831_300s_100_repeat_Rh_FE_D2_0_47 1079332 1085559 72381
SRM_1831_300s_100_repeat_Rh_FE_D2_0_48 1079004 1085558 72320
SRM_1831_300s_100_repeat_Rh_FE_D2_0_49 1079119 1087432 72045
SRM_1831_300s_100_repeat_Rh_FE_D2_0_5  1080982 1088601 72098
SRM_1831_300s_100_repeat_Rh_FE_D2_0_50 1078992 1086037 72228
SRM_1831_300s_100_repeat_Rh_FE_D2_0_51 1080226 1085438 72194
SRM_1831_300s_100_repeat_Rh_FE_D2_0_52 1079519 1086875 71835
SRM_1831_300s_100_repeat_Rh_FE_D2_0_53 1076458 1084863 70889
SRM_1831_300s_100_repeat_Rh_FE_D2_0_54 1077786 1085763 71846
SRM_1831_300s_100_repeat_Rh_FE_D2_0_55 1079822 1085460 71864
SRM_1831_300s_100_repeat_Rh_FE_D2_0_56 1079693 1085377 72148
SRM_1831_300s_100_repeat_Rh_FE_D2_0_57 1081138 1087575 71550
SRM_1831_300s_100_repeat_Rh_FE_D2_0_58 1080579 1087159 71536
SRM_1831_300s_100_repeat_Rh_FE_D2_0_59 1080423 1087423 72362
SRM_1831_300s_100_repeat_Rh_FE_D2_0_6  1077303 1086119 72388
SRM_1831_300s_100_repeat_Rh_FE_D2_0_60 1080881 1087345 73029
SRM_1831_300s_100_repeat_Rh_FE_D2_0_61 1079861 1088481 71886
SRM_1831_300s_100_repeat_Rh_FE_D2_0_62 1078856 1087513 71432
SRM_1831_300s_100_repeat_Rh_FE_D2_0_63 1080324 1087063 72184
SRM_1831_300s_100_repeat_Rh_FE_D2_0_64 1078203 1084318 72095
SRM_1831_300s_100_repeat_Rh_FE_D2_0_65 1078646 1088212 72535
SRM_1831_300s_100_repeat_Rh_FE_D2_0_66 1078189 1084783 71661
SRM_1831_300s_100_repeat_Rh_FE_D2_0_67 1082241 1087513 71375
SRM_1831_300s_100_repeat_Rh_FE_D2_0_68 1079056 1086513 72212
SRM_1831_300s_100_repeat_Rh_FE_D2_0_69 1079201 1087262 71977
SRM_1831_300s_100_repeat_Rh_FE_D2_0_7  1078585 1084003 72229
SRM_1831_300s_100_repeat_Rh_FE_D2_0_70 1080772 1086612 71737
SRM_1831_300s_100_repeat_Rh_FE_D2_0_71 1080059 1087041 73350
SRM_1831_300s_100_repeat_Rh_FE_D2_0_72 1079384 1087346 72310
SRM_1831_300s_100_repeat_Rh_FE_D2_0_73 1079083 1086388 72207
SRM_1831_300s_100_repeat_Rh_FE_D2_0_74 1080138 1084819 71751
SRM_1831_300s_100_repeat_Rh_FE_D2_0_75 1078729 1085954 72738
SRM_1831_300s_100_repeat_Rh_FE_D2_0_76 1080545 1086777 72412
SRM_1831_300s_100_repeat_Rh_FE_D2_0_77 1077610 1085326 71887
SRM_1831_300s_100_repeat_Rh_FE_D2_0_78 1077329 1086622 71833
SRM_1831_300s_100_repeat_Rh_FE_D2_0_79 1082095 1087043 72269
SRM_1831_300s_100_repeat_Rh_FE_D2_0_8  1076345 1082899 72054
SRM_1831_300s_100_repeat_Rh_FE_D2_0_80 1080902 1086541 71751
SRM_1831_300s_100_repeat_Rh_FE_D2_0_81 1080478 1085250 72313
SRM_1831_300s_100_repeat_Rh_FE_D2_0_82 1080355 1086941 71892
SRM_1831_300s_100_repeat_Rh_FE_D2_0_83 1078956 1086407 71754
SRM_1831_300s_100_repeat_Rh_FE_D2_0_84 1079128 1084354 72471
SRM_1831_300s_100_repeat_Rh_FE_D2_0_85 1081124 1086547 72157
SRM_1831_300s_100_repeat_Rh_FE_D2_0_86 1079810 1085941 71723
SRM_1831_300s_100_repeat_Rh_FE_D2_0_87 1080641 1086968 72339
SRM_1831_300s_100_repeat_Rh_FE_D2_0_88 1081066 1087571 71655
SRM_1831_300s_100_repeat_Rh_FE_D2_0_89 1079214 1085727 71922
SRM_1831_300s_100_repeat_Rh_FE_D2_0_9  1075279 1082331 72075
SRM_1831_300s_100_repeat_Rh_FE_D2_0_90 1079740 1086501 73220
SRM_1831_300s_100_repeat_Rh_FE_D2_0_91 1081302 1085756 72061
SRM_1831_300s_100_repeat_Rh_FE_D2_0_92 1080518 1084674 71769
SRM_1831_300s_100_repeat_Rh_FE_D2_0_93 1073560 1081254 71597
SRM_1831_300s_100_repeat_Rh_FE_D2_0_94 1080651 1085686 71923
SRM_1831_300s_100_repeat_Rh_FE_D2_0_95 1079974 1085464 71980
SRM_1831_300s_100_repeat_Rh_FE_D2_0_96 1079651 1086571 71900
SRM_1831_300s_100_repeat_Rh_FE_D2_0_97 1077469 1087719 71783
SRM_1831_300s_100_repeat_Rh_FE_D2_0_98 1078593 1083282 72111
SRM_1831_300s_100_repeat_Rh_FE_D2_0_99 1077634 1084248 71767


Mean value:                            1052619 1058409 70760
Std. Abw.:                               26607   27458  1350
Std. Abw. rel. [%]:                       2.53    2.59  1.91
Conf. interval:                           1881    1942    95
