Atomic percent (%)

Spectrum                                  Na   Mg   Al    Si    S    K    Ca   Ti   Fe   Sr   Rh
------------------------------------------------------------------------------------------------
SRM_1831_300s_100_repeat_Rh_FE_D1_0_0  18.12 4.93 1.75 63.52 0.19 0.52 10.85 0.02 0.09 0.01 0.00
SRM_1831_300s_100_repeat_Rh_FE_D1_0_1  17.38 4.98 1.73 64.03 0.19 0.53 11.04 0.02 0.09 0.01 0.00
SRM_1831_300s_100_repeat_Rh_FE_D1_0_10 18.11 4.93 1.76 63.47 0.20 0.53 10.88 0.02 0.09 0.01 0.00
SRM_1831_300s_100_repeat_Rh_FE_D1_0_11 17.80 4.89 1.76 63.74 0.20 0.53 10.95 0.02 0.09 0.01 0.00
SRM_1831_300s_100_repeat_Rh_FE_D1_0_12 17.85 4.89 1.78 63.69 0.19 0.53 10.95 0.02 0.09 0.01 0.00
SRM_1831_300s_100_repeat_Rh_FE_D1_0_13 17.76 4.99 1.72 63.72 0.20 0.53 10.97 0.02 0.09 0.01 0.00
SRM_1831_300s_100_repeat_Rh_FE_D1_0_14 17.99 4.91 1.73 63.64 0.19 0.52 10.89 0.02 0.09 0.01 0.00
SRM_1831_300s_100_repeat_Rh_FE_D1_0_15 17.52 4.92 1.76 63.92 0.19 0.53 11.04 0.02 0.09 0.01 0.00
SRM_1831_300s_100_repeat_Rh_FE_D1_0_16 17.42 4.81 1.74 64.10 0.20 0.53 11.07 0.02 0.10 0.01 0.00
SRM_1831_300s_100_repeat_Rh_FE_D1_0_17 17.49 4.82 1.76 64.01 0.20 0.54 11.06 0.02 0.09 0.01 0.00
SRM_1831_300s_100_repeat_Rh_FE_D1_0_18 17.94 4.91 1.72 63.66 0.20 0.53 10.92 0.02 0.09 0.01 0.00
SRM_1831_300s_100_repeat_Rh_FE_D1_0_19 18.07 4.75 1.75 63.67 0.20 0.52 10.91 0.02 0.09 0.01 0.00
SRM_1831_300s_100_repeat_Rh_FE_D1_0_2  16.99 4.88 1.71 64.39 0.20 0.54 11.16 0.02 0.09 0.01 0.00
SRM_1831_300s_100_repeat_Rh_FE_D1_0_20 17.78 4.99 1.78 63.68 0.19 0.52 10.93 0.02 0.09 0.01 0.00
SRM_1831_300s_100_repeat_Rh_FE_D1_0_21 18.10 4.99 1.75 63.46 0.19 0.52 10.87 0.02 0.09 0.01 0.00
SRM_1831_300s_100_repeat_Rh_FE_D1_0_22 17.32 4.78 1.74 64.19 0.19 0.53 11.11 0.02 0.10 0.01 0.00
SRM_1831_300s_100_repeat_Rh_FE_D1_0_23 17.68 4.93 1.75 63.82 0.19 0.53 10.97 0.02 0.09 0.01 0.00
SRM_1831_300s_100_repeat_Rh_FE_D1_0_24 17.88 4.95 1.75 63.64 0.20 0.53 10.93 0.02 0.09 0.01 0.00
SRM_1831_300s_100_repeat_Rh_FE_D1_0_25 17.83 4.83 1.75 63.77 0.19 0.52 10.99 0.02 0.09 0.01 0.00
SRM_1831_300s_100_repeat_Rh_FE_D1_0_26 17.90 4.99 1.75 63.61 0.20 0.52 10.91 0.02 0.09 0.01 0.00
SRM_1831_300s_100_repeat_Rh_FE_D1_0_27 18.23 4.84 1.71 63.50 0.19 0.53 10.88 0.02 0.09 0.01 0.00
SRM_1831_300s_100_repeat_Rh_FE_D1_0_28 17.11 5.05 1.74 64.16 0.20 0.53 11.08 0.02 0.09 0.01 0.00
SRM_1831_300s_100_repeat_Rh_FE_D1_0_29 18.09 4.98 1.75 63.48 0.19 0.52 10.87 0.02 0.09 0.01 0.00
SRM_1831_300s_100_repeat_Rh_FE_D1_0_3  17.62 4.89 1.73 63.92 0.19 0.52 11.01 0.02 0.09 0.01 0.00
SRM_1831_300s_100_repeat_Rh_FE_D1_0_30 17.95 5.06 1.74 63.52 0.19 0.53 10.88 0.02 0.09 0.01 0.00
SRM_1831_300s_100_repeat_Rh_FE_D1_0_31 17.79 4.97 1.73 63.70 0.20 0.52 10.96 0.02 0.09 0.01 0.00
SRM_1831_300s_100_repeat_Rh_FE_D1_0_32 17.82 4.80 1.74 63.82 0.20 0.53 10.97 0.02 0.09 0.01 0.00
SRM_1831_300s_100_repeat_Rh_FE_D1_0_33 17.62 4.84 1.75 63.92 0.19 0.53 11.02 0.02 0.10 0.01 0.00
SRM_1831_300s_100_repeat_Rh_FE_D1_0_34 17.95 5.09 1.70 63.53 0.20 0.52 10.90 0.02 0.09 0.01 0.00
SRM_1831_300s_100_repeat_Rh_FE_D1_0_35 17.74 4.75 1.75 63.92 0.19 0.52 10.99 0.02 0.09 0.01 0.00
SRM_1831_300s_100_repeat_Rh_FE_D1_0_36 17.72 4.98 1.78 63.71 0.20 0.53 10.96 0.02 0.09 0.01 0.00
SRM_1831_300s_100_repeat_Rh_FE_D1_0_37 18.25 4.94 1.70 63.41 0.20 0.52 10.85 0.02 0.09 0.01 0.00
SRM_1831_300s_100_repeat_Rh_FE_D1_0_38 17.61 4.93 1.75 63.86 0.20 0.52 11.01 0.02 0.09 0.01 0.00
SRM_1831_300s_100_repeat_Rh_FE_D1_0_39 17.71 4.90 1.72 63.83 0.19 0.52 11.00 0.02 0.09 0.01 0.00
SRM_1831_300s_100_repeat_Rh_FE_D1_0_4  17.79 4.83 1.75 63.82 0.20 0.53 10.96 0.02 0.09 0.01 0.00
SRM_1831_300s_100_repeat_Rh_FE_D1_0_40 17.65 5.03 1.73 63.80 0.20 0.53 10.94 0.02 0.09 0.01 0.00
SRM_1831_300s_100_repeat_Rh_FE_D1_0_41 18.06 4.84 1.70 63.64 0.20 0.52 10.91 0.02 0.09 0.01 0.00
SRM_1831_300s_100_repeat_Rh_FE_D1_0_42 17.46 4.88 1.74 64.01 0.20 0.53 11.05 0.02 0.09 0.01 0.00
SRM_1831_300s_100_repeat_Rh_FE_D1_0_43 17.66 4.83 1.75 63.88 0.20 0.53 11.02 0.02 0.09 0.01 0.00
SRM_1831_300s_100_repeat_Rh_FE_D1_0_44 17.85 4.85 1.75 63.76 0.19 0.52 10.95 0.02 0.09 0.01 0.00
SRM_1831_300s_100_repeat_Rh_FE_D1_0_45 18.15 4.82 1.69 63.58 0.20 0.52 10.90 0.02 0.09 0.01 0.00
SRM_1831_300s_100_repeat_Rh_FE_D1_0_46 18.26 4.91 1.75 63.37 0.20 0.52 10.86 0.02 0.09 0.01 0.00
SRM_1831_300s_100_repeat_Rh_FE_D1_0_47 18.01 4.84 1.73 63.69 0.19 0.53 10.90 0.02 0.09 0.01 0.00
SRM_1831_300s_100_repeat_Rh_FE_D1_0_48 17.71 4.89 1.71 63.85 0.20 0.53 10.98 0.02 0.09 0.01 0.00
SRM_1831_300s_100_repeat_Rh_FE_D1_0_49 17.53 4.89 1.71 63.97 0.20 0.53 11.04 0.02 0.09 0.01 0.00
SRM_1831_300s_100_repeat_Rh_FE_D1_0_5  17.53 4.86 1.76 63.99 0.19 0.53 11.02 0.02 0.09 0.01 0.00
SRM_1831_300s_100_repeat_Rh_FE_D1_0_50 18.47 4.99 1.75 63.20 0.19 0.52 10.75 0.02 0.09 0.01 0.00
SRM_1831_300s_100_repeat_Rh_FE_D1_0_51 17.70 4.81 1.75 63.89 0.19 0.53 11.01 0.02 0.09 0.01 0.00
SRM_1831_300s_100_repeat_Rh_FE_D1_0_52 17.64 4.90 1.72 63.91 0.19 0.53 10.99 0.02 0.09 0.01 0.00
SRM_1831_300s_100_repeat_Rh_FE_D1_0_53 17.97 4.90 1.74 63.62 0.20 0.52 10.93 0.02 0.09 0.01 0.00
SRM_1831_300s_100_repeat_Rh_FE_D1_0_54 17.77 4.86 1.75 63.79 0.20 0.53 10.97 0.02 0.09 0.01 0.00
SRM_1831_300s_100_repeat_Rh_FE_D1_0_55 17.73 5.02 1.74 63.71 0.19 0.53 10.95 0.02 0.09 0.01 0.00
SRM_1831_300s_100_repeat_Rh_FE_D1_0_56 18.01 4.87 1.71 63.65 0.20 0.53 10.92 0.02 0.09 0.01 0.00
SRM_1831_300s_100_repeat_Rh_FE_D1_0_57 18.30 4.99 1.77 63.34 0.19 0.52 10.77 0.02 0.09 0.01 0.00
SRM_1831_300s_100_repeat_Rh_FE_D1_0_58 18.05 4.94 1.78 63.50 0.19 0.53 10.89 0.02 0.09 0.01 0.00
SRM_1831_300s_100_repeat_Rh_FE_D1_0_59 18.20 4.93 1.71 63.45 0.20 0.53 10.87 0.02 0.09 0.01 0.00
SRM_1831_300s_100_repeat_Rh_FE_D1_0_6  17.92 5.07 1.76 63.55 0.19 0.53 10.87 0.02 0.09 0.01 0.00
SRM_1831_300s_100_repeat_Rh_FE_D1_0_60 18.08 4.97 1.75 63.47 0.20 0.52 10.88 0.02 0.09 0.01 0.00
SRM_1831_300s_100_repeat_Rh_FE_D1_0_61 17.70 4.99 1.72 63.75 0.20 0.53 10.99 0.02 0.09 0.01 0.00
SRM_1831_300s_100_repeat_Rh_FE_D1_0_62 17.83 4.82 1.75 63.75 0.20 0.53 10.98 0.02 0.09 0.01 0.00
SRM_1831_300s_100_repeat_Rh_FE_D1_0_63 17.76 4.97 1.72 63.77 0.19 0.53 10.94 0.02 0.09 0.01 0.00
SRM_1831_300s_100_repeat_Rh_FE_D1_0_64 18.14 4.83 1.77 63.52 0.20 0.53 10.89 0.02 0.09 0.01 0.00
SRM_1831_300s_100_repeat_Rh_FE_D1_0_65 18.00 4.89 1.73 63.64 0.20 0.52 10.90 0.02 0.09 0.01 0.00
SRM_1831_300s_100_repeat_Rh_FE_D1_0_66 17.65 4.96 1.77 63.81 0.19 0.53 10.96 0.02 0.09 0.01 0.00
SRM_1831_300s_100_repeat_Rh_FE_D1_0_67 18.01 4.79 1.73 63.69 0.20 0.52 10.94 0.02 0.09 0.01 0.00
SRM_1831_300s_100_repeat_Rh_FE_D1_0_68 17.59 4.89 1.77 63.90 0.20 0.53 11.00 0.02 0.09 0.01 0.00
SRM_1831_300s_100_repeat_Rh_FE_D1_0_69 18.09 4.90 1.74 63.55 0.20 0.52 10.89 0.02 0.09 0.01 0.00
SRM_1831_300s_100_repeat_Rh_FE_D1_0_7  17.49 4.93 1.75 63.96 0.19 0.53 11.02 0.02 0.09 0.01 0.00
SRM_1831_300s_100_repeat_Rh_FE_D1_0_70 17.77 4.92 1.71 63.80 0.20 0.53 10.95 0.02 0.09 0.01 0.00
SRM_1831_300s_100_repeat_Rh_FE_D1_0_71 17.81 4.95 1.73 63.72 0.20 0.53 10.95 0.02 0.09 0.01 0.00
SRM_1831_300s_100_repeat_Rh_FE_D1_0_72 17.63 4.90 1.73 63.91 0.20 0.53 10.99 0.02 0.09 0.01 0.00
SRM_1831_300s_100_repeat_Rh_FE_D1_0_73 17.62 4.91 1.70 63.93 0.19 0.52 11.01 0.02 0.09 0.01 0.00
SRM_1831_300s_100_repeat_Rh_FE_D1_0_74 17.51 4.85 1.73 64.02 0.20 0.53 11.04 0.02 0.09 0.01 0.00
SRM_1831_300s_100_repeat_Rh_FE_D1_0_75 17.74 4.87 1.77 63.78 0.20 0.52 10.99 0.02 0.09 0.01 0.00
SRM_1831_300s_100_repeat_Rh_FE_D1_0_76 17.77 4.85 1.76 63.80 0.19 0.53 10.97 0.02 0.09 0.01 0.00
SRM_1831_300s_100_repeat_Rh_FE_D1_0_77 17.90 4.85 1.72 63.73 0.20 0.53 10.94 0.02 0.09 0.01 0.00
SRM_1831_300s_100_repeat_Rh_FE_D1_0_78 18.01 5.02 1.75 63.52 0.19 0.52 10.85 0.02 0.09 0.01 0.00
SRM_1831_300s_100_repeat_Rh_FE_D1_0_79 17.85 4.81 1.71 63.83 0.19 0.52 10.96 0.02 0.09 0.01 0.00
SRM_1831_300s_100_repeat_Rh_FE_D1_0_8  17.56 4.92 1.73 63.92 0.20 0.52 11.02 0.02 0.09 0.01 0.00
SRM_1831_300s_100_repeat_Rh_FE_D1_0_80 18.12 4.82 1.70 63.59 0.19 0.53 10.92 0.02 0.09 0.01 0.00
SRM_1831_300s_100_repeat_Rh_FE_D1_0_81 17.88 4.78 1.75 63.78 0.19 0.53 10.96 0.02 0.09 0.01 0.00
SRM_1831_300s_100_repeat_Rh_FE_D1_0_82 17.79 5.01 1.73 63.72 0.19 0.53 10.90 0.02 0.09 0.01 0.00
SRM_1831_300s_100_repeat_Rh_FE_D1_0_83 17.67 4.95 1.75 63.82 0.19 0.52 10.96 0.02 0.09 0.01 0.00
SRM_1831_300s_100_repeat_Rh_FE_D1_0_84 17.45 4.94 1.76 63.99 0.20 0.53 11.01 0.02 0.09 0.01 0.00
SRM_1831_300s_100_repeat_Rh_FE_D1_0_85 18.03 4.93 1.73 63.60 0.19 0.52 10.88 0.02 0.09 0.01 0.00
SRM_1831_300s_100_repeat_Rh_FE_D1_0_86 17.82 4.90 1.70 63.80 0.20 0.53 10.94 0.02 0.09 0.01 0.00
SRM_1831_300s_100_repeat_Rh_FE_D1_0_87 17.75 5.04 1.72 63.70 0.20 0.52 10.94 0.02 0.09 0.01 0.00
SRM_1831_300s_100_repeat_Rh_FE_D1_0_88 17.93 5.05 1.77 63.53 0.20 0.51 10.89 0.02 0.09 0.01 0.00
SRM_1831_300s_100_repeat_Rh_FE_D1_0_89 18.08 4.88 1.77 63.57 0.19 0.51 10.87 0.02 0.09 0.01 0.00
SRM_1831_300s_100_repeat_Rh_FE_D1_0_9  17.83 4.85 1.74 63.76 0.20 0.52 10.98 0.02 0.09 0.01 0.00
SRM_1831_300s_100_repeat_Rh_FE_D1_0_90 17.71 4.96 1.73 63.78 0.20 0.53 10.97 0.02 0.09 0.01 0.00
SRM_1831_300s_100_repeat_Rh_FE_D1_0_91 17.78 4.89 1.75 63.76 0.20 0.54 10.97 0.02 0.09 0.01 0.00
SRM_1831_300s_100_repeat_Rh_FE_D1_0_92 17.83 4.78 1.75 63.81 0.20 0.53 10.98 0.02 0.09 0.01 0.00
SRM_1831_300s_100_repeat_Rh_FE_D1_0_93 17.87 4.76 1.74 63.80 0.20 0.52 10.97 0.02 0.09 0.01 0.00
SRM_1831_300s_100_repeat_Rh_FE_D1_0_94 17.49 4.90 1.73 64.01 0.20 0.53 11.01 0.02 0.09 0.01 0.00
SRM_1831_300s_100_repeat_Rh_FE_D1_0_95 17.79 4.78 1.75 63.85 0.19 0.53 10.98 0.02 0.09 0.01 0.00
SRM_1831_300s_100_repeat_Rh_FE_D1_0_96 17.75 4.99 1.69 63.76 0.19 0.53 10.96 0.02 0.09 0.01 0.00
SRM_1831_300s_100_repeat_Rh_FE_D1_0_97 17.79 5.05 1.75 63.65 0.20 0.53 10.91 0.02 0.09 0.01 0.00
SRM_1831_300s_100_repeat_Rh_FE_D1_0_98 17.47 4.93 1.76 63.99 0.20 0.53 11.00 0.02 0.09 0.01 0.00
SRM_1831_300s_100_repeat_Rh_FE_D1_0_99 18.06 4.79 1.75 63.64 0.19 0.52 10.91 0.02 0.09 0.01 0.00
------------------------------------------------------------------------------------------------
Mean value:                            17.81 4.91 1.74 63.75 0.20 0.53 10.95 0.02 0.09 0.01 0.00
Std. Abw.:                              0.25 0.08 0.02  0.20 0.00 0.00  0.07 0.00 0.00 0.00 0.00
Std. Abw. rel. [%]:                     1.41 1.60 1.23  0.31 2.27 0.93  0.61 3.25 0.88 1.82 0.00
Conf. interval:                         0.03 0.01 0.00  0.02 0.00 0.00  0.01 0.00 0.00 0.00 0.00
