ROI sum

Spectrum                                  Na    Mg    Al      Si     S     K      Ca    Ti     V    Fe    Zn    Sr    Zr     Rh
-------------------------------------------------------------------------------------------------------------------------------
SRM_1831_300s_100_repeat_Rh_FE_D1_0_0  10009 10704 14096 1030844 10502 31524 1036422  9828 11473 91129 59307 80417 55873  95531
SRM_1831_300s_100_repeat_Rh_FE_D1_0_1   9785 10795 13993 1030228 10383 31597 1036156 10002 11461 91274 59699 79977 55937  96044
SRM_1831_300s_100_repeat_Rh_FE_D1_0_10  9947 10677 14061 1024260 10500 31293 1032948  9823 11486 90630 59159 80404 55482  95946
SRM_1831_300s_100_repeat_Rh_FE_D1_0_11  9885 10574 14077 1026752 10516 31359 1033405  9836 11310 91372 59213 80302 55137  95688
SRM_1831_300s_100_repeat_Rh_FE_D1_0_12  9952 10643 14140 1026507 10283 31433 1034248  9886 11567 90929 59316 80464 56128  95577
SRM_1831_300s_100_repeat_Rh_FE_D1_0_13  9891 10802 13884 1024282 10411 31376 1033866 10048 11350 91463 59409 80092 55378  95519
SRM_1831_300s_100_repeat_Rh_FE_D1_0_14  9962 10580 13847 1026561 10418 30990 1031411  9942 11429 90898 58893 79874 55623  95299
SRM_1831_300s_100_repeat_Rh_FE_D1_0_15  9847 10774 14111 1026691 10482 31447 1035588  9990 11459 90535 59688 80080 55685  95462
SRM_1831_300s_100_repeat_Rh_FE_D1_0_16  9790 10615 13954 1027763 10652 31208 1034811  9858 11483 91243 59525 80184 55617  95505
SRM_1831_300s_100_repeat_Rh_FE_D1_0_17  9757 10514 13918 1026906 10405 31624 1034087  9945 11549 90731 59645 80488 55775  95598
SRM_1831_300s_100_repeat_Rh_FE_D1_0_18 10046 10709 13927 1028248 10558 31499 1035042  9873 11560 91503 59082 80269 56201  95973
SRM_1831_300s_100_repeat_Rh_FE_D1_0_19 10027 10508 14088 1028941 10641 31336 1034324  9944 11526 91199 59852 80703 55697  96322
SRM_1831_300s_100_repeat_Rh_FE_D1_0_2   9630 10664 13838 1030239 10621 31494 1036344  9746 11560 90801 59810 80472 55346  96043
SRM_1831_300s_100_repeat_Rh_FE_D1_0_20  9948 10795 14244 1028231 10429 31411 1035254 10005 11423 90431 59720 80075 55928  95915
SRM_1831_300s_100_repeat_Rh_FE_D1_0_21  9988 10797 14087 1028283 10413 31318 1036555  9808 11532 91320 59379 80570 56235  95939
SRM_1831_300s_100_repeat_Rh_FE_D1_0_22  9704 10554 14070 1028476 10494 31315 1035928  9842 11430 91330 59470 80891 55739  96212
SRM_1831_300s_100_repeat_Rh_FE_D1_0_23  9912 10768 14084 1028158 10388 31410 1035199  9849 11562 90848 59917 80759 56230  96214
SRM_1831_300s_100_repeat_Rh_FE_D1_0_24 10033 10694 14064 1027474 10568 31702 1035675  9836 11619 91056 59177 80463 55468  95753
SRM_1831_300s_100_repeat_Rh_FE_D1_0_25  9917 10587 14012 1027073 10374 31091 1037948  9919 11632 91398 59560 80345 55405  96462
SRM_1831_300s_100_repeat_Rh_FE_D1_0_26  9911 10708 13885 1028128 10548 31448 1035152  9865 11571 91241 59520 80287 55463  96194
SRM_1831_300s_100_repeat_Rh_FE_D1_0_27 10133 10707 13961 1028425 10350 31734 1036198  9827 11605 91373 59505 79952 55613  95951
SRM_1831_300s_100_repeat_Rh_FE_D1_0_28  9543 10858 13891 1029735 10521 31491 1036491  9759 11535 91141 59254 79989 55680  96446
SRM_1831_300s_100_repeat_Rh_FE_D1_0_29  9931 10657 13938 1027780 10494 31281 1035563  9954 11540 90688 59051 80113 55933  96096
SRM_1831_300s_100_repeat_Rh_FE_D1_0_3   9832 10683 13898 1028974 10308 31151 1037148  9665 11720 91707 59591 80478 55857  95842
SRM_1831_300s_100_repeat_Rh_FE_D1_0_30 10026 10950 14071 1025303 10332 31416 1034102 10047 11276 91212 59640 80339 55419  95618
SRM_1831_300s_100_repeat_Rh_FE_D1_0_31  9851 10696 13947 1027638 10585 31096 1036693  9923 11490 90743 59647 80315 55502  96239
SRM_1831_300s_100_repeat_Rh_FE_D1_0_32  9893 10521 14038 1028555 10610 31457 1033844  9895 11591 91245 59974 80360 55502  95955
SRM_1831_300s_100_repeat_Rh_FE_D1_0_33  9853 10667 14065 1028456 10387 31300 1037037  9838 11452 91383 59363 80991 55389  96402
SRM_1831_300s_100_repeat_Rh_FE_D1_0_34 10044 10944 13785 1026818 10535 31153 1036103  9916 11438 91177 59542 80502 55422  96134
SRM_1831_300s_100_repeat_Rh_FE_D1_0_35  9837 10539 14046 1030003 10403 31433 1035442  9924 11576 91287 59899 80028 55816  96003
SRM_1831_300s_100_repeat_Rh_FE_D1_0_36  9892 10748 14154 1024854 10441 31543 1035159  9963 11457 90854 58969 80298 55763  95747
SRM_1831_300s_100_repeat_Rh_FE_D1_0_37 10010 10661 13775 1028322 10468 31469 1036203  9852 11395 91735 59649 80039 55429  95927
SRM_1831_300s_100_repeat_Rh_FE_D1_0_38  9780 10638 13999 1028358 10599 31156 1037409  9969 11664 90817 59445 80742 55710  95577
SRM_1831_300s_100_repeat_Rh_FE_D1_0_39  9831 10708 13806 1026942 10458 30994 1035688  9772 11573 91205 59028 80104 55459  96256
SRM_1831_300s_100_repeat_Rh_FE_D1_0_4   9876 10516 14000 1029277 10492 31373 1035043 10028 11479 90809 59656 80364 55964  95905
SRM_1831_300s_100_repeat_Rh_FE_D1_0_40  9757 10707 13851 1027091 10568 31351 1032493  9768 11525 91142 59256 80636 55368  95757
SRM_1831_300s_100_repeat_Rh_FE_D1_0_41 10005 10642 13796 1028950 10492 31387 1035145  9777 11263 91215 59544 80366 55930  96869
SRM_1831_300s_100_repeat_Rh_FE_D1_0_42  9829 10625 14070 1027358 10536 31261 1035208 10017 11336 90576 59154 80149 55319  95623
SRM_1831_300s_100_repeat_Rh_FE_D1_0_43  9806 10523 14003 1025027 10440 31605 1034275  9942 11423 91032 59399 79599 55326  95644
SRM_1831_300s_100_repeat_Rh_FE_D1_0_44  9896 10578 14009 1027100 10482 31187 1034482  9784 11619 90769 59618 80237 55514  96170
SRM_1831_300s_100_repeat_Rh_FE_D1_0_45 10027 10501 13884 1025214 10720 31410 1032134  9853 11281 91248 59445 80033 55739  95971
SRM_1831_300s_100_repeat_Rh_FE_D1_0_46 10092 10655 14140 1025842 10612 31493 1035704  9951 11301 90776 59813 80712 55814  95928
SRM_1831_300s_100_repeat_Rh_FE_D1_0_47  9920 10563 13976 1031240 10311 31643 1034841  9756 11351 91309 59841 80245 55691  96218
SRM_1831_300s_100_repeat_Rh_FE_D1_0_48  9855 10726 13932 1029427 10570 31381 1035654  9889 11524 90894 59322 80837 55540  96128
SRM_1831_300s_100_repeat_Rh_FE_D1_0_49  9845 10751 13872 1028533 10478 31298 1036204  9812 11507 91272 59363 80631 55925  96431
SRM_1831_300s_100_repeat_Rh_FE_D1_0_5   9727 10541 13988 1029723 10537 31444 1035664  9753 11615 90668 59769 80837 55939  95666
SRM_1831_300s_100_repeat_Rh_FE_D1_0_50 10177 10787 13999 1029017 10466 31410 1034743 10023 11446 91018 59506 80427 55734  95388
SRM_1831_300s_100_repeat_Rh_FE_D1_0_51  9819 10553 14099 1028996 10377 31591 1035361  9853 11548 90689 59884 79558 55468  95561
SRM_1831_300s_100_repeat_Rh_FE_D1_0_52  9883 10688 14009 1030363 10277 31310 1035148  9984 11402 90978 59276 80209 55610  95231
SRM_1831_300s_100_repeat_Rh_FE_D1_0_53  9945 10732 14107 1025377 10470 31180 1034308  9793 11464 90951 59325 80543 55724  96134
SRM_1831_300s_100_repeat_Rh_FE_D1_0_54  9958 10717 14118 1028569 10471 31427 1036119  9874 11351 91232 59080 80616 55683  96076
SRM_1831_300s_100_repeat_Rh_FE_D1_0_55  9847 10894 14038 1027885 10528 31679 1036145  9764 11581 90960 59872 80526 55673  95190
SRM_1831_300s_100_repeat_Rh_FE_D1_0_56 10020 10700 13812 1028110 10364 31440 1035518  9859 11471 91074 59380 80304 55382  95640
SRM_1831_300s_100_repeat_Rh_FE_D1_0_57 10074 10768 14158 1031024 10563 31336 1034838  9895 11519 90859 59200 80377 55391  96025
SRM_1831_300s_100_repeat_Rh_FE_D1_0_58  9952 10693 14182 1027100 10433 31522 1036321  9809 11453 91468 60013 80443 55489  96189
SRM_1831_300s_100_repeat_Rh_FE_D1_0_59 10053 10658 13989 1028652 10494 31626 1036095  9887 11489 91349 59656 80556 55795  96045
SRM_1831_300s_100_repeat_Rh_FE_D1_0_6   9982 10882 14145 1028001 10401 31585 1035174  9972 11392 91140 60086 80096 55459  96162
SRM_1831_300s_100_repeat_Rh_FE_D1_0_60  9980 10725 14028 1026266 10527 31297 1035395  9917 11459 91121 59348 80531 55208  96158
SRM_1831_300s_100_repeat_Rh_FE_D1_0_61  9860 10833 13906 1027089 10382 31780 1037726  9962 11506 91279 59120 80628 55494  95907
SRM_1831_300s_100_repeat_Rh_FE_D1_0_62  9803 10557 13937 1027700 10586 31626 1036508  9919 11550 91229 59691 80263 55978  95933
SRM_1831_300s_100_repeat_Rh_FE_D1_0_63  9916 10761 13932 1029525 10413 31380 1034559  9831 11391 91200 59954 80330 55767  95764
SRM_1831_300s_100_repeat_Rh_FE_D1_0_64 10078 10632 14123 1029747 10631 31462 1036971  9899 11583 91287 59477 80045 55954  95999
SRM_1831_300s_100_repeat_Rh_FE_D1_0_65 10055 10684 14030 1028793 10424 31179 1035726 10091 11323 91410 59967 80620 55882  95451
SRM_1831_300s_100_repeat_Rh_FE_D1_0_66  9879 10744 14171 1028819 10398 31530 1035032  9953 11469 91584 60085 80576 55805  96005
SRM_1831_300s_100_repeat_Rh_FE_D1_0_67  9962 10570 13828 1028596 10530 31349 1036645  9884 11602 91144 59134 80210 55436  95277
SRM_1831_300s_100_repeat_Rh_FE_D1_0_68  9894 10771 14270 1029495 10579 31622 1036114  9914 11663 91238 59352 79985 55395  95881
SRM_1831_300s_100_repeat_Rh_FE_D1_0_69  9973 10593 14021 1028376 10567 31350 1035068  9845 11369 90755 59285 80703 55262  95832
SRM_1831_300s_100_repeat_Rh_FE_D1_0_7   9714 10651 14020 1027185 10365 31597 1035560  9778 11368 90778 59435 80141 55871  95945
SRM_1831_300s_100_repeat_Rh_FE_D1_0_70  9910 10770 13863 1030432 10613 31647 1037074  9907 11370 91434 59314 80259 55380  95664
SRM_1831_300s_100_repeat_Rh_FE_D1_0_71  9889 10687 14002 1027429 10573 31477 1034410  9766 11561 91158 59211 80338 55553  96248
SRM_1831_300s_100_repeat_Rh_FE_D1_0_72  9845 10648 13899 1028886 10492 31384 1035296  9768 11471 90791 59353 80641 55906  95524
SRM_1831_300s_100_repeat_Rh_FE_D1_0_73  9819 10701 13847 1028452 10339 31298 1035042  9891 11406 91359 59796 80205 55043  95664
SRM_1831_300s_100_repeat_Rh_FE_D1_0_74  9837 10639 13811 1029291 10423 31483 1035075  9938 11613 90677 59289 80812 55454  95928
SRM_1831_300s_100_repeat_Rh_FE_D1_0_75  9855 10635 14054 1027552 10603 31101 1035889  9767 11459 91221 59411 79997 55742  96102
SRM_1831_300s_100_repeat_Rh_FE_D1_0_76  9892 10587 14092 1028084 10476 31337 1035204  9892 11485 91121 59094 79723 55996  96305
SRM_1831_300s_100_repeat_Rh_FE_D1_0_77  9939 10617 13857 1028166 10672 31584 1034078  9725 11759 91108 59624 79793 55569  95600
SRM_1831_300s_100_repeat_Rh_FE_D1_0_78 10007 10878 14077 1026717 10562 31643 1031922  9744 11704 91417 59560 80628 55648  95439
SRM_1831_300s_100_repeat_Rh_FE_D1_0_79  9961 10588 13875 1029822 10376 31227 1034658  9977 11552 91185 59773 80039 55370  95538
SRM_1831_300s_100_repeat_Rh_FE_D1_0_8   9792 10663 13829 1025884 10540 31267 1033642  9928 11577 91023 59915 80269 55581  95886
SRM_1831_300s_100_repeat_Rh_FE_D1_0_80  9963 10469 13752 1028708 10417 31838 1036508 10042 11728 91072 59714 80775 55632  96153
SRM_1831_300s_100_repeat_Rh_FE_D1_0_81  9957 10593 14248 1030923 10334 31385 1038019 10132 11462 90758 59630 80663 55461  96223
SRM_1831_300s_100_repeat_Rh_FE_D1_0_82  9738 10755 13866 1030552 10431 31470 1035162  9883 11493 91046 59265 79992 55898  95927
SRM_1831_300s_100_repeat_Rh_FE_D1_0_83  9846 10704 14008 1029114 10488 31222 1034913  9892 11493 91106 60087 80126 55743  96181
SRM_1831_300s_100_repeat_Rh_FE_D1_0_84  9722 10679 14041 1030295 10564 31405 1035651  9901 11410 91570 59414 80633 55607  96386
SRM_1831_300s_100_repeat_Rh_FE_D1_0_85 10102 10772 13939 1029255 10459 31366 1034113  9912 11579 91201 59343 80477 56070  95334
SRM_1831_300s_100_repeat_Rh_FE_D1_0_86  9939 10795 13955 1031031 10610 31653 1035187  9885 11582 90956 59338 80510 55483  95727
SRM_1831_300s_100_repeat_Rh_FE_D1_0_87  9881 10829 13894 1028960 10578 31325 1036905  9941 11456 91302 59986 80507 55427  96276
SRM_1831_300s_100_repeat_Rh_FE_D1_0_88  9937 10859 14125 1027576 10531 31028 1036442  9841 11384 91280 59168 80385 55962  95976
SRM_1831_300s_100_repeat_Rh_FE_D1_0_89 10069 10642 14243 1031228 10349 31075 1036380  9995 11504 91144 59379 80602 55866  95960
SRM_1831_300s_100_repeat_Rh_FE_D1_0_9   9849 10482 13940 1025910 10507 31035 1034737  9884 11554 90618 58985 80235 55236  96144
SRM_1831_300s_100_repeat_Rh_FE_D1_0_90  9914 10855 14030 1028559 10565 31317 1035183  9878 11538 90682 59617 80281 55826  95802
SRM_1831_300s_100_repeat_Rh_FE_D1_0_91  9968 10698 13951 1027572 10647 31766 1035671  9842 11278 91356 58940 80417 55533  96151
SRM_1831_300s_100_repeat_Rh_FE_D1_0_92 10047 10658 14179 1028797 10541 31363 1035500  9635 11424 90469 59459 80236 55669  95814
SRM_1831_300s_100_repeat_Rh_FE_D1_0_93 10021 10498 14025 1028732 10652 31211 1034982  9840 11592 90710 59428 80093 55461  95531
SRM_1831_300s_100_repeat_Rh_FE_D1_0_94  9766 10654 13957 1028885 10698 31300 1033986  9875 11556 90876 59425 80293 55654  96298
SRM_1831_300s_100_repeat_Rh_FE_D1_0_95  9827 10493 14024 1027754 10330 31656 1034874  9802 11616 90567 59301 80417 55750  95799
SRM_1831_300s_100_repeat_Rh_FE_D1_0_96  9871 10757 13682 1027216 10474 31491 1034559  9927 11329 90970 59071 80196 55674  95679
SRM_1831_300s_100_repeat_Rh_FE_D1_0_97  9859 10881 14056 1029293 10576 31604 1035301  9910 11389 90929 59280 80664 55675  95603
SRM_1831_300s_100_repeat_Rh_FE_D1_0_98  9702 10690 13953 1028302 10464 31482 1033062  9805 11390 90533 59606 80005 55132  95561
SRM_1831_300s_100_repeat_Rh_FE_D1_0_99  9939 10507 13967 1027283 10507 31353 1033321  9869 11367 90470 59945 79776 55786  95486
SRM_1831_300s_100_repeat_Rh_FE_D2_0_0  10350 11296 15237 1085189 10891 32804 1093055 10396 12198 95636 61793 82774 58903  99169
SRM_1831_300s_100_repeat_Rh_FE_D2_0_1  10369 11021 15016 1080493 11124 33045 1089191 10424 12174 95953 61481 81939 58221  99625
SRM_1831_300s_100_repeat_Rh_FE_D2_0_10 10405 11265 15072 1077853 11001 33147 1089887 10467 12065 95345 61505 81996 58544  99523
SRM_1831_300s_100_repeat_Rh_FE_D2_0_11 10315 11194 15061 1078829 10984 33595 1088008 10530 12137 95476 61501 81907 58550  99433
SRM_1831_300s_100_repeat_Rh_FE_D2_0_12 10357 11067 15302 1078419 10747 33249 1089189 10580 12224 95722 61729 82344 58546  98929
SRM_1831_300s_100_repeat_Rh_FE_D2_0_13 10252 11355 15046 1079526 10790 33230 1086873 10514 12301 96119 61774 82184 58166  99030
SRM_1831_300s_100_repeat_Rh_FE_D2_0_14 10241 11325 14928 1079823 10958 33017 1087750 10538 12315 95476 62035 82266 58753  98762
SRM_1831_300s_100_repeat_Rh_FE_D2_0_15 10617 11109 14987 1080998 10918 33001 1090552 10650 12143 95284 61452 82071 58004  99165
SRM_1831_300s_100_repeat_Rh_FE_D2_0_16 10298 11229 14970 1081794 10980 32888 1088287 10400 12372 96224 61643 81675 58474  99264
SRM_1831_300s_100_repeat_Rh_FE_D2_0_17 10407 11214 14934 1081630 10887 33241 1089398 10480 12165 95917 61772 82356 58522  99521
SRM_1831_300s_100_repeat_Rh_FE_D2_0_18 10225 11212 15003 1080943 10928 33418 1089020 10463 11998 95931 62285 82549 58425  99697
SRM_1831_300s_100_repeat_Rh_FE_D2_0_19 10498 11207 14885 1081862 10794 33083 1091862 10483 12104 95323 62050 82525 58208  99631
SRM_1831_300s_100_repeat_Rh_FE_D2_0_2  10428 11072 15246 1081099 10888 33451 1089299 10471 12151 96010 62457 82110 58237  99684
SRM_1831_300s_100_repeat_Rh_FE_D2_0_20 10384 11275 14994 1080615 10597 33238 1089321 10378 12267 96036 62163 82080 58606  99605
SRM_1831_300s_100_repeat_Rh_FE_D2_0_21 10408 11118 15082 1081815 11130 33366 1088766 10478 12244 96155 62360 82250 58675  99608
SRM_1831_300s_100_repeat_Rh_FE_D2_0_22 10499 11193 15042 1083236 10887 33196 1089937 10309 12152 96141 62312 82210 58353  99428
SRM_1831_300s_100_repeat_Rh_FE_D2_0_23 10429 11293 15257 1082223 10989 33404 1090357 10409 12270 95790 62211 82437 58743  99700
SRM_1831_300s_100_repeat_Rh_FE_D2_0_24 10410 11211 15240 1081701 10905 33033 1088865 10502 12250 95756 62171 82235 58637  99746
SRM_1831_300s_100_repeat_Rh_FE_D2_0_25 10300 11136 15049 1080912 10791 33053 1091891 10429 12166 95699 62502 82663 58718  99596
SRM_1831_300s_100_repeat_Rh_FE_D2_0_26 10467 11061 15184 1080339 10748 33288 1088984 10538 12270 94906 62020 82101 58386  99195
SRM_1831_300s_100_repeat_Rh_FE_D2_0_27 10364 11184 14965 1082829 11034 33242 1091442 10580 12215 95840 62404 82723 58398  99518
SRM_1831_300s_100_repeat_Rh_FE_D2_0_28 10207 11320 15007 1081675 10730 33410 1090276 10495 12211 95673 62015 82474 58679  99157
SRM_1831_300s_100_repeat_Rh_FE_D2_0_29 10291 11092 14899 1080046 10922 33189 1090557 10524 12298 95880 62539 83361 58911  99720
SRM_1831_300s_100_repeat_Rh_FE_D2_0_3  10356 11209 15388 1080021 10813 33221 1089809 10474 12259 95519 61822 82906 58587  98988
SRM_1831_300s_100_repeat_Rh_FE_D2_0_30 10344 11276 14871 1082745 10864 33204 1091603 10567 12372 95678 61600 82685 59006  99463
SRM_1831_300s_100_repeat_Rh_FE_D2_0_31 10465 11399 15174 1079580 10835 33121 1087278 10364 12265 94773 61546 82709 58537  99107
SRM_1831_300s_100_repeat_Rh_FE_D2_0_32 10337 11394 15198 1083830 10947 33386 1091149 10599 12094 95553 62569 82395 58442  99290
SRM_1831_300s_100_repeat_Rh_FE_D2_0_33 10265 11134 15179 1082485 10952 33212 1092396 10262 12209 95902 61852 81836 58384  99360
SRM_1831_300s_100_repeat_Rh_FE_D2_0_34 10558 11267 15183 1082294 10908 33522 1089982 10585 12313 96101 62207 82886 58738 100452
SRM_1831_300s_100_repeat_Rh_FE_D2_0_35 10391 11369 14972 1080163 10949 33350 1090227 10389 12134 95858 62224 82032 58481  98942
SRM_1831_300s_100_repeat_Rh_FE_D2_0_36 10570 11250 14992 1081504 10932 33275 1090322 10519 12123 95846 61751 82544 58071  99010
SRM_1831_300s_100_repeat_Rh_FE_D2_0_37 10373 11230 15057 1080002 10871 33210 1092524 10521 12138 95990 61923 82532 58634  99209
SRM_1831_300s_100_repeat_Rh_FE_D2_0_38 10398 11253 14865 1082379 10971 33258 1092188 10405 12407 95629 61865 82303 58426  99979
SRM_1831_300s_100_repeat_Rh_FE_D2_0_39 10359 11272 14768 1079608 10859 33052 1089246 10460 12302 95911 61712 82270 58568  99747
SRM_1831_300s_100_repeat_Rh_FE_D2_0_4  10348 11254 15213 1081533 10892 33492 1092178 10498 12175 96416 62068 82730 59216  99548
SRM_1831_300s_100_repeat_Rh_FE_D2_0_40 10408 11320 15004 1081734 10891 33154 1090835 10402 12153 96237 62203 82282 58561 100242
SRM_1831_300s_100_repeat_Rh_FE_D2_0_41 10459 11410 15044 1080650 10948 33569 1089403 10834 12369 95741 61648 82208 58741  99941
SRM_1831_300s_100_repeat_Rh_FE_D2_0_42 10217 11336 14919 1081013 10964 33398 1090170 10473 12320 95390 61907 82135 58491  99072
SRM_1831_300s_100_repeat_Rh_FE_D2_0_43 10267 11136 15063 1081324 10896 33386 1088892 10334 12133 95464 61718 82344 58015  99618
SRM_1831_300s_100_repeat_Rh_FE_D2_0_44 10286 11167 14993 1077716 10968 33352 1088667 10532 12262 95655 61648 82390 58242  98838
SRM_1831_300s_100_repeat_Rh_FE_D2_0_45 10346 11057 14910 1081614 11065 33203 1090264 10612 12319 95498 62023 82203 58326  99595
SRM_1831_300s_100_repeat_Rh_FE_D2_0_46 10352 11294 15196 1081755 11017 33400 1090776 10425 12176 95712 61662 82258 59084 100081
SRM_1831_300s_100_repeat_Rh_FE_D2_0_47 10325 11088 14871 1081624 10969 32958 1090328 10419 12054 95218 62086 82040 58458  99781
SRM_1831_300s_100_repeat_Rh_FE_D2_0_48 10454 11241 15152 1081241 10833 33444 1090181 10461 12225 95642 61606 82278 58643  99657
SRM_1831_300s_100_repeat_Rh_FE_D2_0_49 10377 11259 15040 1081403 10849 32938 1092091 10706 12296 96072 62061 83123 58770  99385
SRM_1831_300s_100_repeat_Rh_FE_D2_0_5  10486 11308 15136 1083237 10977 33397 1093228 10446 12390 95888 62419 82705 58855  99360
SRM_1831_300s_100_repeat_Rh_FE_D2_0_50 10195 11154 14944 1081327 11003 33168 1090733 10622 12149 95384 61992 82403 58506  99671
SRM_1831_300s_100_repeat_Rh_FE_D2_0_51 10405 11142 15011 1082513 11023 33070 1090216 10549 12368 95748 61473 82771 58211  99786
SRM_1831_300s_100_repeat_Rh_FE_D2_0_52 10323 11201 15124 1081846 11010 33400 1091607 10617 12424 96131 61814 82119 58497  99367
SRM_1831_300s_100_repeat_Rh_FE_D2_0_53 10344 11176 15221 1078726 10823 33294 1089477 10581 12383 96152 61523 82002 58878  98555
SRM_1831_300s_100_repeat_Rh_FE_D2_0_54 10334 11227 15184 1080129 11138 33510 1090484 10429 12375 95862 61972 82456 58431  99570
SRM_1831_300s_100_repeat_Rh_FE_D2_0_55 10547 11386 15268 1082065 11019 33255 1090107 10643 12056 95938 62330 82417 58403  99482
SRM_1831_300s_100_repeat_Rh_FE_D2_0_56 10311 11327 14972 1082027 10908 33622 1090120 10395 12128 95644 61454 82191 58151  99659
SRM_1831_300s_100_repeat_Rh_FE_D2_0_57 10487 11214 15045 1083401 10885 33170 1092266 10740 12347 95233 62249 82651 58183  99359
SRM_1831_300s_100_repeat_Rh_FE_D2_0_58 10530 11270 14852 1082999 10939 33504 1091812 10486 12297 96224 61730 82228 58616  99341
SRM_1831_300s_100_repeat_Rh_FE_D2_0_59 10528 11223 15078 1082740 11094 33504 1092081 10579 12322 95730 62015 82383 58041  99990
SRM_1831_300s_100_repeat_Rh_FE_D2_0_6  10317 11240 15084 1079640 10780 33510 1090839 10497 12137 95183 62088 82216 58671 100048
SRM_1831_300s_100_repeat_Rh_FE_D2_0_60 10390 11235 15143 1083221 10842 33226 1091862 10585 12310 95652 62025 82526 58291  99968
SRM_1831_300s_100_repeat_Rh_FE_D2_0_61 10448 11243 14851 1082191 11045 33350 1093054 10600 12233 95406 61673 82400 58540  99295
SRM_1831_300s_100_repeat_Rh_FE_D2_0_62 10350 11108 14976 1081153 10923 33190 1092099 10632 12114 95204 61947 82708 58628  98654
SRM_1831_300s_100_repeat_Rh_FE_D2_0_63 10379 11152 15176 1082657 10998 33572 1091793 10517 12522 95731 61810 82873 58533  99406
SRM_1831_300s_100_repeat_Rh_FE_D2_0_64 10354 11370 15184 1080406 10984 33196 1089015 10505 12265 95720 62002 82159 58272  99375
SRM_1831_300s_100_repeat_Rh_FE_D2_0_65 10516 11296 14829 1080936 11115 33241 1092801 10651 12093 96000 61972 82283 58047  99771
SRM_1831_300s_100_repeat_Rh_FE_D2_0_66 10254 11209 15171 1080424 11059 33251 1089336 10572 12143 95474 62087 82298 58637  99180
SRM_1831_300s_100_repeat_Rh_FE_D2_0_67 10505 11174 14910 1084517 10979 33365 1092208 10672 12301 96396 61896 82513 58188  99120
SRM_1831_300s_100_repeat_Rh_FE_D2_0_68 10290 11096 15076 1081231 10917 33666 1090935 10522 12158 95402 62052 82684 57942  99410
SRM_1831_300s_100_repeat_Rh_FE_D2_0_69 10259 11145 14763 1081591 10822 33190 1091951 10504 12019 95386 61845 82276 58364  99193
SRM_1831_300s_100_repeat_Rh_FE_D2_0_7  10341 11273 14983 1080874 10871 33492 1088781 10594 12211 95770 62145 82016 58319  99554
SRM_1831_300s_100_repeat_Rh_FE_D2_0_70 10537 11240 14841 1083172 10882 33245 1091116 10177 12310 95780 61742 82815 58242  99476
SRM_1831_300s_100_repeat_Rh_FE_D2_0_71 10488 11245 15038 1082392 11022 33129 1091651 10634 11967 96092 61768 82671 58492 100436
SRM_1831_300s_100_repeat_Rh_FE_D2_0_72 10456 11315 15185 1081668 10984 33598 1092044 10739 12099 96180 62291 82620 58191  99085
SRM_1831_300s_100_repeat_Rh_FE_D2_0_73 10640 11185 15066 1081430 11111 33187 1091025 10462 12179 95738 62254 82483 58489  99597
SRM_1831_300s_100_repeat_Rh_FE_D2_0_74 10350 11407 15078 1082400 10875 33229 1089546 10642 12383 95591 61924 82569 58541  99557
SRM_1831_300s_100_repeat_Rh_FE_D2_0_75 10335 11046 14923 1080954 10752 33161 1090560 10402 12049 95416 61923 82270 58272  99729
SRM_1831_300s_100_repeat_Rh_FE_D2_0_76 10439 11258 15124 1082873 10943 32912 1091498 10377 12347 95609 61987 81913 58554 100053
SRM_1831_300s_100_repeat_Rh_FE_D2_0_77 10379 11190 15152 1079977 10954 33622 1089999 10280 12266 95160 61459 82482 58595  99491
SRM_1831_300s_100_repeat_Rh_FE_D2_0_78 10312 11161 15068 1079679 10896 33167 1091259 10792 12141 95924 61689 82049 58800  99501
SRM_1831_300s_100_repeat_Rh_FE_D2_0_79 10388 11109 15022 1084297 10952 33359 1091503 10647 12426 95927 61922 82261 58319 100178
SRM_1831_300s_100_repeat_Rh_FE_D2_0_8  10218 11025 14928 1078754 10818 33116 1087384 10633 12338 95431 61565 82366 58872  99484
SRM_1831_300s_100_repeat_Rh_FE_D2_0_80 10368 11420 15096 1083210 10911 33093 1091179 10419 12284 95844 62201 82141 58615  99573
SRM_1831_300s_100_repeat_Rh_FE_D2_0_81 10200 11113 15241 1082676 10924 33231 1090007 10551 12113 95960 62311 82641 58299  99425
SRM_1831_300s_100_repeat_Rh_FE_D2_0_82 10297 11317 15021 1082674 11018 33336 1091635 10547 12254 96140 61866 82736 57947  99614
SRM_1831_300s_100_repeat_Rh_FE_D2_0_83 10371 11200 15006 1081325 10864 33414 1090982 10575 12235 95463 61606 82627 58260  99369
SRM_1831_300s_100_repeat_Rh_FE_D2_0_84 10241 11276 14886 1081399 10991 33082 1089058 10463 12001 95697 62038 82647 58271  99608
SRM_1831_300s_100_repeat_Rh_FE_D2_0_85 10407 11146 14973 1083444 10789 33366 1091233 10313 12054 95861 62176 82228 58209  99590
SRM_1831_300s_100_repeat_Rh_FE_D2_0_86 10344 11130 15112 1082056 10860 33094 1090620 10413 12124 95346 61768 82206 58497  99068
SRM_1831_300s_100_repeat_Rh_FE_D2_0_87 10349 11225 15194 1082871 10880 33233 1091560 10445 12241 95624 62248 82213 58443  99676
SRM_1831_300s_100_repeat_Rh_FE_D2_0_88 10432 11147 14961 1083351 11163 33310 1092162 10660 12233 96135 61706 83196 58881  99150
SRM_1831_300s_100_repeat_Rh_FE_D2_0_89 10446 11167 14850 1081462 11157 33505 1090394 10656 12176 95749 62060 82265 58466  99670
SRM_1831_300s_100_repeat_Rh_FE_D2_0_9  10336 11185 15257 1077604 10833 33147 1087024 10686 12131 95104 61724 82456 58781  99666
SRM_1831_300s_100_repeat_Rh_FE_D2_0_90 10403 11337 15074 1082187 10958 33242 1091206 10645 12081 95702 61919 82663 58212 100551
SRM_1831_300s_100_repeat_Rh_FE_D2_0_91 10628 11186 15194 1083630 10887 33278 1090412 10602 12197 95554 61435 82559 58631  99597
SRM_1831_300s_100_repeat_Rh_FE_D2_0_92 10242 11349 15161 1082793 10884 33069 1089248 10392 12359 95632 61774 82147 58597  99329
SRM_1831_300s_100_repeat_Rh_FE_D2_0_93 10367 11107 14940 1075974 10863 33108 1085780 10645 12198 95026 61743 81756 57942  98966
SRM_1831_300s_100_repeat_Rh_FE_D2_0_94 10491 11067 14900 1083118 10885 33185 1090394 10611 12145 95634 61951 82315 58277  99457
SRM_1831_300s_100_repeat_Rh_FE_D2_0_95 10210 11264 15007 1082391 10980 33165 1090023 10558 12310 95678 61928 82070 58074  99513
SRM_1831_300s_100_repeat_Rh_FE_D2_0_96 10398 11267 15054 1081972 10992 33153 1091247 10281 12265 96102 62326 82465 58428  99082
SRM_1831_300s_100_repeat_Rh_FE_D2_0_97 10295 11087 14966 1079792 10773 33424 1092286 10538 12046 95262 62097 82195 58057  98862
SRM_1831_300s_100_repeat_Rh_FE_D2_0_98 10410 11118 14637 1080878 10961 32826 1087827 10374 12240 95430 61821 82738 58179  98972
SRM_1831_300s_100_repeat_Rh_FE_D2_0_99 10369 11200 15172 1079994 11162 33160 1088758 10365 12425 95440 62380 81754 58490  99317


Mean value:                            10142 10949 14519 1054813 10709 32332 1062844 10198 11856 93385 60715 81359 57052  97686
Std. Abw.:                               259   288   543   26722   242   948   27666   334   383  2347  1261  1067  1437   1829
Std. Abw. rel. [%]:                     2.55  2.63  3.74    2.53  2.26  2.93    2.60  3.27  3.23  2.51  2.08  1.31  2.52   1.87
Conf. interval:                           18    20    38    1890    17    67    1956    24    27   166    89    75   102    129
