Net counts

Spectrum                                 Na   Mg    Al      Si    S     K      Ca   Ti    Fe    Sr    Rh
--------------------------------------------------------------------------------------------------------
SRM_1831_300s_100_repeat_Rh_FE_D1_0_0  6813 7512 10303 1125147 6308 30478 1261167 4369 81716 24496 84425
SRM_1831_300s_100_repeat_Rh_FE_D1_0_1  6424 7556 10126 1124350 6199 30333 1261536 4503 81898 23904 84991
SRM_1831_300s_100_repeat_Rh_FE_D1_0_10 6771 7478 10303 1118266 6732 30429 1257900 4439 80840 24740 85004
SRM_1831_300s_100_repeat_Rh_FE_D1_0_11 6611 7412 10319 1120280 6570 30272 1257695 4365 81663 24957 84426
SRM_1831_300s_100_repeat_Rh_FE_D1_0_12 6636 7417 10405 1119927 6396 30578 1258965 4341 81495 24870 84882
SRM_1831_300s_100_repeat_Rh_FE_D1_0_13 6578 7538 10024 1117360 6427 30400 1257163 4387 82227 23791 84610
SRM_1831_300s_100_repeat_Rh_FE_D1_0_14 6713 7447 10155 1120887 6394 29887 1255420 4591 81882 23632 85336
SRM_1831_300s_100_repeat_Rh_FE_D1_0_15 6468 7444 10272 1120460 6329 30384 1260950 4586 81673 23736 84709
SRM_1831_300s_100_repeat_Rh_FE_D1_0_16 6404 7261 10166 1121347 6622 29973 1258461 4300 82351 24057 84100
SRM_1831_300s_100_repeat_Rh_FE_D1_0_17 6439 7270 10259 1120796 6569 30619 1259888 4251 81178 24487 85027
SRM_1831_300s_100_repeat_Rh_FE_D1_0_18 6696 7459 10089 1122902 6663 30473 1260155 4425 81690 24648 84701
SRM_1831_300s_100_repeat_Rh_FE_D1_0_19 6746 7209 10285 1123542 6591 30293 1259032 4486 81171 24643 85323
SRM_1831_300s_100_repeat_Rh_FE_D1_0_2  6206 7365  9962 1124570 6581 30509 1261156 4289 80962 24439 85521
SRM_1831_300s_100_repeat_Rh_FE_D1_0_20 6636 7590 10477 1122284 6370 30259 1260343 4513 80853 24167 85217
SRM_1831_300s_100_repeat_Rh_FE_D1_0_21 6795 7596 10331 1122283 6299 30223 1261877 4385 81332 24460 85319
SRM_1831_300s_100_repeat_Rh_FE_D1_0_22 6359 7220 10191 1123456 6305 30220 1261542 4405 81549 24969 85369
SRM_1831_300s_100_repeat_Rh_FE_D1_0_23 6568 7477 10274 1122742 6349 30504 1260346 4399 81015 25052 86182
SRM_1831_300s_100_repeat_Rh_FE_D1_0_24 6673 7512 10273 1121904 6579 30508 1260481 4438 81129 24482 85373
SRM_1831_300s_100_repeat_Rh_FE_D1_0_25 6621 7314 10240 1121693 6161 29761 1262835 4437 81459 24344 85703
SRM_1831_300s_100_repeat_Rh_FE_D1_0_26 6691 7591 10256 1122271 6484 30402 1260450 4447 81327 24399 85469
SRM_1831_300s_100_repeat_Rh_FE_D1_0_27 6832 7354 10033 1122788 6382 30712 1261675 4279 82009 23733 85147
SRM_1831_300s_100_repeat_Rh_FE_D1_0_28 6300 7663 10199 1124002 6469 30262 1261567 4283 81654 23941 85831
SRM_1831_300s_100_repeat_Rh_FE_D1_0_29 6784 7576 10277 1121207 6349 30015 1260132 4444 81111 24493 85664
SRM_1831_300s_100_repeat_Rh_FE_D1_0_3  6525 7407 10144 1123299 6265 29916 1261158 4127 82295 24703 84537
SRM_1831_300s_100_repeat_Rh_FE_D1_0_30 6710 7691 10224 1119254 6290 30575 1257521 4777 81373 24492 84841
SRM_1831_300s_100_repeat_Rh_FE_D1_0_31 6623 7543 10173 1121290 6559 30141 1261563 4406 81087 24298 86061
SRM_1831_300s_100_repeat_Rh_FE_D1_0_32 6618 7271 10196 1122883 6555 30348 1259525 4459 81836 24302 85641
SRM_1831_300s_100_repeat_Rh_FE_D1_0_33 6520 7325 10260 1122603 6321 30223 1261311 4235 82396 25122 86090
SRM_1831_300s_100_repeat_Rh_FE_D1_0_34 6716 7743  9951 1121170 6557 30071 1261505 4521 81570 24224 85960
SRM_1831_300s_100_repeat_Rh_FE_D1_0_35 6579 7190 10280 1124326 6341 29996 1259451 4424 81476 24235 85026
SRM_1831_300s_100_repeat_Rh_FE_D1_0_36 6584 7546 10412 1119652 6553 30740 1259464 4523 81539 24633 85043
SRM_1831_300s_100_repeat_Rh_FE_D1_0_37 6855 7514 10004 1121869 6546 30471 1260890 4383 82387 23731 85328
SRM_1831_300s_100_repeat_Rh_FE_D1_0_38 6527 7476 10238 1122460 6419 30045 1262591 4400 81288 25161 85751
SRM_1831_300s_100_repeat_Rh_FE_D1_0_39 6564 7422 10062 1121216 6368 29911 1260780 4354 80950 24219 85876
SRM_1831_300s_100_repeat_Rh_FE_D1_0_4  6615 7319 10265 1124073 6490 30424 1260073 4800 81042 24399 85008
SRM_1831_300s_100_repeat_Rh_FE_D1_0_40 6556 7625 10117 1121347 6562 30224 1256375 4440 81672 25009 84635
SRM_1831_300s_100_repeat_Rh_FE_D1_0_41 6745 7346 10019 1123422 6559 30260 1259838 4225 81680 24668 86142
SRM_1831_300s_100_repeat_Rh_FE_D1_0_42 6439 7381 10178 1122068 6516 30286 1260650 4573 81301 24641 85018
SRM_1831_300s_100_repeat_Rh_FE_D1_0_43 6522 7286 10222 1119446 6579 30539 1258294 4437 81350 23333 84835
SRM_1831_300s_100_repeat_Rh_FE_D1_0_44 6633 7346 10261 1121303 6332 30090 1258785 4453 80955 24069 85346
SRM_1831_300s_100_repeat_Rh_FE_D1_0_45 6772 7300  9920 1120052 6677 30341 1257093 4463 82084 24223 85473
SRM_1831_300s_100_repeat_Rh_FE_D1_0_46 6851 7464 10309 1119468 6741 30415 1260400 4568 81648 24722 85252
SRM_1831_300s_100_repeat_Rh_FE_D1_0_47 6734 7355 10156 1125513 6205 30536 1260275 4106 82276 23969 85855
SRM_1831_300s_100_repeat_Rh_FE_D1_0_48 6577 7417 10049 1123846 6490 30286 1260456 4647 81706 25441 85117
SRM_1831_300s_100_repeat_Rh_FE_D1_0_49 6474 7400 10028 1122174 6473 30372 1260608 4389 81505 25129 85938
SRM_1831_300s_100_repeat_Rh_FE_D1_0_5  6488 7361 10307 1124449 6231 30401 1261288 4295 81278 25040 85319
SRM_1831_300s_100_repeat_Rh_FE_D1_0_50 7005 7630 10363 1123275 6501 30381 1259479 4626 81184 24075 84654
SRM_1831_300s_100_repeat_Rh_FE_D1_0_51 6560 7279 10276 1123719 6356 30766 1261660 4376 81130 23360 84942
SRM_1831_300s_100_repeat_Rh_FE_D1_0_52 6546 7427 10103 1124324 6243 30428 1260106 4477 81419 24064 84687
SRM_1831_300s_100_repeat_Rh_FE_D1_0_53 6694 7421 10178 1119416 6490 30154 1258463 4212 81729 24533 85423
SRM_1831_300s_100_repeat_Rh_FE_D1_0_54 6602 7368 10275 1122596 6537 30515 1260478 4324 82271 24795 85068
SRM_1831_300s_100_repeat_Rh_FE_D1_0_55 6603 7629 10211 1122117 6427 30606 1260981 4268 81639 24580 84444
SRM_1831_300s_100_repeat_Rh_FE_D1_0_56 6720 7386 10028 1122714 6494 30400 1259930 4271 81131 24098 84525
SRM_1831_300s_100_repeat_Rh_FE_D1_0_57 6927 7639 10482 1125699 6452 30269 1258872 4286 80769 24285 84961
SRM_1831_300s_100_repeat_Rh_FE_D1_0_58 6762 7512 10449 1121526 6330 30515 1261413 4430 82129 24639 85274
SRM_1831_300s_100_repeat_Rh_FE_D1_0_59 6839 7506 10051 1123221 6548 30676 1262288 4309 82564 24550 84938
SRM_1831_300s_100_repeat_Rh_FE_D1_0_6  6719 7730 10372 1123060 6197 30563 1260020 4225 81668 24303 84836
SRM_1831_300s_100_repeat_Rh_FE_D1_0_60 6778 7562 10313 1121044 6563 30343 1261394 4579 81278 24126 85203
SRM_1831_300s_100_repeat_Rh_FE_D1_0_61 6574 7572 10053 1121799 6478 30842 1263488 4270 81885 24667 85645
SRM_1831_300s_100_repeat_Rh_FE_D1_0_62 6624 7309 10268 1122167 6707 30840 1262147 4471 81592 24276 85103
SRM_1831_300s_100_repeat_Rh_FE_D1_0_63 6620 7548 10110 1124195 6420 30428 1259614 4304 81259 24681 85498
SRM_1831_300s_100_repeat_Rh_FE_D1_0_64 6806 7352 10427 1124148 6682 30687 1262821 4516 82082 24294 85426
SRM_1831_300s_100_repeat_Rh_FE_D1_0_65 6724 7423 10160 1122972 6458 30295 1259207 4483 81802 24618 84626
SRM_1831_300s_100_repeat_Rh_FE_D1_0_66 6567 7533 10408 1123509 6357 30396 1259733 4393 81509 24562 84715
SRM_1831_300s_100_repeat_Rh_FE_D1_0_67 6713 7252 10157 1122864 6699 30328 1260558 4196 81693 24325 84767
SRM_1831_300s_100_repeat_Rh_FE_D1_0_68 6520 7412 10359 1123504 6567 30649 1260369 4666 81742 24019 85448
SRM_1831_300s_100_repeat_Rh_FE_D1_0_69 6771 7442 10215 1122187 6519 30139 1259932 4401 80947 24547 84866
SRM_1831_300s_100_repeat_Rh_FE_D1_0_7  6460 7459 10219 1121169 6253 30393 1258709 4191 81766 24217 85527
SRM_1831_300s_100_repeat_Rh_FE_D1_0_70 6622 7481 10047 1125445 6622 30541 1260921 4202 81651 23873 85375
SRM_1831_300s_100_repeat_Rh_FE_D1_0_71 6624 7506 10134 1121409 6559 30368 1259459 4633 81473 24565 84830
SRM_1831_300s_100_repeat_Rh_FE_D1_0_72 6535 7421 10138 1123195 6477 30246 1258666 4387 81394 24626 84337
SRM_1831_300s_100_repeat_Rh_FE_D1_0_73 6520 7428  9961 1122495 6141 30024 1260105 4320 82169 24287 84769
SRM_1831_300s_100_repeat_Rh_FE_D1_0_74 6463 7332 10108 1122998 6516 30292 1259898 4400 81239 25037 84572
SRM_1831_300s_100_repeat_Rh_FE_D1_0_75 6581 7383 10377 1120885 6543 30119 1261316 4208 81370 24263 85136
SRM_1831_300s_100_repeat_Rh_FE_D1_0_76 6600 7357 10309 1122547 6361 30530 1260645 4542 82424 23989 86058
SRM_1831_300s_100_repeat_Rh_FE_D1_0_77 6661 7352 10067 1122043 6681 30639 1258283 4318 81609 23749 84804
SRM_1831_300s_100_repeat_Rh_FE_D1_0_78 6744 7637 10292 1120700 6422 30455 1256111 4350 81996 24549 84506
SRM_1831_300s_100_repeat_Rh_FE_D1_0_79 6633 7283 10031 1123995 6387 30161 1259819 4652 81983 24176 84780
SRM_1831_300s_100_repeat_Rh_FE_D1_0_8  6483 7434 10109 1119953 6432 30034 1258578 4544 80928 24009 85268
SRM_1831_300s_100_repeat_Rh_FE_D1_0_80 6773 7312 10006 1122918 6363 30977 1261882 4578 81394 24694 85562
SRM_1831_300s_100_repeat_Rh_FE_D1_0_81 6667 7266 10326 1125715 6213 30428 1263374 4673 81480 24595 85703
SRM_1831_300s_100_repeat_Rh_FE_D1_0_82 6647 7638 10148 1125301 6387 30679 1259140 4344 81199 24187 85668
SRM_1831_300s_100_repeat_Rh_FE_D1_0_83 6563 7508 10289 1122627 6379 30073 1259365 4516 81662 23869 85601
SRM_1831_300s_100_repeat_Rh_FE_D1_0_84 6458 7491 10316 1124093 6622 30241 1259677 4534 82216 24803 85361
SRM_1831_300s_100_repeat_Rh_FE_D1_0_85 6747 7493 10139 1122899 6226 30216 1257993 4560 81599 24689 84216
SRM_1831_300s_100_repeat_Rh_FE_D1_0_86 6635 7431  9986 1124684 6448 30619 1258673 4319 81120 24450 84092
SRM_1831_300s_100_repeat_Rh_FE_D1_0_87 6620 7664 10115 1123231 6708 30184 1261637 4376 81293 24329 85905
SRM_1831_300s_100_repeat_Rh_FE_D1_0_88 6717 7698 10408 1121837 6513 29847 1261607 4430 81932 24279 85394
SRM_1831_300s_100_repeat_Rh_FE_D1_0_89 6784 7431 10437 1124840 6250 29928 1261082 4341 81683 24637 86147
SRM_1831_300s_100_repeat_Rh_FE_D1_0_9  6615 7332 10203 1120172 6481 29983 1259612 4380 81247 24708 85828
SRM_1831_300s_100_repeat_Rh_FE_D1_0_90 6586 7528 10148 1122765 6546 30400 1260810 4380 81053 24381 85143
SRM_1831_300s_100_repeat_Rh_FE_D1_0_91 6610 7418 10266 1122524 6473 30888 1260845 4221 82035 24492 85754
SRM_1831_300s_100_repeat_Rh_FE_D1_0_92 6624 7245 10293 1122928 6427 30455 1260871 4049 80743 24334 85322
SRM_1831_300s_100_repeat_Rh_FE_D1_0_93 6635 7203 10191 1122608 6721 30159 1260109 4569 80949 24169 85309
SRM_1831_300s_100_repeat_Rh_FE_D1_0_94 6461 7418 10122 1123064 6637 30170 1257517 4633 81225 24089 85147
SRM_1831_300s_100_repeat_Rh_FE_D1_0_95 6590 7224 10272 1121401 6336 30562 1258410 4318 81087 24403 84918
SRM_1831_300s_100_repeat_Rh_FE_D1_0_96 6596 7575  9914 1121687 6336 30612 1259630 4259 81521 24666 85423
SRM_1831_300s_100_repeat_Rh_FE_D1_0_97 6649 7693 10288 1123476 6658 30698 1259917 4470 81381 25164 85104
SRM_1831_300s_100_repeat_Rh_FE_D1_0_98 6460 7470 10275 1122916 6491 30535 1257189 4371 81108 24076 84244
SRM_1831_300s_100_repeat_Rh_FE_D1_0_99 6735 7259 10294 1121228 6398 30249 1257555 4325 81311 24154 84729
--------------------------------------------------------------------------------------------------------
Mean value:                            6628 7443 10205 1122415 6458 30360 1260030 4408 81535 24401 85180
Std. Abw.:                              132  132   133    1651  144   247    1570  143   424   397   498
Std. Abw. rel. [%]:                    1.99 1.78  1.30    0.15 2.22  0.81    0.12 3.23  0.52  1.63  0.59
Conf. interval:                          13   13    13     165   14    25     157   14    42    40    50
