Net counts

Spectrum                          Na    Mg    Al      Si     S     K      Ca   Ti     Fe    Sr     Rh
-----------------------------------------------------------------------------------------------------
SRM_1831_300s_20x20det_1_0_0    9979 11127 15664 1677420  9477 44884 1855831 6623 119361 36364 126498
SRM_1831_300s_20x20det_1_0_1   10126 11183 15330 1671657  9719 45223 1854700 6714 118789 37153 128367
SRM_1831_300s_20x20det_1_0_10  10278 11504 15589 1678400  9778 44483 1858440 6282 119829 36442 127645
SRM_1831_300s_20x20det_1_0_11  10010 11211 15596 1676867  9664 45598 1865290 6717 119226 36684 127413
SRM_1831_300s_20x20det_1_0_12   9737 11312 15367 1679558  9569 45804 1864204 6449 118964 37271 127520
SRM_1831_300s_20x20det_1_0_13  10170 11187 15684 1674561  9976 45430 1864922 6895 119956 36730 128276
SRM_1831_300s_20x20det_1_0_14  10456 11149 15576 1674119  9586 45529 1861719 6566 118929 37330 128350
SRM_1831_300s_20x20det_1_0_15  10289 11011 15338 1676055  9848 45148 1864057 6345 118928 36078 128086
SRM_1831_300s_20x20det_1_0_16  10310 11385 15378 1676143  9813 45132 1862898 6326 119727 36048 128118
SRM_1831_300s_20x20det_1_0_17  10271 11276 15340 1674766  9648 45439 1859106 6409 119660 36785 128040
SRM_1831_300s_20x20det_1_0_18  10117 11032 15141 1678633  9460 45579 1865452 6680 120207 37317 128060
SRM_1831_300s_20x20det_1_0_19  10225 11120 15529 1677161  9798 45118 1862717 6603 118716 37284 128362
SRM_1831_300s_20x20det_1_0_2   10029 11203 15275 1669240  9426 44774 1850475 6770 118842 36047 127085
SRM_1831_300s_20x20det_1_0_3   10155 11061 15242 1680127  9410 45164 1860096 6476 119308 36755 127755
SRM_1831_300s_20x20det_1_0_4   10104 11235 15349 1673750  9567 44574 1859397 6422 119621 36484 126865
SRM_1831_300s_20x20det_1_0_5   10184 11216 15622 1672770  9625 44982 1859497 6589 119223 36253 127895
SRM_1831_300s_20x20det_1_0_6   10159 11080 15457 1678652  9689 45098 1867336 6429 120625 36264 128490
SRM_1831_300s_20x20det_1_0_7   10035 11332 15380 1677650  9640 45186 1864761 6644 118846 36444 127443
SRM_1831_300s_20x20det_1_0_8   10143 11242 15434 1681131  9468 45331 1865413 6722 119849 37094 128706
SRM_1831_300s_20x20det_1_0_9    9592 11213 14663 1633216  9677 44978 1856152 6154 118124 36472 127549
SRM_1831_300s_20x20det_1_10_0  10203 11494 15490 1678019  9681 45281 1863944 6107 118999 36122 128895
SRM_1831_300s_20x20det_1_10_1   1441  1445  2186  241435  1299  6545  268987  939  16922  5165  17878
SRM_1831_300s_20x20det_1_10_10  9965 11207 15156 1659543  9936 44774 1857703 6628 119238 36519 129326
SRM_1831_300s_20x20det_1_10_11 10174 11351 15334 1672456  9782 44896 1860109 6147 118920 36256 127527
SRM_1831_300s_20x20det_1_10_12 10212 10850 15218 1673525  9733 45387 1863125 6617 119600 35783 128133
SRM_1831_300s_20x20det_1_10_13 10296 11299 15496 1672841  9870 45160 1860684 6835 120326 37160 128597
SRM_1831_300s_20x20det_1_10_14 10210 11209 15455 1676335  9780 45006 1861967 6526 119750 36440 128005
SRM_1831_300s_20x20det_1_10_15  9855 11625 15161 1673602  9641 45141 1860083 6654 118559 36972 128749
SRM_1831_300s_20x20det_1_10_16 10231 11307 15614 1675910  9852 45214 1861325 6559 119006 37494 128720
SRM_1831_300s_20x20det_1_10_17 10055 11003 15109 1671925  9823 44968 1859888 6725 119264 36785 129339
SRM_1831_300s_20x20det_1_10_18  9762 10919 15517 1668169  9880 44993 1859916 6175 119108 37012 128505
SRM_1831_300s_20x20det_1_10_19  9884 11228 15477 1676517  9833 45398 1861685 6526 118318 36437 128161
SRM_1831_300s_20x20det_1_10_2  10111 11424 15444 1675661  9665 44732 1859350 6705 119384 36002 127860
SRM_1831_300s_20x20det_1_10_3  10192 11033 15435 1672930  9524 44753 1861628 6595 120494 36887 129172
SRM_1831_300s_20x20det_1_10_4  10048 11277 15214 1675199  9786 44814 1856037 6327 118909 37538 128056
SRM_1831_300s_20x20det_1_10_5  10060 11287 15797 1675199  9801 45062 1858854 6643 119094 36628 129177
SRM_1831_300s_20x20det_1_10_6  10225 10965 15473 1672161  9760 44979 1860478 6289 118727 35586 127077
SRM_1831_300s_20x20det_1_10_7   9935 11160 15441 1672569  9747 45375 1861537 6783 118330 36301 128575
SRM_1831_300s_20x20det_1_10_8   9850 10918 15435 1676282  9707 44865 1858328 6534 120561 36587 128574
SRM_1831_300s_20x20det_1_10_9   9825 11280 15349 1675750  9940 45234 1860680 6314 119751 36306 128788
SRM_1831_300s_20x20det_1_11_0   9831 11174 15167 1668239  9691 44915 1854374 6647 119098 37015 129924
SRM_1831_300s_20x20det_1_11_1   9849 11166 15242 1674464  9837 44947 1859755 6689 118568 36417 128367
SRM_1831_300s_20x20det_1_11_10 10069 11194 15367 1674289  9505 45206 1860618 6070 119732 36155 129490
SRM_1831_300s_20x20det_1_11_11 10237 11210 15511 1676040  9829 45281 1863399 6866 119008 36558 128952
SRM_1831_300s_20x20det_1_11_12 10080 10960 15421 1673631  9382 45350 1859431 6526 119486 36572 128295
SRM_1831_300s_20x20det_1_11_13 10043 11086 15453 1675868  9987 45339 1859184 6597 119434 36456 127757
SRM_1831_300s_20x20det_1_11_14 10102 11408 15204 1676692  9823 45125 1862257 6518 119445 36583 127741
SRM_1831_300s_20x20det_1_11_15 10041 11203 15329 1671654  9762 45056 1860889 6920 118645 36421 128418
SRM_1831_300s_20x20det_1_11_16  9930 11296 15197 1672084  9884 45175 1861947 6577 119158 36730 128071
SRM_1831_300s_20x20det_1_11_17  9351 10386 14441 1616787  9449 44872 1852603 6568 119241 36226 128672
SRM_1831_300s_20x20det_1_11_18  9976 11043 15658 1674535  9944 45390 1863127 6378 119406 37214 128494
SRM_1831_300s_20x20det_1_11_19  9844 10924 15355 1672112  9629 45296 1859018 6522 118579 36327 127694
SRM_1831_300s_20x20det_1_11_2  10262 11461 15694 1669330  9688 45255 1857630 6488 118162 37247 127148
SRM_1831_300s_20x20det_1_11_3   9899 11072 15518 1672276  9694 45303 1861349 6612 119130 36785 128118
SRM_1831_300s_20x20det_1_11_4  10125 10913 15336 1670321  9850 44972 1856511 6525 118934 36647 128115
SRM_1831_300s_20x20det_1_11_5   9969 11162 15450 1675237  9796 45372 1860758 6392 119535 36662 128188
SRM_1831_300s_20x20det_1_11_6  10372 11135 15155 1674063  9611 44931 1861944 6505 119019 36144 128462
SRM_1831_300s_20x20det_1_11_7  10104 11167 15400 1675489  9653 45020 1859456 6450 118980 36408 127999
SRM_1831_300s_20x20det_1_11_8   9966 11159 15504 1674457  9745 45195 1858370 6412 120408 36819 128577
SRM_1831_300s_20x20det_1_11_9   9910 11171 15184 1665729  9414 45199 1853009 6560 119469 36116 128448
SRM_1831_300s_20x20det_1_12_0  10076 11253 15768 1672119  9523 45215 1858978 6370 119134 36258 128946
SRM_1831_300s_20x20det_1_12_1  10026 11147 15523 1673936  9747 45127 1864100 6962 119379 36617 129166
SRM_1831_300s_20x20det_1_12_10 10070 11308 15171 1678532  9717 45208 1863797 6673 119839 36704 128456
SRM_1831_300s_20x20det_1_12_11 10026 11221 15331 1670049  9504 44895 1858006 6671 118669 36561 127485
SRM_1831_300s_20x20det_1_12_12 10186 11188 15354 1673217  9429 44154 1858001 6287 119468 36890 128212
SRM_1831_300s_20x20det_1_12_13  9998 10995 15364 1675188  9670 45009 1860624 6692 119491 36238 127910
SRM_1831_300s_20x20det_1_12_14 10329 10971 15444 1672132  9806 45385 1858173 6522 119078 36892 128487
SRM_1831_300s_20x20det_1_12_15  9681 11195 15151 1672583  9642 44451 1858539 6563 119612 36720 128369
SRM_1831_300s_20x20det_1_12_16 10273 11315 15311 1671093  9539 45567 1858394 6559 118945 36675 127386
SRM_1831_300s_20x20det_1_12_17 10014 11122 15722 1671753  9684 45176 1861708 6820 119590 36592 128522
SRM_1831_300s_20x20det_1_12_18 10073 11068 15164 1670500  9603 45109 1858874 6452 120412 36222 128890
SRM_1831_300s_20x20det_1_12_19 10069 10904 15079 1660917  9522 45040 1856161 6289 118406 36830 128695
SRM_1831_300s_20x20det_1_12_2  10002 11068 15025 1676539  9544 45385 1862948 6549 120220 37384 128396
SRM_1831_300s_20x20det_1_12_3  10009 10966 15151 1673705  9627 45060 1863371 6915 119877 36331 128845
SRM_1831_300s_20x20det_1_12_4  10238 11055 15374 1671234  9880 44847 1856512 6567 118716 36296 129236
SRM_1831_300s_20x20det_1_12_5   9756 11317 15228 1672597  9429 45001 1859423 6530 119344 37479 128526
SRM_1831_300s_20x20det_1_12_6   9683 11056 15495 1674374  9809 45209 1858967 6526 119775 36618 128984
SRM_1831_300s_20x20det_1_12_7   9979 11041 15282 1676641  9537 44609 1860095 6140 119609 36198 128036
SRM_1831_300s_20x20det_1_12_8  10116 11078 15213 1673316  9814 45574 1857437 6560 119910 37625 128748
SRM_1831_300s_20x20det_1_12_9   9964 11277 15563 1673614  9417 45668 1861757 6626 119351 36469 126858
SRM_1831_300s_20x20det_1_13_0  10049 11134 15695 1673959  9838 46001 1860057 6547 118815 36914 129279
SRM_1831_300s_20x20det_1_13_1  10284 11054 15392 1672780  9879 45274 1861442 6682 119538 35450 128650
SRM_1831_300s_20x20det_1_13_10  9839 11158 15235 1678884  9738 45649 1862289 6518 120236 37225 128094
SRM_1831_300s_20x20det_1_13_11 10093 11130 15512 1678948  9590 45099 1863217 6781 120133 36872 128316
SRM_1831_300s_20x20det_1_13_12 10151 11411 15296 1664867  9664 44689 1856253 6336 118910 36669 127067
SRM_1831_300s_20x20det_1_13_13 10041 10933 15698 1678533  9667 44936 1862927 6637 119041 35924 128750
SRM_1831_300s_20x20det_1_13_14 10199 11245 15566 1674580  9922 45119 1861079 6313 118995 36434 128141
SRM_1831_300s_20x20det_1_13_15  9912 11231 15302 1676480  9754 45431 1859640 6628 119425 37301 128235
SRM_1831_300s_20x20det_1_13_16  9791 11232 15351 1675453  9753 45378 1864835 6750 119435 37485 129060
SRM_1831_300s_20x20det_1_13_17 10156 11324 15210 1674075  9887 45213 1858747 6670 118661 37542 128274
SRM_1831_300s_20x20det_1_13_18 10373 11292 15590 1679366  9850 45486 1864082 6443 119838 36758 128982
SRM_1831_300s_20x20det_1_13_19 10287 11089 15265 1676123  9938 45101 1863468 6473 120208 36376 128718
SRM_1831_300s_20x20det_1_13_2  10151 11306 15590 1671987  9849 44559 1861155 6941 119568 37110 128603
SRM_1831_300s_20x20det_1_13_3  10060 11022 15213 1674244  9490 45314 1856706 6549 119802 36815 127445
SRM_1831_300s_20x20det_1_13_4  10107 10995 15324 1671404  9531 44694 1858217 6229 118758 37150 128072
SRM_1831_300s_20x20det_1_13_5  10064 11240 15355 1671647  9560 45188 1858098 6790 118511 36830 128996
SRM_1831_300s_20x20det_1_13_6  10021 11114 15278 1674220  9308 45075 1860846 6526 119230 37268 129024
SRM_1831_300s_20x20det_1_13_7  10240 11292 15524 1668955  9728 45343 1861155 6539 119269 36000 128722
SRM_1831_300s_20x20det_1_13_8   9951 10998 15764 1675946  9714 44902 1861842 6934 119835 36323 127634
SRM_1831_300s_20x20det_1_13_9  10102 11158 15504 1671925  9897 44870 1859688 6533 119579 37302 128128
SRM_1831_300s_20x20det_1_14_0   9936 11383 15398 1678794  9928 45132 1863909 6644 119001 37019 129653
SRM_1831_300s_20x20det_1_14_1   9705 11273 15466 1673743  9856 45060 1862264 6521 118810 35539 129879
SRM_1831_300s_20x20det_1_14_10 10058 11351 15548 1677012  9750 44882 1861850 6378 118839 37498 129485
SRM_1831_300s_20x20det_1_14_11  9902 11228 15571 1675169  9947 45005 1860142 6662 118961 37148 129006
SRM_1831_300s_20x20det_1_14_12 10056 10950 15278 1677545  9676 45373 1859044 6689 119673 36541 128969
SRM_1831_300s_20x20det_1_14_13 10211 11221 15456 1678571  9739 45159 1862723 6506 119205 35947 129098
SRM_1831_300s_20x20det_1_14_14  9974 11284 15097 1678071  9456 45536 1862830 6531 119529 37351 128681
SRM_1831_300s_20x20det_1_14_15 10163 11143 15501 1675060 10099 45367 1859643 6527 119538 37143 127869
SRM_1831_300s_20x20det_1_14_16 10002 11233 15248 1676415  9972 44886 1862626 6731 119366 36894 127532
SRM_1831_300s_20x20det_1_14_17 10181 11388 15326 1676255  9811 44371 1860471 6391 120047 36358 129002
SRM_1831_300s_20x20det_1_14_18 10121 11176 15549 1675848  9739 45161 1861723 6327 118688 35909 128175
SRM_1831_300s_20x20det_1_14_19  9798 11052 15144 1676746  9858 45558 1861473 6759 119193 37018 128333
SRM_1831_300s_20x20det_1_14_2   9916 11235 15316 1671418  9851 45096 1861007 6990 118502 36115 127972
SRM_1831_300s_20x20det_1_14_3   9820 11110 15155 1675340  9832 45411 1859211 6287 118885 36484 128441
SRM_1831_300s_20x20det_1_14_4  10062 11140 15318 1673768  9879 45503 1860058 6463 118709 37482 128891
SRM_1831_300s_20x20det_1_14_5   9961 11092 15615 1674693  9196 44800 1857422 6713 119259 37299 127891
SRM_1831_300s_20x20det_1_14_6   9927 11523 15243 1675384  9365 45212 1860178 6531 118559 36527 129620
SRM_1831_300s_20x20det_1_14_7  10109 11042 15267 1669925 10009 44871 1861304 6576 119577 36604 128880
SRM_1831_300s_20x20det_1_14_8  10188 10984 15682 1673681  9993 45557 1858151 7008 119619 36970 127715
SRM_1831_300s_20x20det_1_14_9   9198 10700 14788 1621403  9401 44052 1850450 6411 118613 36347 127421
SRM_1831_300s_20x20det_1_15_0  10083 11118 15590 1677344  9895 45119 1863404 6782 119299 37237 129908
SRM_1831_300s_20x20det_1_15_1  10221 11244 15442 1678155  9694 45770 1860721 6832 118991 36619 128339
SRM_1831_300s_20x20det_1_15_10 10068 10987 15133 1673736 10023 45227 1859275 6838 118936 36570 127663
SRM_1831_300s_20x20det_1_15_11  9946 11269 15528 1671108  9748 45291 1858215 6675 118672 36665 127573
SRM_1831_300s_20x20det_1_15_12 10166 11195 15593 1671483  9757 45414 1859181 6259 119325 35888 129262
SRM_1831_300s_20x20det_1_15_13  9945 11241 15343 1673987  9789 44302 1858060 6618 119510 36236 128153
SRM_1831_300s_20x20det_1_15_14 10130 11044 15211 1670013 10163 45113 1857515 6546 119148 36612 128819
SRM_1831_300s_20x20det_1_15_15 10132 11172 15252 1672671  9637 45207 1861994 6664 119448 37195 127923
SRM_1831_300s_20x20det_1_15_16 10072 11359 15606 1677404  9886 44890 1864831 6612 119858 36425 128695
SRM_1831_300s_20x20det_1_15_17 10136 11135 15736 1678071  9685 45015 1862400 6342 119734 36896 127704
SRM_1831_300s_20x20det_1_15_18 10070 11385 15661 1675052  9644 45006 1859660 6428 119636 36134 127878
SRM_1831_300s_20x20det_1_15_19 10095 11259 14927 1679212  9722 45214 1863946 6373 119126 37021 128816
SRM_1831_300s_20x20det_1_15_2   9955 11409 15287 1673018  9867 45096 1866265 6384 120041 37132 128980
SRM_1831_300s_20x20det_1_15_3  10080 11065 15176 1675139  9855 45127 1859674 6661 118986 36989 128828
SRM_1831_300s_20x20det_1_15_4  10048 11177 14963 1671135  9693 45644 1860357 6129 119706 37392 127744
SRM_1831_300s_20x20det_1_15_5  10051 11167 15277 1675242  9790 44844 1861174 6348 119107 37833 128002
SRM_1831_300s_20x20det_1_15_6  10034 11129 15195 1675686  9651 45125 1865882 6850 119681 36292 128607
SRM_1831_300s_20x20det_1_15_7   9906 11087 15098 1675955  9803 45258 1861242 6502 118719 36005 129378
SRM_1831_300s_20x20det_1_15_8  10113 11289 15268 1673500  9132 45047 1859011 6789 118893 36571 128689
SRM_1831_300s_20x20det_1_15_9  10148 11087 15372 1674105  9712 45163 1857607 6245 118362 36324 128340
SRM_1831_300s_20x20det_1_16_0  10049 11280 15677 1676689  9750 45253 1862795 6461 119492 36448 129250
SRM_1831_300s_20x20det_1_16_1  10051 11491 15686 1675725  9710 44998 1861951 6710 119778 36543 127872
SRM_1831_300s_20x20det_1_16_10 10186 11100 15321 1675649  9609 45060 1861821 6579 119061 37141 128670
SRM_1831_300s_20x20det_1_16_11 10025 11348 15430 1677695  9826 45867 1862800 6599 120163 36678 128043
SRM_1831_300s_20x20det_1_16_12  9909 10990 15101 1674057  9661 45169 1863926 6655 119163 36749 126950
SRM_1831_300s_20x20det_1_16_13  8571  9806 13892 1543785 14194 44587 1842068 6525 119289 37113 128210
SRM_1831_300s_20x20det_1_16_14 10087 11344 15290 1676081  9747 44905 1859609 6648 118655 37021 129162
SRM_1831_300s_20x20det_1_16_15 10194 11203 15407 1673893  9534 45335 1860858 6478 118531 36269 128185
SRM_1831_300s_20x20det_1_16_16 10266 11498 15380 1678334  9591 45181 1862462 6518 119603 37229 128307
SRM_1831_300s_20x20det_1_16_17  9948 11148 15752 1675089  9778 44755 1862123 6595 119130 36469 127932
SRM_1831_300s_20x20det_1_16_18 10315 11177 15523 1679294  9653 45241 1863670 6780 118180 36959 127728
SRM_1831_300s_20x20det_1_16_19  9963 11379 15577 1675075  9921 45368 1861837 6507 118296 37036 128564
SRM_1831_300s_20x20det_1_16_2  10272 11453 15719 1677142  9374 45063 1861621 6552 119466 36768 128499
SRM_1831_300s_20x20det_1_16_3  10166 11136 15354 1669547  9729 45213 1857720 6412 119334 36461 128053
SRM_1831_300s_20x20det_1_16_4  10077 11134 15475 1677150  9895 44973 1863446 7082 119085 36836 127946
SRM_1831_300s_20x20det_1_16_5   9962 11227 15230 1677193  9516 45274 1859661 6535 119986 36701 127610
SRM_1831_300s_20x20det_1_16_6   9623 11183 15146 1674468  9744 45520 1859585 6398 118264 37057 127866
SRM_1831_300s_20x20det_1_16_7  10087 10875 14963 1672151  9882 44720 1861703 6587 119201 35929 129125
SRM_1831_300s_20x20det_1_16_8  10229 11251 15239 1674939  9954 44711 1862235 6341 120520 37179 129438
SRM_1831_300s_20x20det_1_16_9   9890 11117 15591 1674195  9744 45032 1859131 6844 119111 37221 128615
SRM_1831_300s_20x20det_1_17_0  10143 11137 15306 1678602  9646 45108 1866289 6368 118938 36497 128068
SRM_1831_300s_20x20det_1_17_1  10243 11357 15592 1676718  9811 44959 1863946 6559 119210 36084 128443
SRM_1831_300s_20x20det_1_17_10  9999 11162 15441 1678060  9663 45404 1861421 6946 120248 37286 127715
SRM_1831_300s_20x20det_1_17_11 10075 11342 15235 1679426  9729 44864 1862445 6474 119866 37208 128992
SRM_1831_300s_20x20det_1_17_12  9970 11090 15509 1678648  9798 44709 1863450 6568 119672 36185 129223
SRM_1831_300s_20x20det_1_17_13  9984 11295 15484 1676921  9494 44475 1861725 6895 119367 37940 127936
SRM_1831_300s_20x20det_1_17_14 10008 10996 15140 1677903  9732 45315 1864269 6467 119172 36707 128536
SRM_1831_300s_20x20det_1_17_15 10276 11390 15185 1673186  9602 44911 1859488 6292 119541 36237 129124
SRM_1831_300s_20x20det_1_17_16 10015 11048 15435 1679435  9787 44658 1860679 6463 120139 36642 127961
SRM_1831_300s_20x20det_1_17_17 10087 11530 15477 1676577  9690 45150 1859827 6618 119549 36474 128780
SRM_1831_300s_20x20det_1_17_18  9850 11333 15396 1675981  9409 45011 1860880 6722 119085 36860 128709
SRM_1831_300s_20x20det_1_17_19 10253 11144 15332 1677505  9923 44821 1859845 7040 119127 36572 128061
SRM_1831_300s_20x20det_1_17_2  10144 11249 15149 1678231  9600 45229 1863242 6514 120127 36846 128064
SRM_1831_300s_20x20det_1_17_3  10073 11287 15390 1680488  9790 44918 1864643 6669 119441 36960 128412
SRM_1831_300s_20x20det_1_17_4  10057 11052 15326 1671139  9347 44944 1856612 6728 118862 36045 128221
SRM_1831_300s_20x20det_1_17_5   9971 11055 15366 1678467 10020 45070 1866338 6254 120058 36535 128401
SRM_1831_300s_20x20det_1_17_6  10173 11233 15395 1678496  9808 45355 1861394 6385 119392 36629 128653
SRM_1831_300s_20x20det_1_17_7   9845 11135 15158 1676735  9678 45623 1859441 6514 120059 36052 128893
SRM_1831_300s_20x20det_1_17_8  10166 11132 15227 1676691  9565 44964 1858266 6333 119340 36691 130136
SRM_1831_300s_20x20det_1_17_9   9942 11441 15106 1679545 10165 45573 1866468 6634 119634 36811 128804
SRM_1831_300s_20x20det_1_18_0   9935 11021 15813 1676253  9458 44938 1862915 6623 119297 35708 129212
SRM_1831_300s_20x20det_1_18_1  10232 11330 15722 1672112  9968 44867 1859012 6337 119984 36438 128881
SRM_1831_300s_20x20det_1_18_10 10088 11251 15339 1674144  9861 45280 1856621 6691 119466 36826 128674
SRM_1831_300s_20x20det_1_18_11 10233 10990 15567 1675602  9696 45141 1861047 6194 119912 36699 127705
SRM_1831_300s_20x20det_1_18_12 10144 11294 15497 1677716  9818 44945 1856129 6923 119966 37209 128321
SRM_1831_300s_20x20det_1_18_13 10199 11368 15390 1675570  9856 45160 1857663 6526 119146 37487 128009
SRM_1831_300s_20x20det_1_18_14 10020 11118 15370 1674084  9840 44691 1860955 6711 119448 36406 129755
SRM_1831_300s_20x20det_1_18_15 10011 11186 15142 1672367  9877 44966 1855850 6560 119297 36586 128996
SRM_1831_300s_20x20det_1_18_16 10134 11386 15459 1670737  9894 44799 1856650 6557 119110 36520 128469
SRM_1831_300s_20x20det_1_18_17  9960 11363 15119 1674174  9829 44800 1858605 6418 118948 35682 129294
SRM_1831_300s_20x20det_1_18_18  9880 11208 15424 1673184  9821 45253 1859349 6666 119945 36430 128642
SRM_1831_300s_20x20det_1_18_19 10100 11370 15576 1672701  9753 45122 1858448 6664 120008 36904 129116
SRM_1831_300s_20x20det_1_18_2  10050 11268 15548 1676717  9959 45338 1864179 6758 118811 37031 128449
SRM_1831_300s_20x20det_1_18_3  10021 11128 14948 1673231  9464 44844 1856926 6568 119584 37698 127778
SRM_1831_300s_20x20det_1_18_4  10253 11476 15416 1678482  9868 44843 1861052 6119 119568 36764 128834
SRM_1831_300s_20x20det_1_18_5   9989 11264 15170 1671742  9740 44582 1862091 6610 119033 37074 127404
SRM_1831_300s_20x20det_1_18_6  10220 11277 15345 1675743  9441 45094 1857683 6156 119207 36150 128523
SRM_1831_300s_20x20det_1_18_7   9670 10897 15208 1667242  9588 44812 1859409 6258 119454 36852 128318
SRM_1831_300s_20x20det_1_18_8   9916 11145 15387 1676701  9827 45327 1858636 6632 118795 37051 128130
SRM_1831_300s_20x20det_1_18_9  10201 11192 15390 1674782  9879 45072 1859225 6511 118802 36815 128995
SRM_1831_300s_20x20det_1_19_0  10471 11356 15658 1676260  9649 45250 1857831 6556 119615 36666 129507
SRM_1831_300s_20x20det_1_19_1   9893 11094 15682 1672644  9976 44821 1856337 6413 118960 36108 128445
SRM_1831_300s_20x20det_1_19_10 10115 11104 15179 1673214  9691 45382 1857499 6431 119115 36187 128916
SRM_1831_300s_20x20det_1_19_11  9878 10938 15067 1677964  9701 45294 1861012 6399 119444 36262 128048
SRM_1831_300s_20x20det_1_19_12 10290 11214 15160 1677062 10173 45012 1859416 6373 118585 36697 128370
SRM_1831_300s_20x20det_1_19_13 10083 11266 15462 1679526  9889 45497 1863008 6723 119523 37521 128005
SRM_1831_300s_20x20det_1_19_14 10145 11096 15706 1674233  9510 45272 1861693 6366 120257 37910 128661
SRM_1831_300s_20x20det_1_19_15 10140 11129 15293 1670989  9461 45001 1851843 6560 118607 36886 128645
SRM_1831_300s_20x20det_1_19_16 10197 10988 15541 1676484  9950 44928 1858042 6653 118770 36736 129252
SRM_1831_300s_20x20det_1_19_17 10073 11462 15524 1674169 10005 45131 1856574 6519 118522 36265 127874
SRM_1831_300s_20x20det_1_19_18 10132 11286 15483 1679027  9552 45426 1863349 6674 119431 37914 129283
SRM_1831_300s_20x20det_1_19_19 10060 11116 15399 1678597  9870 44940 1865211 6474 119958 37094 128611
SRM_1831_300s_20x20det_1_19_2   9904 11359 15547 1674111  9610 44359 1858849 6242 118933 37695 128789
SRM_1831_300s_20x20det_1_19_3  10041 11430 15358 1670649  9747 45204 1855770 6702 119618 37266 128762
SRM_1831_300s_20x20det_1_19_4  10192 11309 15494 1672364  9430 44489 1858508 6555 118901 36209 128024
SRM_1831_300s_20x20det_1_19_5  10061 11277 15347 1678671  9733 45659 1862028 6892 119885 36740 127225
SRM_1831_300s_20x20det_1_19_6  10309 11447 15434 1672874  9747 44930 1858900 6543 119567 35909 128191
SRM_1831_300s_20x20det_1_19_7  10092 11363 15689 1673787  9499 44997 1858622 6812 119590 36767 128620
SRM_1831_300s_20x20det_1_19_8   9786 11263 15178 1672125 10164 45539 1857653 6609 119449 36638 128136
SRM_1831_300s_20x20det_1_19_9   9887 11407 15463 1676949  9806 44737 1862330 6226 118113 36735 128724
SRM_1831_300s_20x20det_1_1_0    9980 11339 15234 1673300  9931 45371 1866233 6515 119084 36249 129075
SRM_1831_300s_20x20det_1_1_1    9869 11407 15494 1676564  9718 45122 1865200 6759 119377 36948 129021
SRM_1831_300s_20x20det_1_1_10   9874 11138 15146 1673347  9861 45490 1862486 6430 119385 36424 127429
SRM_1831_300s_20x20det_1_1_11  10309 11172 15531 1674681  9802 45095 1862648 6410 119217 36955 128287
SRM_1831_300s_20x20det_1_1_12   9880 11432 15145 1672130  9664 45178 1862008 6284 119678 36333 128189
SRM_1831_300s_20x20det_1_1_13  10017 11224 15107 1675268  9784 44970 1863055 6914 119823 36409 127138
SRM_1831_300s_20x20det_1_1_14  10227 11151 15203 1674429  9805 44410 1861240 6635 118963 37570 128368
SRM_1831_300s_20x20det_1_1_15   9853 11112 15187 1674165  9698 45543 1862922 6706 119117 36712 129232
SRM_1831_300s_20x20det_1_1_16   9904 11163 15997 1674779  9656 45544 1863901 6911 120041 37245 127559
SRM_1831_300s_20x20det_1_1_17   9984 11087 15457 1672146  9705 45085 1856569 6484 119446 37184 129012
SRM_1831_300s_20x20det_1_1_18  10194 11161 15332 1672808  9574 45285 1861196 6319 119288 37309 127762
SRM_1831_300s_20x20det_1_1_19  10128 11284 15502 1671289  9775 45559 1860894 6855 119598 35785 128487
SRM_1831_300s_20x20det_1_1_2   10096 11343 15673 1679133  9652 45085 1862796 6777 119466 37154 127896
SRM_1831_300s_20x20det_1_1_3    9804 11338 15283 1673503  9516 44948 1862304 6251 119809 36653 128564
SRM_1831_300s_20x20det_1_1_4    9807 11341 15251 1675118  9421 45261 1865363 6872 120597 35933 128495
SRM_1831_300s_20x20det_1_1_5   10189 11401 15216 1673305  9710 45491 1861937 6450 120000 36935 129094
SRM_1831_300s_20x20det_1_1_6    9971 10984 15589 1676347  9693 45023 1860091 6644 119977 36989 128026
SRM_1831_300s_20x20det_1_1_7   10070 11234 15375 1671523  9504 45229 1861252 6655 119374 37619 128274
SRM_1831_300s_20x20det_1_1_8   10106 11234 15421 1673324  9634 45864 1863405 6553 118102 36778 127751
SRM_1831_300s_20x20det_1_1_9   10009 10906 14996 1672255  9664 45512 1861964 6590 119317 37213 128339
SRM_1831_300s_20x20det_1_2_0    9926 10996 15278 1674232  9842 45410 1865394 6519 119709 37325 128589
SRM_1831_300s_20x20det_1_2_1   10254 11068 15430 1674808  9656 45013 1863458 6703 118292 36390 129129
SRM_1831_300s_20x20det_1_2_10   9979 11229 15239 1673783  9901 44686 1863409 6881 119344 36571 128100
SRM_1831_300s_20x20det_1_2_11  10170 11454 15277 1668577  9778 45162 1859941 6551 118750 36745 128370
SRM_1831_300s_20x20det_1_2_12   9929 11101 15317 1673614  9701 45111 1860394 6500 118918 37204 126783
SRM_1831_300s_20x20det_1_2_13  10055 11300 15386 1675297  9699 45347 1864279 6494 120394 35907 129546
SRM_1831_300s_20x20det_1_2_14   9986 11122 15355 1671905  9675 45793 1856480 6628 119851 36088 128395
SRM_1831_300s_20x20det_1_2_15   9940 11298 15205 1670726  9996 44817 1857107 6471 119555 37393 127701
SRM_1831_300s_20x20det_1_2_16   9801 11107 15430 1661826  9226 44795 1850139 6439 118276 36989 128256
SRM_1831_300s_20x20det_1_2_17  10153 11367 15440 1671610  9508 45418 1855876 6733 119222 37148 127678
SRM_1831_300s_20x20det_1_2_18   9811 11186 15068 1672260  9555 44887 1862290 6313 119965 36354 128150
SRM_1831_300s_20x20det_1_2_19  10216 10957 15194 1674735 10149 45309 1866215 6444 119507 36891 129803
SRM_1831_300s_20x20det_1_2_2    9975 11231 15499 1671332  9835 45029 1859974 6337 119253 37016 128240
SRM_1831_300s_20x20det_1_2_3   10225 11429 15405 1676388  9535 45661 1865949 6960 119908 36778 127806
SRM_1831_300s_20x20det_1_2_4   10290 10952 15614 1670004 10051 45487 1859576 6311 119206 36164 127333
SRM_1831_300s_20x20det_1_2_5   10082 11043 15267 1671710  9803 45416 1858642 6919 118637 36777 127713
SRM_1831_300s_20x20det_1_2_6   10118 11201 15404 1675433  9384 45251 1860947 6881 119027 37099 127666
SRM_1831_300s_20x20det_1_2_7   10128 11195 15284 1670411  9590 44886 1858397 6656 119485 36063 128368
SRM_1831_300s_20x20det_1_2_8   10202 11142 15268 1674014  9797 44650 1859171 6398 119919 37570 128429
SRM_1831_300s_20x20det_1_2_9   10169 11083 15404 1675312  9660 45217 1861233 6811 120348 36433 128387
SRM_1831_300s_20x20det_1_3_0    9815 11122 15379 1671690  9672 44859 1862835 6645 119290 36227 129645
SRM_1831_300s_20x20det_1_3_1   10257 11249 15544 1673360  9629 45470 1864002 6595 119039 36172 128332
SRM_1831_300s_20x20det_1_3_10  10045 11293 15228 1673184 10064 45385 1861835 6334 120200 35889 127783
SRM_1831_300s_20x20det_1_3_11  10257 11345 15372 1674933 10015 45344 1865027 6777 118501 36194 127111
SRM_1831_300s_20x20det_1_3_12   9945 11141 15498 1677275 10043 45319 1860159 6481 119001 37481 127876
SRM_1831_300s_20x20det_1_3_13   9901 10848 15364 1671517  9655 45670 1857529 6769 118781 37047 127604
SRM_1831_300s_20x20det_1_3_14  10227 11111 15506 1672950 10468 45839 1859919 6475 119423 37194 126973
SRM_1831_300s_20x20det_1_3_15  10123 11437 15404 1676588  9835 45463 1858833 6478 120119 36407 128306
SRM_1831_300s_20x20det_1_3_16  10297 11360 15351 1673572  9763 45389 1861981 6821 119846 36727 126505
SRM_1831_300s_20x20det_1_3_17  10172 11618 15373 1674036  9883 44748 1856827 6609 119241 36878 128937
SRM_1831_300s_20x20det_1_3_18   9963 11259 15553 1672814  9815 45118 1862670 6473 119501 37587 127246
SRM_1831_300s_20x20det_1_3_19  10069 11439 15380 1673358 10027 45197 1863640 6708 120075 37094 127681
SRM_1831_300s_20x20det_1_3_2   10183 11215 15467 1671970  9285 45133 1862286 6642 119703 35882 128695
SRM_1831_300s_20x20det_1_3_3    9984 11221 15240 1677363  9705 45275 1862185 6631 119653 36405 128942
SRM_1831_300s_20x20det_1_3_4   10241 11067 15416 1674825  9732 45793 1861627 7023 118577 37864 128947
SRM_1831_300s_20x20det_1_3_5   10393 11177 15705 1674456  9442 45209 1860922 6413 119660 36661 128757
SRM_1831_300s_20x20det_1_3_6   10157 11399 15203 1675991  9583 45198 1859390 6816 120069 36552 128589
SRM_1831_300s_20x20det_1_3_7   10000 11015 15115 1670768  9597 44892 1861054 7249 119494 37871 128298
SRM_1831_300s_20x20det_1_3_8   10424 11100 15363 1673133  9667 44942 1863014 6477 118859 36138 128441
SRM_1831_300s_20x20det_1_3_9   10220 11032 15429 1675560  9507 45074 1862362 6495 120144 36485 128435
SRM_1831_300s_20x20det_1_4_0   10200 11409 15349 1673482  9888 44934 1862566 6408 120132 36966 128711
SRM_1831_300s_20x20det_1_4_1   10050 11142 15316 1673060  9647 44952 1860483 7019 119290 36043 128727
SRM_1831_300s_20x20det_1_4_10   9787 11166 15238 1672403  9923 45827 1857863 6585 118131 36239 129616
SRM_1831_300s_20x20det_1_4_11  10040 11275 15560 1671417  9691 44972 1854540 6575 119165 37306 127783
SRM_1831_300s_20x20det_1_4_12  10289 11614 15500 1670776  9914 45206 1859726 7097 120375 36194 127650
SRM_1831_300s_20x20det_1_4_13  10082 11154 15333 1673315  9369 44943 1862002 6676 120121 36351 128664
SRM_1831_300s_20x20det_1_4_14   9868 11019 15261 1671574  9765 45085 1859437 6405 119472 36989 127454
SRM_1831_300s_20x20det_1_4_15  10071 11292 15243 1670462 10004 44919 1859620 6626 120079 37165 127788
SRM_1831_300s_20x20det_1_4_16   9770 10909 14622 1645648  9804 44829 1859280 6686 119813 36830 127054
SRM_1831_300s_20x20det_1_4_17  10096 11109 15314 1670480  9889 44721 1857740 6508 118776 36169 128141
SRM_1831_300s_20x20det_1_4_18   9920 11181 15314 1673420  9990 45016 1860810 6578 119645 36094 129042
SRM_1831_300s_20x20det_1_4_19   9941 11021 15433 1676711  9897 45250 1864122 6311 120182 37084 128709
SRM_1831_300s_20x20det_1_4_2    9780 11198 15012 1672809  9529 45189 1863352 6306 119291 36576 129707
SRM_1831_300s_20x20det_1_4_3    9957 11062 15132 1672201  9794 45194 1857176 6641 119013 36114 126705
SRM_1831_300s_20x20det_1_4_4    9752 11262 15454 1666874  9737 45202 1852438 6238 119424 36652 128282
SRM_1831_300s_20x20det_1_4_5   10154 11189 15399 1669295  9725 45098 1855804 6716 118707 36848 127508
SRM_1831_300s_20x20det_1_4_6   10087 11260 15412 1668074  9486 44977 1856035 6741 118961 36537 127984
SRM_1831_300s_20x20det_1_4_7    9966 10972 15118 1671609  9567 45561 1859332 6332 118702 36906 127641
SRM_1831_300s_20x20det_1_4_8   10012 11395 15176 1670759  9579 44865 1860154 6323 119014 35828 128652
SRM_1831_300s_20x20det_1_4_9   10014 11576 15496 1671772  9865 45329 1853907 6358 119053 36602 127156
SRM_1831_300s_20x20det_1_5_0   10200 11133 15558 1674650  9722 45109 1863372 6550 119546 35936 128348
SRM_1831_300s_20x20det_1_5_1   10257 11382 15486 1674396  9565 44809 1865049 6360 118753 36532 127442
SRM_1831_300s_20x20det_1_5_10   9984 11240 15276 1672146  9540 45119 1859089 6348 119350 36030 127306
SRM_1831_300s_20x20det_1_5_11  10164 11061 15504 1678417  9829 45539 1866141 6701 120079 36568 128238
SRM_1831_300s_20x20det_1_5_12   9935 11120 15573 1672474  9895 44582 1859616 6469 119230 35859 128786
SRM_1831_300s_20x20det_1_5_13  10034 11119 15517 1672479  9660 45095 1860097 6503 119151 37219 128340
SRM_1831_300s_20x20det_1_5_14  10065 11415 15145 1677032  9644 45548 1867040 6756 119968 36904 128109
SRM_1831_300s_20x20det_1_5_15  10141 11046 15544 1673720 10129 45162 1861562 6345 118831 37073 128515
SRM_1831_300s_20x20det_1_5_16  10218 11161 15430 1669614  9940 45109 1857033 6840 119636 36574 128919
SRM_1831_300s_20x20det_1_5_17  10005 11063 15237 1671917  9650 45063 1860856 6120 119453 35736 127343
SRM_1831_300s_20x20det_1_5_18  10278 11289 15362 1673803  9407 44999 1857955 6768 118874 37097 127795
SRM_1831_300s_20x20det_1_5_19  10125 11266 15210 1670305  9685 44559 1860131 6843 119147 36633 128220
SRM_1831_300s_20x20det_1_5_2    9901 11199 15361 1674290  9926 44858 1860120 6466 119293 36925 127886
SRM_1831_300s_20x20det_1_5_3    9927 11247 15207 1669102  9932 45373 1860214 6632 118688 36635 128807
SRM_1831_300s_20x20det_1_5_4   10370 11209 15295 1674681  9594 45071 1860783 6957 119012 36219 128603
SRM_1831_300s_20x20det_1_5_5    9777 11035 15513 1667047  9755 45733 1857264 6638 119911 36765 129334
SRM_1831_300s_20x20det_1_5_6    9782 11074 15272 1670629  9649 45266 1859696 6461 119117 36277 128393
SRM_1831_300s_20x20det_1_5_7    1401  1611  2218  238314  1295  6295  264778  812  16834  5059  18348
SRM_1831_300s_20x20det_1_5_8   10257 11051 15391 1672039  9446 44923 1858708 6449 119050 36677 128585
SRM_1831_300s_20x20det_1_5_9    9682 11076 15469 1670575  9609 45254 1856581 6490 120047 35608 128389
SRM_1831_300s_20x20det_1_6_0   10189 11289 15558 1674660  9533 45259 1864007 6331 119456 36242 128730
SRM_1831_300s_20x20det_1_6_1   10136 10903 15320 1672649  9540 44869 1860572 6404 119605 36559 129807
SRM_1831_300s_20x20det_1_6_10   9765 11127 15242 1672918  9898 44884 1860046 6299 118933 36994 127891
SRM_1831_300s_20x20det_1_6_11   9841 11419 14982 1670742  9548 44801 1860760 6525 118809 37023 128165
SRM_1831_300s_20x20det_1_6_12  10034 11194 15516 1676778  9759 45407 1862295 6413 120073 37035 128251
SRM_1831_300s_20x20det_1_6_13  10232 11287 15521 1671880  9540 45453 1857081 6714 119220 37444 128394
SRM_1831_300s_20x20det_1_6_14   9745 11246 15462 1678203 10056 45397 1862519 6410 119163 36341 127159
SRM_1831_300s_20x20det_1_6_15  10047 11262 15426 1675173  9472 45592 1860089 6522 120157 36673 129647
SRM_1831_300s_20x20det_1_6_16   9871 11248 15227 1673853  9574 45020 1859236 6648 119143 35907 128376
SRM_1831_300s_20x20det_1_6_17   9890 11069 15293 1670988  9588 45175 1858222 6708 118267 35939 126514
SRM_1831_300s_20x20det_1_6_18   9946 11439 15479 1676014  9649 45278 1860694 6895 119375 37974 128357
SRM_1831_300s_20x20det_1_6_19   9998 11192 15080 1674103  9501 45314 1859052 6590 118407 36525 127946
SRM_1831_300s_20x20det_1_6_2    9983 11164 15440 1673177  9817 45120 1858713 6742 118860 35958 126682
SRM_1831_300s_20x20det_1_6_3   10006 11185 15363 1671759  9506 45705 1858167 6343 118935 36796 127490
SRM_1831_300s_20x20det_1_6_4    9912 11411 15321 1674687  9509 45089 1861976 6347 119755 36484 129053
SRM_1831_300s_20x20det_1_6_5   10068 11260 15683 1671163  9750 45077 1854897 6417 118732 37584 127855
SRM_1831_300s_20x20det_1_6_6    9956 11315 15154 1670984  9585 44786 1858711 6511 118825 36979 127808
SRM_1831_300s_20x20det_1_6_7   10112 11269 15445 1672557  9614 45255 1857684 6527 118914 36823 127770
SRM_1831_300s_20x20det_1_6_8   10018 11078 15353 1674881  9546 45013 1862295 6673 118858 36805 127828
SRM_1831_300s_20x20det_1_6_9    9782 11145 15362 1671511  9606 45219 1859300 6491 118395 36972 129225
SRM_1831_300s_20x20det_1_7_0   10053 11294 15640 1673643  9609 44695 1858063 6698 118894 36737 128392
SRM_1831_300s_20x20det_1_7_1    9943 11567 15058 1676403  9804 45220 1861914 6730 119748 36518 129410
SRM_1831_300s_20x20det_1_7_10  10221 11358 15123 1673756  9671 44901 1860260 6657 119557 36209 128650
SRM_1831_300s_20x20det_1_7_11   9869 11291 15054 1674525  9837 45847 1863989 7156 119464 35245 129395
SRM_1831_300s_20x20det_1_7_12  10236 11258 15400 1675618  9825 44983 1864058 6391 119169 36446 128824
SRM_1831_300s_20x20det_1_7_13   9930 10989 15424 1673335  9649 45200 1860735 6365 120085 36337 127897
SRM_1831_300s_20x20det_1_7_14   9956 11446 15456 1674401  9413 45327 1861687 6581 119498 37516 128202
SRM_1831_300s_20x20det_1_7_15   9918 11058 15300 1672169  9581 45288 1861039 6758 119638 36984 128248
SRM_1831_300s_20x20det_1_7_16  10027 11114 15344 1674216  9793 45261 1860503 6371 119628 36431 127314
SRM_1831_300s_20x20det_1_7_17  10008 10991 15309 1668164 10106 45028 1855635 6704 119326 36295 127307
SRM_1831_300s_20x20det_1_7_18  10062 11310 15489 1674825  9551 45251 1862005 6682 119725 36764 130033
SRM_1831_300s_20x20det_1_7_19  10031 11189 14997 1675884  9408 45349 1864321 6097 119251 35981 128903
SRM_1831_300s_20x20det_1_7_2   10186 10979 15387 1673450  9892 45148 1862091 6416 118726 36449 128414
SRM_1831_300s_20x20det_1_7_3    9830 11562 15490 1674854  9538 44864 1861391 6638 118711 36748 128648
SRM_1831_300s_20x20det_1_7_4    9830 11139 15113 1675869  9569 45564 1860486 6789 119592 36316 128993
SRM_1831_300s_20x20det_1_7_5   10146 11188 15609 1675648  9813 45193 1863986 6488 119667 38054 127869
SRM_1831_300s_20x20det_1_7_6    9935 11484 15218 1672754  9932 44681 1858084 6807 119180 36620 127822
SRM_1831_300s_20x20det_1_7_7   10069 11029 15226 1671838  9551 44753 1859467 6395 118333 36737 127765
SRM_1831_300s_20x20det_1_7_8    9869 10916 15277 1677665  9731 45054 1860775 6375 120334 36938 128225
SRM_1831_300s_20x20det_1_7_9   10216 11260 15466 1676654  9329 45424 1862979 6760 119929 37602 128275
SRM_1831_300s_20x20det_1_8_0   10023 11065 15341 1674198 10011 45133 1862669 6793 119031 36490 128823
SRM_1831_300s_20x20det_1_8_1   10164 11448 15583 1672655  9722 44899 1862535 6449 119607 37856 128262
SRM_1831_300s_20x20det_1_8_10  10236 11263 15473 1673984  9502 44696 1862910 6913 119435 36391 128302
SRM_1831_300s_20x20det_1_8_11  10030 11134 15660 1675325  9770 45168 1862875 6354 119083 37005 128734
SRM_1831_300s_20x20det_1_8_12  10472 11095 15315 1673651  9667 45440 1859196 6596 118791 36166 128319
SRM_1831_300s_20x20det_1_8_13  10169 11308 15321 1675049  9651 45225 1862489 6338 119633 36695 128940
SRM_1831_300s_20x20det_1_8_14  10017 11299 15466 1675068  9769 44988 1862716 6537 119071 36886 128092
SRM_1831_300s_20x20det_1_8_15  10499 11244 15013 1673361  9832 44618 1861977 6545 119616 36550 128413
SRM_1831_300s_20x20det_1_8_16  10091 11022 15420 1672586  9946 45285 1857829 6955 119265 37559 127569
SRM_1831_300s_20x20det_1_8_17  10054 10991 15282 1668403  9478 44813 1858398 6873 119765 36802 127554
SRM_1831_300s_20x20det_1_8_18  10108 11027 15528 1672315  9843 45412 1860987 6790 118799 37212 127542
SRM_1831_300s_20x20det_1_8_19   9874 11160 15469 1672317  9303 44832 1858938 6758 118601 36945 128298
SRM_1831_300s_20x20det_1_8_2   10112 11091 15369 1673126  9663 44974 1861173 6652 118801 36790 127844
SRM_1831_300s_20x20det_1_8_3    9927 11144 14980 1673699  9629 45241 1859213 6404 120355 36129 127131
SRM_1831_300s_20x20det_1_8_4    9876 11094 15422 1676211  9921 44585 1861977 6378 119106 35673 127682
SRM_1831_300s_20x20det_1_8_5   10038 11284 15284 1677194  9630 44977 1865407 6537 119813 36783 128781
SRM_1831_300s_20x20det_1_8_6   10334 11237 15493 1676684 10081 45139 1864325 6563 119435 36730 129034
SRM_1831_300s_20x20det_1_8_7    9868 11113 15277 1675444  9518 45762 1861509 6401 118323 36695 128064
SRM_1831_300s_20x20det_1_8_8    9995 11093 15093 1676434  9714 45411 1859452 6210 119113 36879 128918
SRM_1831_300s_20x20det_1_8_9    9885 10960 15442 1677520  9618 45130 1864818 6927 119837 36557 128830
SRM_1831_300s_20x20det_1_9_0   10098 11272 15479 1677516  9804 45442 1864206 6823 120000 36850 129216
SRM_1831_300s_20x20det_1_9_1   10300 11452 15585 1672820  9792 45234 1862846 6536 119477 36823 129101
SRM_1831_300s_20x20det_1_9_10  10062 11356 15466 1673302  9787 45199 1861670 6644 119745 36688 128853
SRM_1831_300s_20x20det_1_9_11  10013 11097 15444 1675912  9676 45001 1860973 6873 119356 36510 128221
SRM_1831_300s_20x20det_1_9_12  10386 11519 15606 1675971  9894 44815 1861086 6382 118800 36466 127906
SRM_1831_300s_20x20det_1_9_13  10035 11214 15352 1671318  9787 45001 1859654 6431 119399 37327 128222
SRM_1831_300s_20x20det_1_9_14  10091 11239 15451 1672196  9710 45525 1860835 6284 118964 36272 127317
SRM_1831_300s_20x20det_1_9_15  10043 11201 15073 1672040  9653 44836 1855620 6936 119678 36352 127850
SRM_1831_300s_20x20det_1_9_16   9958 11240 14991 1674794  9718 44999 1863721 7032 120557 37382 128966
SRM_1831_300s_20x20det_1_9_17   9585 10468 14473 1631053  9497 44574 1851443 6383 120426 36282 128106
SRM_1831_300s_20x20det_1_9_18  10148 11432 15565 1675084  9684 45163 1860756 6916 118877 36253 128447
SRM_1831_300s_20x20det_1_9_19  10139 11203 14975 1676175  9611 45005 1860068 6352 119351 36515 128313
SRM_1831_300s_20x20det_1_9_2    9993 11233 15566 1673002  9706 45004 1860920 6633 119228 36508 129047
SRM_1831_300s_20x20det_1_9_3   10107 11237 15388 1676643  9582 45630 1864943 6902 119749 37073 128283
SRM_1831_300s_20x20det_1_9_4   10113 11104 15449 1676797  9844 45690 1859082 6814 119255 36107 128767
SRM_1831_300s_20x20det_1_9_5    9858 11162 15313 1673597  9675 45356 1861199 6623 118399 36561 128738
SRM_1831_300s_20x20det_1_9_6    9969 11251 15300 1677156  9627 44810 1863843 6432 118935 36803 128551
SRM_1831_300s_20x20det_1_9_7   10089 11156 15357 1672048  9957 44890 1860416 6877 120150 37690 128041
SRM_1831_300s_20x20det_1_9_8    9972 11052 15306 1675357  9504 45219 1861662 6697 119351 36359 129266
SRM_1831_300s_20x20det_1_9_9   10132 11173 15457 1671047  9458 45336 1861803 6655 119021 36204 129118
-----------------------------------------------------------------------------------------------------
Mean value:                    10004 11143 15294 1666081  9685 44936 1852566 6544 118820 36534 127797
Std. Abw.:                       635   704   953  101604   662  2750  112587  451   7255  2284   7813
Std. Abw. rel. [%]:             6.35  6.32  6.23    6.10  6.83  6.12    6.08 6.89   6.11  6.25   6.11
Conf. interval:                   32    35    48    5080    33   138    5629   23    363   114    391
