ROI backgr, sum

Spectrum                             Na       Mg       Al       Si        S        K       Ca       Ti        Fe        Sr        Rh
------------------------------------------------------------------------------------------------------------------------------------
SRM_1831_300s_20x20det_1_0_0      -2101    -2621    -3036    -3136    -3686    -5829    -6339    -8858    -33012    -85249    -41203
SRM_1831_300s_20x20det_1_0_1      -2101    -2605    -2986    -3037    -3490    -5820    -6353    -8739    -33449    -85193    -39999
SRM_1831_300s_20x20det_1_0_10     -2108    -2629    -3040    -3126    -3558    -5793    -6341    -8916    -33527    -85809    -39437
SRM_1831_300s_20x20det_1_0_11     -2114    -2645    -3073    -3181    -3707    -5798    -6329    -8936    -33897    -86196    -39690
SRM_1831_300s_20x20det_1_0_12     -2083    -2612    -3039    -3146    -3690    -5835    -6407    -8931    -32909    -86190    -40283
SRM_1831_300s_20x20det_1_0_13     -2073    -2567    -2938    -2980    -3430    -5673    -6152    -8400    -33032    -86233    -39496
SRM_1831_300s_20x20det_1_0_14     -2098    -2615    -3027    -3120    -3699    -5762    -6242    -8871    -33032    -85938    -39493
SRM_1831_300s_20x20det_1_0_15     -2123    -2644    -3048    -3119    -3657    -5730    -6171    -8650    -33739    -86276    -39921
SRM_1831_300s_20x20det_1_0_16     -2081    -2579    -2949    -2986    -3510    -5855    -6368    -8813    -33576    -86061    -39952
SRM_1831_300s_20x20det_1_0_17     -2064    -2579    -2990    -3085    -3615    -5723    -6259    -8923    -33317    -86155    -39333
SRM_1831_300s_20x20det_1_0_18     -2155    -2688    -3110    -3198    -3776    -5937    -6487    -8798    -33513    -86460    -39737
SRM_1831_300s_20x20det_1_0_19     -2068    -2570    -2948    -2990    -3494    -5820    -6418    -8831    -33651    -86023    -39549
SRM_1831_300s_20x20det_1_0_2      -2114    -2638    -3043    -3110    -3667    -5895    -6451    -8701    -33070    -85351    -39734
SRM_1831_300s_20x20det_1_0_3      -2097    -2613    -3016    -3091    -3659    -5845    -6350    -8694    -33030    -85942    -39914
SRM_1831_300s_20x20det_1_0_4      -2143    -2672    -3086    -3164    -3735    -5917    -6441    -8901    -33256    -85740    -39786
SRM_1831_300s_20x20det_1_0_5      -2128    -2660    -3091    -3205    -3761    -5773    -6219    -8858    -33588    -85810    -39761
SRM_1831_300s_20x20det_1_0_6      -2096    -2601    -2989    -3051    -3569    -5803    -6342    -8751    -33194    -86081    -39822
SRM_1831_300s_20x20det_1_0_7      -2147    -2669    -3072    -3140    -3598    -5861    -6443    -8865    -33661    -86165    -39976
SRM_1831_300s_20x20det_1_0_8      -2166    -2702    -3126    -3218    -3770    -5921    -6453    -8864    -33364    -86457    -39898
SRM_1831_300s_20x20det_1_0_9      -2158    -2695    -3126    -3228    -3789    -5959    -6480    -8656    -34014    -86067    -39624
SRM_1831_300s_20x20det_1_10_0     -2120    -2640    -3049    -3131    -3584    -5910    -6527    -9051    -33627    -85751    -41533
SRM_1831_300s_20x20det_1_10_1      -311     -385     -441     -449     -519     -845     -903    -1183     -4710    -11756     -5621
SRM_1831_300s_20x20det_1_10_10    -2076    -2575    -2961    -3029    -3508    -5837    -6388    -8606    -33493    -86079    -39045
SRM_1831_300s_20x20det_1_10_11    -2049    -2546    -2933    -3004    -3528    -5742    -6291    -9004    -33334    -85891    -39731
SRM_1831_300s_20x20det_1_10_12    -2095    -2606    -3007    -3087    -3615    -5833    -6374    -8955    -33118    -85893    -39585
SRM_1831_300s_20x20det_1_10_13    -2058    -2548    -2911    -2938    -3419    -5772    -6342    -8587    -32875    -86034    -39989
SRM_1831_300s_20x20det_1_10_14    -2075    -2567    -2933    -2970    -3399    -5824    -6392    -8718    -32631    -86204    -39771
SRM_1831_300s_20x20det_1_10_15    -2124    -2644    -3055    -3142    -3673    -5767    -6262    -8893    -33557    -85874    -39494
SRM_1831_300s_20x20det_1_10_16    -2110    -2628    -3031    -3103    -3646    -5813    -6349    -8818    -33543    -86299    -39510
SRM_1831_300s_20x20det_1_10_17    -2162    -2699    -3121    -3204    -3737    -5843    -6427    -8783    -33069    -86115    -39483
SRM_1831_300s_20x20det_1_10_18    -2100    -2633    -3071    -3196    -3709    -5886    -6458    -8850    -33362    -86089    -39257
SRM_1831_300s_20x20det_1_10_19    -2091    -2614    -3037    -3149    -3672    -5841    -6400    -8814    -33259    -86225    -39577
SRM_1831_300s_20x20det_1_10_2     -2121    -2649    -3068    -3159    -3745    -5853    -6302    -8634    -33337    -86377    -40127
SRM_1831_300s_20x20det_1_10_3     -2141    -2683    -3124    -3242    -3776    -5899    -6435    -8943    -32532    -86027    -39950
SRM_1831_300s_20x20det_1_10_4     -2119    -2622    -2993    -3024    -3468    -5873    -6490    -8905    -33870    -85925    -39985
SRM_1831_300s_20x20det_1_10_5     -2140    -2669    -3090    -3186    -3649    -5843    -6403    -8968    -33183    -85756    -38885
SRM_1831_300s_20x20det_1_10_6     -2110    -2618    -3004    -3059    -3491    -5709    -6222    -8813    -33634    -86430    -39751
SRM_1831_300s_20x20det_1_10_7     -2151    -2691    -3134    -3257    -3774    -5851    -6348    -8703    -33516    -85874    -39883
SRM_1831_300s_20x20det_1_10_8     -2137    -2675    -3111    -3220    -3686    -5853    -6408    -8652    -32714    -86201    -39826
SRM_1831_300s_20x20det_1_10_9     -2078    -2569    -2935    -2971    -3395    -5809    -6380    -9038    -33401    -86206    -39283
SRM_1831_300s_20x20det_1_11_0     -2107    -2627    -3035    -3117    -3685    -5807    -6292    -8518    -33762    -85839    -41043
SRM_1831_300s_20x20det_1_11_1     -2122    -2636    -3038    -3115    -3642    -5918    -6535    -8690    -33218    -86427    -40889
SRM_1831_300s_20x20det_1_11_10    -2111    -2633    -3046    -3133    -3663    -5884    -6486    -9173    -33448    -85919    -39473
SRM_1831_300s_20x20det_1_11_11    -2076    -2582    -2979    -3058    -3537    -5816    -6372    -8787    -33525    -86209    -39415
SRM_1831_300s_20x20det_1_11_12    -2109    -2638    -3057    -3145    -3655    -5725    -6205    -8765    -33593    -85806    -39550
SRM_1831_300s_20x20det_1_11_13    -2102    -2616    -3010    -3068    -3592    -5842    -6369    -8991    -33573    -85879    -39685
SRM_1831_300s_20x20det_1_11_14    -2073    -2559    -2907    -2912    -3377    -5779    -6339    -9067    -33892    -86566    -39455
SRM_1831_300s_20x20det_1_11_15    -2079    -2595    -3004    -3090    -3624    -5862    -6405    -8821    -33567    -86314    -39506
SRM_1831_300s_20x20det_1_11_16    -2102    -2606    -2983    -3027    -3517    -5779    -6301    -8653    -33790    -86162    -39415
SRM_1831_300s_20x20det_1_11_17    -2068    -2580    -2988    -3085    -3661    -5859    -6356    -8773    -33099    -86238    -39412
SRM_1831_300s_20x20det_1_11_18    -2062    -2567    -2966    -3051    -3552    -5811    -6353    -8918    -32995    -86376    -39281
SRM_1831_300s_20x20det_1_11_19    -2138    -2668    -3092    -3192    -3714    -5895    -6443    -8863    -33022    -86081    -39913
SRM_1831_300s_20x20det_1_11_2     -2071    -2574    -2969    -3048    -3601    -5792    -6336    -8520    -33296    -85509    -40415
SRM_1831_300s_20x20det_1_11_3     -2082    -2603    -3021    -3123    -3668    -5843    -6383    -8768    -33563    -86155    -39339
SRM_1831_300s_20x20det_1_11_4     -2103    -2623    -3024    -3087    -3636    -5848    -6366    -8768    -33060    -85731    -39190
SRM_1831_300s_20x20det_1_11_5     -2126    -2657    -3082    -3174    -3649    -5677    -6089    -8631    -33251    -86539    -39506
SRM_1831_300s_20x20det_1_11_6     -2104    -2633    -3063    -3179    -3743    -5779    -6273    -8850    -33185    -86694    -39474
SRM_1831_300s_20x20det_1_11_7     -2154    -2677    -3089    -3173    -3703    -5860    -6367    -8784    -33591    -86446    -39924
SRM_1831_300s_20x20det_1_11_8     -2136    -2652    -3035    -3070    -3596    -5915    -6497    -8930    -33654    -86025    -39780
SRM_1831_300s_20x20det_1_11_9     -2098    -2619    -3032    -3125    -3629    -5883    -6455    -8728    -33377    -85980    -39593
SRM_1831_300s_20x20det_1_12_0     -2137    -2654    -3056    -3131    -3645    -5862    -6431    -8737    -33848    -86496    -41403
SRM_1831_300s_20x20det_1_12_1     -2120    -2643    -3059    -3145    -3715    -5859    -6381    -8793    -33815    -86419    -40468
SRM_1831_300s_20x20det_1_12_10    -2107    -2630    -3047    -3143    -3714    -5828    -6382    -8750    -33440    -86152    -39659
SRM_1831_300s_20x20det_1_12_11    -2080    -2600    -3018    -3119    -3672    -5789    -6277    -8818    -33493    -85974    -39865
SRM_1831_300s_20x20det_1_12_12    -2073    -2556    -2902    -2912    -3382    -5814    -6390    -9037    -33639    -85908    -39535
SRM_1831_300s_20x20det_1_12_13    -2087    -2600    -3005    -3092    -3588    -5724    -6203    -8715    -33703    -86262    -39758
SRM_1831_300s_20x20det_1_12_14    -2126    -2632    -2994    -3001    -3470    -5820    -6347    -8540    -33488    -85991    -39515
SRM_1831_300s_20x20det_1_12_15    -2132    -2658    -3077    -3173    -3718    -5908    -6493    -8693    -33438    -85931    -39547
SRM_1831_300s_20x20det_1_12_16    -2074    -2582    -2974    -3044    -3577    -5836    -6377    -8872    -33393    -86057    -39778
SRM_1831_300s_20x20det_1_12_17    -2050    -2566    -2976    -3062    -3606    -5768    -6300    -8749    -33691    -85837    -39485
SRM_1831_300s_20x20det_1_12_18    -2141    -2648    -3012    -3018    -3523    -5866    -6427    -8548    -33587    -86458    -39333
SRM_1831_300s_20x20det_1_12_19    -2083    -2598    -3007    -3091    -3601    -5722    -6231    -8912    -33857    -86068    -39184
SRM_1831_300s_20x20det_1_12_2     -2166    -2701    -3122    -3215    -3732    -5919    -6484    -8753    -33168    -85952    -39936
SRM_1831_300s_20x20det_1_12_3     -2125    -2641    -3044    -3117    -3587    -5857    -6386    -8768    -33752    -86113    -40002
SRM_1831_300s_20x20det_1_12_4     -2066    -2555    -2906    -2910    -3360    -5613    -6070    -8774    -33562    -85888    -39716
SRM_1831_300s_20x20det_1_12_5     -2105    -2624    -3028    -3105    -3629    -5875    -6401    -8856    -33602    -86095    -39625
SRM_1831_300s_20x20det_1_12_6     -2136    -2660    -3078    -3174    -3699    -5845    -6416    -8666    -32774    -86007    -39390
SRM_1831_300s_20x20det_1_12_7     -2088    -2609    -3015    -3092    -3646    -5911    -6477    -8937    -33446    -86117    -39847
SRM_1831_300s_20x20det_1_12_8     -2071    -2573    -2958    -3020    -3466    -5687    -6200    -8866    -33032    -86271    -39617
SRM_1831_300s_20x20det_1_12_9     -2078    -2582    -2974    -3045    -3600    -5768    -6288    -8899    -33480    -86416    -39749
SRM_1831_300s_20x20det_1_13_0     -2139    -2661    -3067    -3144    -3667    -5817    -6329    -8769    -33706    -86064    -41057
SRM_1831_300s_20x20det_1_13_1     -2128    -2657    -3084    -3193    -3714    -5845    -6392    -8703    -32670    -86316    -40730
SRM_1831_300s_20x20det_1_13_10    -2066    -2568    -2954    -3016    -3507    -5835    -6408    -8844    -33079    -86096    -39902
SRM_1831_300s_20x20det_1_13_11    -2112    -2646    -3079    -3189    -3770    -5898    -6440    -8930    -33094    -86033    -39389
SRM_1831_300s_20x20det_1_13_12    -2094    -2617    -3048    -3173    -3785    -6016    -6599    -9042    -33829    -86413    -39752
SRM_1831_300s_20x20det_1_13_13    -2110    -2624    -3024    -3100    -3627    -5829    -6378    -8883    -33627    -86268    -39361
SRM_1831_300s_20x20det_1_13_14    -2088    -2593    -2989    -3065    -3541    -5730    -6262    -8975    -33334    -86236    -39762
SRM_1831_300s_20x20det_1_13_15    -2102    -2620    -3020    -3079    -3570    -5867    -6471    -8853    -33918    -85986    -39610
SRM_1831_300s_20x20det_1_13_16    -2152    -2684    -3101    -3182    -3746    -5861    -6337    -8662    -33180    -86075    -39578
SRM_1831_300s_20x20det_1_13_17    -2076    -2597    -3004    -3084    -3546    -5863    -6410    -8814    -33564    -86216    -39533
SRM_1831_300s_20x20det_1_13_18    -2083    -2587    -2973    -3037    -3525    -5751    -6280    -8864    -33288    -86297    -39676
SRM_1831_300s_20x20det_1_13_19    -2067    -2579    -2983    -3065    -3548    -5851    -6397    -8836    -32982    -86246    -39138
SRM_1831_300s_20x20det_1_13_2     -2177    -2710    -3119    -3184    -3667    -5762    -6246    -8548    -33061    -85947    -39661
SRM_1831_300s_20x20det_1_13_3     -2128    -2682    -3149    -3304    -3903    -5885    -6337    -8891    -33319    -85600    -39578
SRM_1831_300s_20x20det_1_13_4     -2113    -2646    -3067    -3159    -3701    -5856    -6394    -8931    -33582    -85767    -39750
SRM_1831_300s_20x20det_1_13_5     -2093    -2601    -2996    -3069    -3594    -5802    -6368    -8889    -33511    -85857    -39292
SRM_1831_300s_20x20det_1_13_6     -2117    -2654    -3087    -3194    -3710    -5841    -6352    -8767    -33485    -86117    -39082
SRM_1831_300s_20x20det_1_13_7     -2093    -2635    -3080    -3203    -3710    -5855    -6425    -8753    -32882    -85918    -39801
SRM_1831_300s_20x20det_1_13_8     -2091    -2618    -3048    -3164    -3737    -5842    -6362    -8849    -33218    -85912    -39488
SRM_1831_300s_20x20det_1_13_9     -2132    -2662    -3090    -3195    -3678    -5835    -6365    -8715    -32858    -86142    -39257
SRM_1831_300s_20x20det_1_14_0     -2147    -2680    -3106    -3209    -3734    -5900    -6474    -8878    -33784    -86702    -40909
SRM_1831_300s_20x20det_1_14_1     -2133    -2661    -3079    -3168    -3685    -5632    -6075    -8486    -33262    -86334    -40343
SRM_1831_300s_20x20det_1_14_10    -2108    -2634    -3048    -3132    -3690    -5818    -6324    -8907    -33673    -85546    -39474
SRM_1831_300s_20x20det_1_14_11    -2050    -2561    -2961    -3039    -3602    -5891    -6462    -8851    -33787    -86032    -39495
SRM_1831_300s_20x20det_1_14_12    -2131    -2638    -3009    -3027    -3535    -5777    -6236    -8770    -33591    -86186    -39863
SRM_1831_300s_20x20det_1_14_13    -2139    -2659    -3056    -3107    -3645    -5816    -6267    -8724    -33621    -86396    -39346
SRM_1831_300s_20x20det_1_14_14    -2148    -2681    -3107    -3208    -3748    -5794    -6291    -8870    -33451    -86199    -39715
SRM_1831_300s_20x20det_1_14_15    -2046    -2519    -2855    -2859    -3316    -5661    -6114    -8578    -33564    -85960    -39773
SRM_1831_300s_20x20det_1_14_16    -2069    -2578    -2979    -3067    -3559    -5757    -6248    -8682    -33252    -86247    -39987
SRM_1831_300s_20x20det_1_14_17    -2139    -2675    -3106    -3216    -3767    -5877    -6379    -8788    -33496    -86115    -39326
SRM_1831_300s_20x20det_1_14_18    -2124    -2657    -3093    -3209    -3764    -5830    -6364    -8831    -33032    -86578    -39572
SRM_1831_300s_20x20det_1_14_19    -2140    -2681    -3124    -3246    -3848    -5877    -6385    -8724    -33623    -85898    -39730
SRM_1831_300s_20x20det_1_14_2     -2082    -2575    -2935    -2959    -3444    -5758    -6239    -8712    -33183    -86156    -39572
SRM_1831_300s_20x20det_1_14_3     -2068    -2569    -2954    -3013    -3433    -5830    -6418    -8832    -33368    -86190    -39686
SRM_1831_300s_20x20det_1_14_4     -2122    -2640    -3041    -3105    -3616    -5789    -6320    -8735    -33617    -86151    -39586
SRM_1831_300s_20x20det_1_14_5     -2129    -2654    -3064    -3141    -3697    -5901    -6491    -8783    -33507    -85614    -39693
SRM_1831_300s_20x20det_1_14_6     -2140    -2666    -3081    -3165    -3730    -5953    -6542    -8920    -33411    -86410    -39403
SRM_1831_300s_20x20det_1_14_7     -2076    -2577    -2960    -3021    -3499    -5725    -6234    -8803    -33576    -86118    -39731
SRM_1831_300s_20x20det_1_14_8     -2063    -2552    -2912    -2935    -3432    -5720    -6279    -8444    -33206    -86043    -39859
SRM_1831_300s_20x20det_1_14_9     -2063    -2584    -3011    -3130    -3664    -5844    -6371    -9040    -33641    -86258    -40001
SRM_1831_300s_20x20det_1_15_0     -2143    -2672    -3090    -3183    -3690    -5716    -6186    -8811    -33066    -86112    -41270
SRM_1831_300s_20x20det_1_15_1     -2136    -2673    -3108    -3216    -3661    -5818    -6346    -8707    -33293    -85841    -40263
SRM_1831_300s_20x20det_1_15_10    -2035    -2514    -2866    -2895    -3391    -5840    -6424    -8866    -33497    -86294    -39458
SRM_1831_300s_20x20det_1_15_11    -2127    -2660    -3099    -3223    -3735    -5880    -6444    -8912    -33659    -86267    -39858
SRM_1831_300s_20x20det_1_15_12    -2052    -2542    -2911    -2958    -3427    -5748    -6343    -8848    -33759    -86423    -39375
SRM_1831_300s_20x20det_1_15_13    -2080    -2568    -2923    -2940    -3453    -5800    -6305    -8799    -33062    -85956    -39719
SRM_1831_300s_20x20det_1_15_14    -2063    -2562    -2943    -2998    -3454    -5729    -6256    -8746    -33916    -86091    -39410
SRM_1831_300s_20x20det_1_15_15    -2124    -2649    -3067    -3164    -3664    -5769    -6245    -8583    -33793    -85956    -39285
SRM_1831_300s_20x20det_1_15_16    -2095    -2614    -3025    -3115    -3599    -5705    -6190    -8700    -33235    -86184    -39166
SRM_1831_300s_20x20det_1_15_17    -2118    -2638    -3044    -3123    -3615    -5946    -6538    -8781    -33526    -86249    -39601
SRM_1831_300s_20x20det_1_15_18    -2053    -2535    -2887    -2908    -3365    -5802    -6376    -8822    -33449    -86007    -39784
SRM_1831_300s_20x20det_1_15_19    -2148    -2676    -3093    -3180    -3674    -5736    -6207    -8950    -33763    -85763    -39798
SRM_1831_300s_20x20det_1_15_2     -2108    -2627    -3043    -3144    -3685    -5901    -6492    -8885    -33138    -86271    -40183
SRM_1831_300s_20x20det_1_15_3     -2138    -2648    -3032    -3079    -3556    -5801    -6345    -8777    -33501    -86023    -39560
SRM_1831_300s_20x20det_1_15_4     -2123    -2636    -3038    -3112    -3603    -5823    -6340    -8805    -33234    -86441    -39907
SRM_1831_300s_20x20det_1_15_5     -2069    -2563    -2931    -2968    -3400    -5792    -6378    -8996    -32692    -85609    -39870
SRM_1831_300s_20x20det_1_15_6     -2129    -2663    -3100    -3223    -3780    -5795    -6284    -8645    -33134    -85828    -39704
SRM_1831_300s_20x20det_1_15_7     -2116    -2647    -3077    -3186    -3717    -5881    -6406    -8976    -33351    -86219    -39669
SRM_1831_300s_20x20det_1_15_8     -2137    -2669    -3098    -3206    -3785    -5926    -6425    -8591    -33160    -85984    -38766
SRM_1831_300s_20x20det_1_15_9     -2109    -2638    -3070    -3188    -3656    -5848    -6384    -9000    -33761    -86159    -39573
SRM_1831_300s_20x20det_1_16_0     -2165    -2701    -3126    -3223    -3764    -5859    -6365    -8726    -33631    -86379    -41531
SRM_1831_300s_20x20det_1_16_1     -2086    -2588    -2966    -3013    -3480    -5722    -6193    -8617    -33125    -86154    -40655
SRM_1831_300s_20x20det_1_16_10    -2155    -2686    -3107    -3193    -3742    -5867    -6380    -8530    -33250    -86253    -39627
SRM_1831_300s_20x20det_1_16_11    -2095    -2619    -3042    -3150    -3701    -5898    -6460    -8723    -33521    -86057    -39779
SRM_1831_300s_20x20det_1_16_12    -2119    -2644    -3069    -3178    -3721    -5715    -6213    -8729    -33371    -86137    -39294
SRM_1831_300s_20x20det_1_16_13    -2015    -2512    -2907    -2999    -3569    -5747    -6237    -8840    -33765    -86218    -39953
SRM_1831_300s_20x20det_1_16_14    -2090    -2595    -2983    -3046    -3487    -5684    -6214    -8730    -33465    -85959    -39442
SRM_1831_300s_20x20det_1_16_15    -2111    -2627    -3034    -3117    -3635    -5776    -6296    -8981    -33830    -85986    -39697
SRM_1831_300s_20x20det_1_16_16    -2097    -2624    -3040    -3127    -3596    -5892    -6435    -8889    -33890    -86137    -39637
SRM_1831_300s_20x20det_1_16_17    -2146    -2647    -2999    -2987    -3446    -5892    -6442    -8672    -33478    -86318    -39848
SRM_1831_300s_20x20det_1_16_18    -2103    -2639    -3078    -3191    -3622    -5856    -6458    -8753    -33795    -85919    -39934
SRM_1831_300s_20x20det_1_16_19    -2125    -2645    -3052    -3128    -3674    -5800    -6297    -8973    -33704    -86484    -39169
SRM_1831_300s_20x20det_1_16_2     -2105    -2616    -3007    -3071    -3586    -5844    -6377    -8821    -33586    -85538    -39979
SRM_1831_300s_20x20det_1_16_3     -2160    -2690    -3109    -3198    -3716    -5725    -6232    -8712    -32932    -85875    -39751
SRM_1831_300s_20x20det_1_16_4     -2124    -2657    -3093    -3208    -3714    -5915    -6459    -8671    -33618    -86492    -39659
SRM_1831_300s_20x20det_1_16_5     -2122    -2667    -3121    -3261    -3851    -5965    -6545    -8795    -33628    -85888    -40077
SRM_1831_300s_20x20det_1_16_6     -2121    -2649    -3068    -3156    -3725    -5838    -6381    -8586    -33233    -85811    -39754
SRM_1831_300s_20x20det_1_16_7     -2079    -2587    -2976    -3033    -3573    -5787    -6321    -8831    -33152    -86050    -39051
SRM_1831_300s_20x20det_1_16_8     -2082    -2599    -3012    -3114    -3622    -5764    -6298    -8919    -32431    -86110    -39584
SRM_1831_300s_20x20det_1_16_9     -2142    -2669    -3077    -3142    -3670    -5704    -6158    -8498    -33383    -85939    -38891
SRM_1831_300s_20x20det_1_17_0     -2201    -2734    -3150    -3232    -3698    -5842    -6352    -8802    -33389    -86377    -41666
SRM_1831_300s_20x20det_1_17_1     -2137    -2663    -3073    -3144    -3702    -5921    -6505    -8959    -33167    -86651    -40575
SRM_1831_300s_20x20det_1_17_10    -2143    -2675    -3097    -3194    -3739    -5864    -6378    -8660    -33047    -86081    -39980
SRM_1831_300s_20x20det_1_17_11    -2132    -2667    -3096    -3195    -3625    -5877    -6469    -8782    -33432    -86115    -39161
SRM_1831_300s_20x20det_1_17_12    -2117    -2622    -3004    -3055    -3507    -5841    -6388    -8803    -33072    -86346    -39089
SRM_1831_300s_20x20det_1_17_13    -2129    -2662    -3096    -3212    -3751    -5924    -6472    -8834    -33816    -85778    -39950
SRM_1831_300s_20x20det_1_17_14    -2166    -2706    -3139    -3244    -3745    -5827    -6332    -8929    -33176    -86562    -39746
SRM_1831_300s_20x20det_1_17_15    -2067    -2585    -3000    -3103    -3646    -5847    -6410    -9094    -33201    -86342    -38485
SRM_1831_300s_20x20det_1_17_16    -2082    -2579    -2949    -2988    -3465    -5839    -6382    -8802    -33749    -85998    -39594
SRM_1831_300s_20x20det_1_17_17    -2131    -2658    -3069    -3147    -3686    -5871    -6347    -8944    -33267    -85969    -39699
SRM_1831_300s_20x20det_1_17_18    -2124    -2649    -3063    -3149    -3687    -5733    -6174    -8763    -33283    -85734    -39417
SRM_1831_300s_20x20det_1_17_19    -2078    -2585    -2977    -3044    -3553    -5855    -6451    -8737    -32587    -86014    -39911
SRM_1831_300s_20x20det_1_17_2     -2106    -2641    -3074    -3187    -3781    -5904    -6417    -9110    -33795    -86092    -40368
SRM_1831_300s_20x20det_1_17_3     -2096    -2605    -3003    -3078    -3607    -5888    -6402    -8797    -33619    -86364    -40520
SRM_1831_300s_20x20det_1_17_4     -2094    -2619    -3040    -3141    -3676    -5898    -6475    -8623    -33112    -85919    -40027
SRM_1831_300s_20x20det_1_17_5     -2096    -2603    -2997    -3070    -3592    -5782    -6338    -9040    -33044    -86458    -40070
SRM_1831_300s_20x20det_1_17_6     -2112    -2635    -3051    -3145    -3667    -5813    -6328    -8767    -33009    -86436    -39419
SRM_1831_300s_20x20det_1_17_7     -2106    -2627    -3042    -3140    -3687    -5893    -6430    -8685    -33875    -86165    -39334
SRM_1831_300s_20x20det_1_17_8     -2087    -2608    -3016    -3093    -3661    -5935    -6475    -8776    -33674    -86060    -39228
SRM_1831_300s_20x20det_1_17_9     -2111    -2636    -3058    -3163    -3690    -5747    -6254    -8494    -33498    -86504    -39335
SRM_1831_300s_20x20det_1_18_0     -2164    -2701    -3134    -3240    -3765    -6016    -6604    -8968    -33609    -86218    -41317
SRM_1831_300s_20x20det_1_18_1     -2128    -2666    -3110    -3244    -3816    -5827    -6332    -9018    -33372    -86193    -40811
SRM_1831_300s_20x20det_1_18_10    -2131    -2661    -3083    -3176    -3710    -5824    -6360    -8844    -33440    -86281    -39502
SRM_1831_300s_20x20det_1_18_11    -2080    -2573    -2941    -2976    -3419    -5795    -6347    -8913    -33543    -85998    -39985
SRM_1831_300s_20x20det_1_18_12    -2112    -2637    -3058    -3159    -3691    -5748    -6244    -8721    -33624    -86279    -39610
SRM_1831_300s_20x20det_1_18_13    -2105    -2625    -3039    -3131    -3641    -5865    -6416    -8488    -33405    -85652    -40201
SRM_1831_300s_20x20det_1_18_14    -2150    -2672    -3078    -3152    -3634    -5835    -6369    -8859    -33302    -86251    -39276
SRM_1831_300s_20x20det_1_18_15    -2123    -2635    -3029    -3092    -3584    -5818    -6357    -8947    -33908    -86027    -39454
SRM_1831_300s_20x20det_1_18_16    -2112    -2636    -3048    -3132    -3661    -5930    -6520    -8659    -33220    -86357    -39576
SRM_1831_300s_20x20det_1_18_17    -2077    -2593    -2993    -3062    -3592    -5854    -6403    -8544    -33072    -86216    -39552
SRM_1831_300s_20x20det_1_18_18    -2136    -2657    -3072    -3165    -3659    -5876    -6431    -8888    -33392    -86228    -39606
SRM_1831_300s_20x20det_1_18_19    -2092    -2583    -2956    -3005    -3498    -5640    -6103    -8607    -33164    -86367    -39510
SRM_1831_300s_20x20det_1_18_2     -2145    -2662    -3057    -3114    -3545    -5724    -6225    -8601    -33421    -86114    -40128
SRM_1831_300s_20x20det_1_18_3     -2201    -2764    -3236    -3385    -3969    -5825    -6241    -8643    -32941    -85848    -40167
SRM_1831_300s_20x20det_1_18_4     -2059    -2569    -2967    -3045    -3592    -5819    -6298    -8859    -33299    -86143    -39340
SRM_1831_300s_20x20det_1_18_5     -2113    -2637    -3053    -3147    -3688    -5837    -6365    -8549    -33979    -86210    -39752
SRM_1831_300s_20x20det_1_18_6     -2135    -2668    -3096    -3196    -3806    -5941    -6427    -8774    -33566    -86036    -39331
SRM_1831_300s_20x20det_1_18_7     -2107    -2619    -3015    -3085    -3586    -5811    -6392    -9144    -33165    -85795    -39542
SRM_1831_300s_20x20det_1_18_8     -2104    -2624    -3034    -3113    -3633    -5744    -6245    -8595    -33158    -86038    -39571
SRM_1831_300s_20x20det_1_18_9     -2106    -2609    -2987    -3034    -3547    -5840    -6341    -8791    -32996    -86029    -39771
SRM_1831_300s_20x20det_1_19_0     -2151    -2685    -3113    -3218    -3730    -5923    -6485    -8851    -33453    -85817    -41300
SRM_1831_300s_20x20det_1_19_1     -2107    -2610    -2983    -3019    -3447    -5852    -6424    -8695    -33697    -86109    -40607
SRM_1831_300s_20x20det_1_19_10    -2130    -2657    -3075    -3165    -3618    -5852    -6404    -8947    -33671    -86360    -40035
SRM_1831_300s_20x20det_1_19_11    -2148    -2674    -3085    -3169    -3682    -5816    -6274    -8726    -33482    -86546    -40161
SRM_1831_300s_20x20det_1_19_12    -2108    -2618    -3009    -3068    -3586    -5807    -6395    -9042    -33349    -86230    -39783
SRM_1831_300s_20x20det_1_19_13    -2102    -2634    -3075    -3209    -3726    -5692    -6116    -8294    -33332    -86083    -39779
SRM_1831_300s_20x20det_1_19_14    -2106    -2634    -3054    -3145    -3611    -5876    -6432    -8846    -32546    -86221    -40133
SRM_1831_300s_20x20det_1_19_15    -2136    -2657    -3058    -3120    -3632    -5767    -6183    -8894    -33148    -86018    -39790
SRM_1831_300s_20x20det_1_19_16    -2103    -2612    -3001    -3061    -3573    -5830    -6408    -8850    -33313    -85896    -39674
SRM_1831_300s_20x20det_1_19_17    -2090    -2603    -3010    -3097    -3649    -5784    -6276    -8895    -33295    -85999    -39634
SRM_1831_300s_20x20det_1_19_18    -2105    -2628    -3045    -3144    -3634    -5733    -6225    -8820    -33463    -86272    -39664
SRM_1831_300s_20x20det_1_19_19    -2101    -2602    -2982    -3036    -3529    -5812    -6307    -8880    -33857    -86665    -39884
SRM_1831_300s_20x20det_1_19_2     -2115    -2640    -3061    -3165    -3743    -5951    -6488    -8995    -33353    -85709    -40127
SRM_1831_300s_20x20det_1_19_3     -2071    -2587    -2988    -3060    -3586    -5733    -6251    -8812    -33114    -85682    -40147
SRM_1831_300s_20x20det_1_19_4     -2123    -2634    -3026    -3087    -3628    -5944    -6518    -9008    -33440    -86353    -40001
SRM_1831_300s_20x20det_1_19_5     -2072    -2597    -3027    -3146    -3713    -5800    -6266    -8695    -33599    -85756    -40128
SRM_1831_300s_20x20det_1_19_6     -2077    -2571    -2936    -2962    -3471    -5830    -6404    -8961    -33236    -86174    -39796
SRM_1831_300s_20x20det_1_19_7     -2091    -2599    -2998    -3079    -3616    -5806    -6317    -8592    -32973    -86077    -39145
SRM_1831_300s_20x20det_1_19_8     -2078    -2588    -2997    -3095    -3650    -5718    -6212    -8879    -33238    -86357    -40109
SRM_1831_300s_20x20det_1_19_9     -2107    -2616    -3006    -3068    -3555    -5689    -6179    -8749    -33552    -86131    -40107
SRM_1831_300s_20x20det_1_1_0      -2138    -2653    -3053    -3123    -3605    -5892    -6491    -9180    -33634    -86231    -42205
SRM_1831_300s_20x20det_1_1_1      -2148    -2673    -3087    -3170    -3738    -5831    -6283    -8739    -33653    -86258    -40571
SRM_1831_300s_20x20det_1_1_10     -2119    -2632    -3028    -3095    -3602    -5954    -6518    -8948    -33867    -85863    -39094
SRM_1831_300s_20x20det_1_1_11     -2058    -2540    -2895    -2919    -3434    -5757    -6269    -8780    -33484    -86457    -39219
SRM_1831_300s_20x20det_1_1_12     -2143    -2680    -3115    -3221    -3735    -5750    -6231    -8834    -33585    -86177    -39424
SRM_1831_300s_20x20det_1_1_13     -2084    -2600    -3012    -3111    -3604    -5652    -6151    -8797    -33152    -85653    -40050
SRM_1831_300s_20x20det_1_1_14     -2128    -2667    -3103    -3214    -3709    -5803    -6282    -8847    -33322    -86030    -39741
SRM_1831_300s_20x20det_1_1_15     -2133    -2662    -3081    -3172    -3707    -5834    -6304    -8382    -33432    -85917    -39562
SRM_1831_300s_20x20det_1_1_16     -2118    -2640    -3056    -3145    -3708    -5707    -6141    -8680    -33887    -86114    -39579
SRM_1831_300s_20x20det_1_1_17     -2055    -2557    -2951    -3031    -3478    -5745    -6288    -8797    -33441    -85888    -39463
SRM_1831_300s_20x20det_1_1_18     -2110    -2636    -3058    -3164    -3710    -5876    -6419    -8910    -33540    -86130    -39841
SRM_1831_300s_20x20det_1_1_19     -2048    -2546    -2928    -2991    -3457    -5721    -6313    -8811    -33012    -86169    -39203
SRM_1831_300s_20x20det_1_1_2      -2056    -2563    -2959    -3036    -3543    -5855    -6416    -8683    -33657    -85993    -40242
SRM_1831_300s_20x20det_1_1_3      -2074    -2601    -3024    -3125    -3730    -5896    -6425    -8875    -33503    -85532    -39548
SRM_1831_300s_20x20det_1_1_4      -2134    -2666    -3097    -3209    -3747    -5837    -6366    -8805    -33271    -86572    -39299
SRM_1831_300s_20x20det_1_1_5      -2096    -2607    -2996    -3055    -3492    -5708    -6246    -8913    -33649    -86042    -39794
SRM_1831_300s_20x20det_1_1_6      -2109    -2630    -3038    -3115    -3667    -5798    -6363    -8942    -33636    -86296    -39841
SRM_1831_300s_20x20det_1_1_7      -2112    -2631    -3047    -3146    -3655    -5782    -6291    -8672    -33296    -85503    -39908
SRM_1831_300s_20x20det_1_1_8      -2088    -2597    -2999    -3084    -3612    -5700    -6213    -8855    -33874    -86262    -39254
SRM_1831_300s_20x20det_1_1_9      -2106    -2612    -2995    -3048    -3518    -5827    -6439    -8878    -33205    -85873    -39698
SRM_1831_300s_20x20det_1_2_0      -2178    -2719    -3157    -3271    -3787    -5856    -6358    -8732    -33286    -86247    -42315
SRM_1831_300s_20x20det_1_2_1      -2156    -2684    -3100    -3188    -3709    -5811    -6284    -8710    -33180    -85744    -40508
SRM_1831_300s_20x20det_1_2_10     -2099    -2607    -3004    -3081    -3607    -5856    -6358    -8713    -33792    -86294    -39760
SRM_1831_300s_20x20det_1_2_11     -2094    -2596    -2975    -3023    -3532    -5775    -6232    -8709    -33350    -86232    -39385
SRM_1831_300s_20x20det_1_2_12     -2110    -2637    -3066    -3180    -3724    -5843    -6406    -8832    -33450    -86031    -39688
SRM_1831_300s_20x20det_1_2_13     -2127    -2649    -3053    -3121    -3676    -5823    -6360    -8899    -33431    -85958    -38812
SRM_1831_300s_20x20det_1_2_14     -2168    -2704    -3131    -3227    -3731    -5705    -6191    -8740    -33236    -86343    -39485
SRM_1831_300s_20x20det_1_2_15     -2114    -2625    -3018    -3081    -3628    -5865    -6368    -8799    -33518    -85714    -39389
SRM_1831_300s_20x20det_1_2_16     -2067    -2558    -2927    -2969    -3505    -5823    -6333    -8707    -33717    -85675    -38681
SRM_1831_300s_20x20det_1_2_17     -2058    -2574    -2982    -3065    -3652    -5791    -6322    -8682    -33521    -85921    -39290
SRM_1831_300s_20x20det_1_2_18     -2091    -2619    -3046    -3158    -3672    -5880    -6442    -8917    -33552    -86226    -39571
SRM_1831_300s_20x20det_1_2_19     -2066    -2572    -2969    -3051    -3569    -5709    -6207    -8925    -33673    -86504    -39272
SRM_1831_300s_20x20det_1_2_2      -2054    -2568    -2976    -3064    -3625    -5790    -6296    -9031    -33196    -86210    -40217
SRM_1831_300s_20x20det_1_2_3      -2157    -2708    -3168    -3309    -3809    -5766    -6305    -8817    -33598    -85920    -39720
SRM_1831_300s_20x20det_1_2_4      -2073    -2563    -2921    -2948    -3378    -5719    -6336    -8963    -32695    -86086    -39828
SRM_1831_300s_20x20det_1_2_5      -2123    -2637    -3024    -3068    -3572    -5823    -6387    -8845    -33732    -86029    -40146
SRM_1831_300s_20x20det_1_2_6      -2126    -2662    -3100    -3222    -3800    -5817    -6338    -8973    -33709    -86027    -39798
SRM_1831_300s_20x20det_1_2_7      -2121    -2653    -3091    -3217    -3777    -5853    -6347    -8763    -33437    -86063    -39496
SRM_1831_300s_20x20det_1_2_8      -2079    -2590    -2996    -3087    -3599    -5808    -6346    -8817    -33743    -85843    -39710
SRM_1831_300s_20x20det_1_2_9      -2112    -2630    -3036    -3117    -3558    -5815    -6367    -9086    -33501    -86152    -39732
SRM_1831_300s_20x20det_1_3_0      -2162    -2708    -3152    -3266    -3857    -5842    -6324    -8745    -33328    -86312    -42003
SRM_1831_300s_20x20det_1_3_1      -2104    -2623    -3030    -3111    -3628    -5753    -6272    -8747    -33258    -86247    -40867
SRM_1831_300s_20x20det_1_3_10     -2091    -2604    -3013    -3108    -3610    -5807    -6398    -8969    -33430    -86705    -39625
SRM_1831_300s_20x20det_1_3_11     -2105    -2624    -3032    -3113    -3616    -5767    -6271    -8695    -33981    -86300    -39670
SRM_1831_300s_20x20det_1_3_12     -2111    -2626    -3020    -3083    -3542    -5836    -6377    -8726    -33438    -86249    -39826
SRM_1831_300s_20x20det_1_3_13     -2102    -2621    -3028    -3110    -3663    -5804    -6322    -8764    -33519    -85843    -39520
SRM_1831_300s_20x20det_1_3_14     -2088    -2581    -2951    -2995    -3474    -5844    -6392    -8850    -33420    -86041    -40042
SRM_1831_300s_20x20det_1_3_15     -2107    -2630    -3047    -3142    -3637    -5898    -6487    -8836    -33718    -86282    -39610
SRM_1831_300s_20x20det_1_3_16     -2139    -2676    -3112    -3225    -3729    -5857    -6393    -8774    -32963    -85876    -39567
SRM_1831_300s_20x20det_1_3_17     -2105    -2629    -3045    -3138    -3714    -5807    -6301    -8949    -33290    -86132    -39330
SRM_1831_300s_20x20det_1_3_18     -2035    -2542    -2950    -3051    -3578    -5835    -6405    -8729    -33417    -85538    -39427
SRM_1831_300s_20x20det_1_3_19     -2059    -2563    -2954    -3028    -3515    -5680    -6218    -8797    -33527    -86021    -39568
SRM_1831_300s_20x20det_1_3_2      -2142    -2679    -3114    -3227    -3807    -5840    -6263    -8825    -32915    -86424    -40192
SRM_1831_300s_20x20det_1_3_3      -2114    -2643    -3073    -3188    -3772    -5880    -6426    -8826    -33768    -86201    -39902
SRM_1831_300s_20x20det_1_3_4      -2125    -2641    -3039    -3104    -3510    -5650    -6109    -8631    -33643    -85947    -39537
SRM_1831_300s_20x20det_1_3_5      -2077    -2580    -2971    -3043    -3558    -5851    -6422    -8827    -33436    -86055    -39495
SRM_1831_300s_20x20det_1_3_6      -2158    -2696    -3125    -3225    -3795    -5887    -6356    -8686    -33728    -85924    -39819
SRM_1831_300s_20x20det_1_3_7      -2114    -2622    -3005    -3051    -3561    -5866    -6396    -8623    -33665    -86005    -39942
SRM_1831_300s_20x20det_1_3_8      -2121    -2635    -3030    -3089    -3640    -5846    -6374    -8989    -33507    -85588    -39438
SRM_1831_300s_20x20det_1_3_9      -2088    -2619    -3048    -3154    -3720    -5821    -6397    -8885    -32989    -86437    -39622
SRM_1831_300s_20x20det_1_4_0      -2151    -2665    -3058    -3118    -3567    -5912    -6473    -8854    -33391    -86390    -41982
SRM_1831_300s_20x20det_1_4_1      -2160    -2692    -3113    -3202    -3757    -5903    -6465    -8844    -33957    -86095    -40568
SRM_1831_300s_20x20det_1_4_10     -2028    -2522    -2901    -2962    -3438    -5672    -6162    -8377    -33763    -86173    -39164
SRM_1831_300s_20x20det_1_4_11     -2040    -2537    -2919    -2979    -3489    -5756    -6299    -8823    -33548    -85921    -39437
SRM_1831_300s_20x20det_1_4_12     -2038    -2528    -2903    -2955    -3482    -5726    -6267    -8777    -32870    -86204    -39842
SRM_1831_300s_20x20det_1_4_13     -2094    -2613    -3027    -3119    -3655    -5709    -6130    -8758    -33559    -86105    -39196
SRM_1831_300s_20x20det_1_4_14     -2073    -2606    -3043    -3161    -3675    -5752    -6240    -8608    -33344    -85709    -39711
SRM_1831_300s_20x20det_1_4_15     -2097    -2616    -3022    -3104    -3629    -5845    -6377    -8514    -32684    -85830    -39499
SRM_1831_300s_20x20det_1_4_16     -2130    -2660    -3081    -3178    -3667    -5874    -6409    -8886    -33277    -86024    -39865
SRM_1831_300s_20x20det_1_4_17     -2076    -2571    -2932    -2949    -3429    -5596    -6065    -8700    -33456    -85714    -39452
SRM_1831_300s_20x20det_1_4_18     -2105    -2614    -3002    -3063    -3552    -5790    -6283    -8735    -33696    -86280    -39482
SRM_1831_300s_20x20det_1_4_19     -2083    -2594    -3000    -3093    -3642    -5851    -6464    -8962    -33482    -85874    -39455
SRM_1831_300s_20x20det_1_4_2      -2054    -2552    -2931    -2986    -3480    -5795    -6342    -8726    -33502    -86144    -40003
SRM_1831_300s_20x20det_1_4_3      -2115    -2619    -2996    -3036    -3497    -5753    -6332    -8777    -33367    -85811    -39997
SRM_1831_300s_20x20det_1_4_4      -2045    -2533    -2902    -2953    -3396    -5768    -6321    -9101    -33698    -85952    -39800
SRM_1831_300s_20x20det_1_4_5      -2095    -2613    -3024    -3115    -3661    -5869    -6367    -8594    -33293    -85864    -39366
SRM_1831_300s_20x20det_1_4_6      -2110    -2614    -2995    -3046    -3467    -5745    -6316    -8827    -33586    -85792    -39481
SRM_1831_300s_20x20det_1_4_7      -2108    -2630    -3048    -3147    -3680    -5810    -6379    -8758    -33250    -86106    -39017
SRM_1831_300s_20x20det_1_4_8      -2117    -2641    -3056    -3148    -3674    -5707    -6144    -8480    -33180    -85948    -38775
SRM_1831_300s_20x20det_1_4_9      -2077    -2581    -2965    -3022    -3517    -5782    -6340    -8788    -33697    -85962    -39623
SRM_1831_300s_20x20det_1_5_0      -2135    -2654    -3054    -3120    -3536    -5765    -6319    -8832    -33470    -86215    -41677
SRM_1831_300s_20x20det_1_5_1      -2148    -2678    -3097    -3186    -3720    -5900    -6436    -8920    -33742    -86506    -41018
SRM_1831_300s_20x20det_1_5_10     -2112    -2644    -3071    -3174    -3728    -5727    -6185    -8532    -33384    -85527    -39947
SRM_1831_300s_20x20det_1_5_11     -2090    -2617    -3041    -3146    -3653    -5796    -6342    -8770    -32790    -85942    -39959
SRM_1831_300s_20x20det_1_5_12     -2055    -2555    -2948    -3028    -3487    -5747    -6333    -8861    -33586    -86613    -39652
SRM_1831_300s_20x20det_1_5_13     -2086    -2615    -3034    -3125    -3701    -5786    -6245    -8818    -33737    -86262    -39784
SRM_1831_300s_20x20det_1_5_14     -2123    -2641    -3055    -3154    -3711    -5732    -6118    -8677    -33497    -85899    -39542
SRM_1831_300s_20x20det_1_5_15     -2070    -2558    -2919    -2953    -3419    -5887    -6522    -9166    -33696    -86254    -39283
SRM_1831_300s_20x20det_1_5_16     -2049    -2561    -2964    -3040    -3494    -5820    -6336    -8701    -32532    -86329    -39266
SRM_1831_300s_20x20det_1_5_17     -2111    -2646    -3092    -3231    -3779    -5923    -6492    -8775    -33425    -86053    -39254
SRM_1831_300s_20x20det_1_5_18     -2111    -2626    -3017    -3070    -3608    -5915    -6420    -8795    -33132    -86434    -39701
SRM_1831_300s_20x20det_1_5_19     -2125    -2651    -3065    -3146    -3560    -5801    -6343    -8925    -33544    -86081    -39274
SRM_1831_300s_20x20det_1_5_2      -2166    -2714    -3160    -3284    -3848    -5895    -6392    -8807    -33313    -86411    -40527
SRM_1831_300s_20x20det_1_5_3      -2053    -2551    -2936    -3000    -3421    -5775    -6387    -9014    -33558    -86280    -39794
SRM_1831_300s_20x20det_1_5_4      -2078    -2588    -2990    -3075    -3625    -5773    -6299    -8541    -33363    -86353    -39571
SRM_1831_300s_20x20det_1_5_5      -2088    -2606    -3021    -3121    -3618    -5652    -6128    -8477    -32492    -86207    -39256
SRM_1831_300s_20x20det_1_5_6      -2133    -2659    -3073    -3158    -3694    -5827    -6342    -8701    -33738    -86291    -38684
SRM_1831_300s_20x20det_1_5_7       -311     -383     -433     -430     -467     -824     -875    -1169     -4410    -11904     -5289
SRM_1831_300s_20x20det_1_5_8      -2148    -2689    -3131    -3253    -3827    -5918    -6452    -8736    -33449    -86204    -39845
SRM_1831_300s_20x20det_1_5_9      -2107    -2626    -3033    -3116    -3657    -5907    -6460    -8886    -33632    -86637    -39606
SRM_1831_300s_20x20det_1_6_0      -2172    -2678    -3044    -3060    -3564    -6015    -6575    -8967    -33711    -86359    -41777
SRM_1831_300s_20x20det_1_6_1      -2166    -2710    -3159    -3288    -3752    -5889    -6457    -9003    -33311    -86037    -40595
SRM_1831_300s_20x20det_1_6_10     -2103    -2619    -3017    -3086    -3590    -5845    -6443    -8753    -33339    -86132    -39692
SRM_1831_300s_20x20det_1_6_11     -2091    -2592    -2969    -3013    -3544    -5787    -6294    -8925    -33521    -86458    -39708
SRM_1831_300s_20x20det_1_6_12     -2070    -2574    -2964    -3029    -3605    -5756    -6260    -8983    -33797    -86303    -39737
SRM_1831_300s_20x20det_1_6_13     -2112    -2631    -3038    -3114    -3681    -5864    -6385    -8615    -33382    -86324    -39665
SRM_1831_300s_20x20det_1_6_14     -2037    -2519    -2876    -2907    -3421    -5787    -6380    -8920    -32951    -86239    -39404
SRM_1831_300s_20x20det_1_6_15     -2104    -2622    -3029    -3116    -3675    -5846    -6327    -8783    -33585    -86351    -39307
SRM_1831_300s_20x20det_1_6_16     -2133    -2664    -3093    -3202    -3728    -5792    -6258    -8882    -33318    -85591    -39321
SRM_1831_300s_20x20det_1_6_17     -2077    -2591    -3003    -3104    -3665    -5812    -6295    -8533    -32934    -86064    -39486
SRM_1831_300s_20x20det_1_6_18     -2093    -2601    -2997    -3071    -3584    -5787    -6342    -8805    -33209    -85854    -39387
SRM_1831_300s_20x20det_1_6_19     -2097    -2604    -2998    -3069    -3600    -5889    -6421    -8671    -33714    -86251    -39845
SRM_1831_300s_20x20det_1_6_2      -2109    -2631    -3050    -3154    -3720    -5855    -6425    -8842    -33178    -86165    -40199
SRM_1831_300s_20x20det_1_6_3      -2119    -2653    -3093    -3220    -3768    -5848    -6398    -9041    -33647    -85898    -40027
SRM_1831_300s_20x20det_1_6_4      -2146    -2688    -3132    -3254    -3834    -5691    -6044    -8713    -33525    -85896    -39511
SRM_1831_300s_20x20det_1_6_5      -2099    -2621    -3035    -3127    -3621    -5796    -6304    -8708    -33180    -86182    -39907
SRM_1831_300s_20x20det_1_6_6      -2140    -2674    -3103    -3208    -3791    -5887    -6426    -9007    -33487    -86210    -39716
SRM_1831_300s_20x20det_1_6_7      -2087    -2604    -3022    -3126    -3640    -5743    -6241    -8806    -33326    -86127    -39289
SRM_1831_300s_20x20det_1_6_8      -2088    -2589    -2969    -3021    -3507    -5798    -6319    -8779    -32110    -85960    -39218
SRM_1831_300s_20x20det_1_6_9      -2096    -2595    -2978    -3036    -3536    -5785    -6312    -8683    -33500    -85593    -39292
SRM_1831_300s_20x20det_1_7_0      -2183    -2712    -3122    -3197    -3643    -5757    -6215    -8550    -33426    -85791    -41734
SRM_1831_300s_20x20det_1_7_1      -2103    -2625    -3043    -3144    -3667    -5832    -6351    -8687    -33207    -86508    -40368
SRM_1831_300s_20x20det_1_7_10     -2096    -2618    -3029    -3115    -3598    -5866    -6405    -8944    -33640    -86401    -39530
SRM_1831_300s_20x20det_1_7_11     -2129    -2646    -3049    -3122    -3642    -5752    -6247    -8553    -33093    -86051    -39353
SRM_1831_300s_20x20det_1_7_12     -2054    -2552    -2926    -2967    -3501    -5807    -6361    -8930    -33468    -85717    -39521
SRM_1831_300s_20x20det_1_7_13     -2077    -2574    -2955    -3017    -3543    -5834    -6411    -8944    -33599    -86293    -39769
SRM_1831_300s_20x20det_1_7_14     -2070    -2590    -3005    -3095    -3599    -5789    -6344    -8975    -33536    -85979    -39395
SRM_1831_300s_20x20det_1_7_15     -2112    -2630    -3027    -3085    -3591    -5752    -6260    -8582    -33805    -85820    -39399
SRM_1831_300s_20x20det_1_7_16     -2109    -2637    -3067    -3187    -3751    -5767    -6285    -8763    -33383    -86022    -39595
SRM_1831_300s_20x20det_1_7_17     -2067    -2580    -2979    -3048    -3477    -5662    -6161    -8333    -33110    -85999    -39867
SRM_1831_300s_20x20det_1_7_18     -2122    -2649    -3068    -3159    -3629    -5711    -6248    -8722    -33355    -86332    -39696
SRM_1831_300s_20x20det_1_7_19     -2125    -2661    -3102    -3228    -3822    -5879    -6390    -8832    -33552    -86337    -39545
SRM_1831_300s_20x20det_1_7_2      -2125    -2650    -3068    -3161    -3568    -5745    -6252    -8851    -33096    -86112    -40133
SRM_1831_300s_20x20det_1_7_3      -2122    -2655    -3092    -3212    -3799    -5838    -6327    -8966    -33057    -86337    -39874
SRM_1831_300s_20x20det_1_7_4      -2101    -2604    -2978    -3014    -3435    -5723    -6148    -8595    -33120    -85913    -39712
SRM_1831_300s_20x20det_1_7_5      -2049    -2556    -2949    -3016    -3586    -5933    -6517    -8827    -33546    -85814    -39764
SRM_1831_300s_20x20det_1_7_6      -2135    -2659    -3069    -3148    -3588    -5850    -6426    -8800    -33150    -85947    -39271
SRM_1831_300s_20x20det_1_7_7      -2085    -2576    -2938    -2966    -3457    -5791    -6290    -8794    -33566    -85978    -39716
SRM_1831_300s_20x20det_1_7_8      -2143    -2672    -3090    -3180    -3704    -5819    -6344    -8901    -33148    -86219    -39663
SRM_1831_300s_20x20det_1_7_9      -2138    -2665    -3085    -3182    -3719    -5824    -6301    -8620    -33734    -85869    -39565
SRM_1831_300s_20x20det_1_8_0      -2143    -2662    -3062    -3131    -3596    -5869    -6424    -8646    -33793    -86554    -41486
SRM_1831_300s_20x20det_1_8_1      -2115    -2623    -3018    -3091    -3596    -5825    -6341    -8824    -33424    -85973    -40819
SRM_1831_300s_20x20det_1_8_10     -2082    -2581    -2961    -3017    -3511    -5804    -6326    -8772    -33593    -86241    -39450
SRM_1831_300s_20x20det_1_8_11     -2098    -2622    -3035    -3123    -3576    -5854    -6432    -8949    -34187    -86374    -39754
SRM_1831_300s_20x20det_1_8_12     -2082    -2574    -2924    -2922    -3422    -5765    -6272    -8830    -33605    -86293    -39312
SRM_1831_300s_20x20det_1_8_13     -2094    -2623    -3049    -3155    -3624    -5765    -6289    -8897    -33121    -85815    -39262
SRM_1831_300s_20x20det_1_8_14     -2127    -2633    -3013    -3057    -3522    -5813    -6316    -8544    -33118    -86049    -39194
SRM_1831_300s_20x20det_1_8_15     -2105    -2619    -3021    -3101    -3653    -5890    -6441    -8926    -33932    -86371    -39769
SRM_1831_300s_20x20det_1_8_16     -2085    -2578    -2948    -2992    -3462    -5745    -6260    -8523    -33294    -86251    -39817
SRM_1831_300s_20x20det_1_8_17     -2089    -2588    -2962    -3002    -3525    -5822    -6307    -8547    -33569    -86099    -39486
SRM_1831_300s_20x20det_1_8_18     -2097    -2616    -3028    -3120    -3619    -5908    -6503    -8776    -33206    -86321    -39716
SRM_1831_300s_20x20det_1_8_19     -2146    -2694    -3146    -3274    -3710    -5731    -6182    -8666    -32382    -86072    -39814
SRM_1831_300s_20x20det_1_8_2      -2107    -2609    -2975    -2994    -3493    -5899    -6468    -9036    -33325    -86494    -40174
SRM_1831_300s_20x20det_1_8_3      -2151    -2690    -3131    -3251    -3760    -5881    -6455    -9116    -33810    -85965    -39627
SRM_1831_300s_20x20det_1_8_4      -2098    -2594    -2958    -2977    -3279    -5791    -6443    -9001    -33638    -86347    -40000
SRM_1831_300s_20x20det_1_8_5      -2095    -2596    -2980    -3038    -3536    -5921    -6524    -9033    -33097    -85774    -39881
SRM_1831_300s_20x20det_1_8_6      -2073    -2567    -2936    -2977    -3447    -5747    -6292    -8951    -33678    -86121    -39384
SRM_1831_300s_20x20det_1_8_7      -2090    -2608    -3020    -3113    -3650    -5814    -6381    -9120    -34062    -85837    -39578
SRM_1831_300s_20x20det_1_8_8      -2131    -2660    -3084    -3184    -3650    -5757    -6220    -8656    -33685    -85968    -39343
SRM_1831_300s_20x20det_1_8_9      -2142    -2667    -3082    -3172    -3713    -5830    -6293    -8524    -33619    -86276    -39956
SRM_1831_300s_20x20det_1_9_0      -2137    -2654    -3049    -3112    -3615    -5922    -6471    -8818    -32955    -86764    -41653
SRM_1831_300s_20x20det_1_9_1      -2113    -2637    -3053    -3139    -3564    -5854    -6430    -8746    -33092    -86296    -40415
SRM_1831_300s_20x20det_1_9_10     -2103    -2604    -2971    -2994    -3344    -5742    -6324    -8775    -33296    -85988    -39667
SRM_1831_300s_20x20det_1_9_11     -2087    -2604    -3023    -3130    -3618    -5709    -6214    -8850    -33525    -85843    -39597
SRM_1831_300s_20x20det_1_9_12     -2074    -2584    -2987    -3076    -3614    -5814    -6321    -8437    -33651    -86223    -39896
SRM_1831_300s_20x20det_1_9_13     -2081    -2574    -2941    -2978    -3499    -5856    -6369    -9012    -33865    -86089    -39515
SRM_1831_300s_20x20det_1_9_14     -2079    -2589    -2987    -3066    -3601    -5885    -6459    -8763    -33907    -85878    -39779
SRM_1831_300s_20x20det_1_9_15     -2101    -2618    -3026    -3111    -3637    -5909    -6480    -8848    -33989    -86074    -39517
SRM_1831_300s_20x20det_1_9_16     -2132    -2658    -3078    -3174    -3691    -5842    -6336    -8434    -33165    -85638    -39196
SRM_1831_300s_20x20det_1_9_17     -2091    -2607    -3011    -3085    -3494    -5850    -6445    -8891    -33565    -86173    -39558
SRM_1831_300s_20x20det_1_9_18     -2098    -2614    -3016    -3092    -3632    -5871    -6414    -8691    -33809    -86348    -39576
SRM_1831_300s_20x20det_1_9_19     -2115    -2640    -3050    -3124    -3533    -5896    -6486    -8855    -33518    -85957    -39606
SRM_1831_300s_20x20det_1_9_2      -2114    -2624    -3012    -3066    -3571    -5783    -6298    -8683    -33022    -86144    -40069
SRM_1831_300s_20x20det_1_9_3      -2106    -2633    -3058    -3163    -3710    -5879    -6443    -8991    -32771    -85917    -39668
SRM_1831_300s_20x20det_1_9_4      -2052    -2570    -2995    -3111    -3646    -5680    -6148    -8479    -33113    -86538    -39467
SRM_1831_300s_20x20det_1_9_5      -2078    -2562    -2915    -2934    -3400    -5756    -6272    -8909    -33149    -86054    -39467
SRM_1831_300s_20x20det_1_9_6      -2144    -2671    -3084    -3165    -3702    -5797    -6272    -8672    -33358    -86338    -39479
SRM_1831_300s_20x20det_1_9_7      -2131    -2671    -3116    -3245    -3817    -5694    -6119    -8664    -33480    -85968    -39681
SRM_1831_300s_20x20det_1_9_8      -2173    -2705    -3115    -3187    -3672    -5895    -6403    -8687    -33336    -86097    -38873
SRM_1831_300s_20x20det_1_9_9      -2139    -2658    -3057    -3121    -3637    -5795    -6341    -8517    -33650    -86295    -39597


Mean value:                    -2097.87 -2613.15 -3017.04 -3096.58 -3607.36 -5792.63 -6318.43 -8755.93 -33263.73 -85730.71 -39596.93
Std. Abw.:                       130.65   163.94   193.13   206.67   247.11   358.89   398.14   558.62   2060.91   5251.22   2485.26
Std. Abw. rel. [%]:               -6.23    -6.27    -6.40    -6.67    -6.85    -6.20    -6.30    -6.38     -6.20     -6.13     -6.28
Conf. interval:                    6.53     8.20     9.66    10.33    12.36    17.94    19.91    27.93    103.05    262.56    124.26
