ROI backgr, sum

Spectrum                             Na       Mg       Al       Si        S        K       Ca       Ti        Fe        Sr        Rh
------------------------------------------------------------------------------------------------------------------------------------
SRM_1831_300s_20x20det_2_0_0      -2423    -3023    -3495    -3585    -4234    -6646    -7133    -9754    -36490    -90000    -44655
SRM_1831_300s_20x20det_2_0_1      -2429    -3058    -3575    -3720    -4301    -6582    -7087    -9626    -35496    -89469    -43980
SRM_1831_300s_20x20det_2_0_10     -2381    -2977    -3461    -3584    -4210    -6559    -7061    -9756    -36153    -90356    -43761
SRM_1831_300s_20x20det_2_0_11     -2438    -3059    -3576    -3735    -4433    -6646    -7080    -9780    -36472    -90193    -43419
SRM_1831_300s_20x20det_2_0_12     -2413    -3002    -3452    -3512    -4133    -6550    -7007    -9811    -36155    -90755    -43172
SRM_1831_300s_20x20det_2_0_13     -2415    -3024    -3520    -3649    -4286    -6715    -7310    -9825    -36641    -90343    -43325
SRM_1831_300s_20x20det_2_0_14     -2419    -3029    -3525    -3653    -4332    -6676    -7153    -9596    -36363    -91069    -43513
SRM_1831_300s_20x20det_2_0_15     -2438    -3058    -3573    -3725    -4332    -6713    -7283    -9826    -36393    -90405    -42678
SRM_1831_300s_20x20det_2_0_16     -2384    -2987    -3484    -3627    -4346    -6743    -7237    -9880    -36594    -90576    -43155
SRM_1831_300s_20x20det_2_0_17     -2396    -2995    -3470    -3573    -4247    -6719    -7240    -9721    -36838    -90704    -43181
SRM_1831_300s_20x20det_2_0_18     -2363    -2939    -3378    -3437    -4065    -6670    -7180    -9824    -36580    -90512    -43087
SRM_1831_300s_20x20det_2_0_19     -2391    -2986    -3464    -3574    -4286    -6730    -7214    -9511    -36081    -90415    -43170
SRM_1831_300s_20x20det_2_0_2       -445     -544     -613     -610     -695    -1244    -1359    -1668     -6130    -15724     -7796
SRM_1831_300s_20x20det_2_0_3      -2442    -3064    -3585    -3747    -4434    -6721    -7243    -9251    -36712    -90365    -42639
SRM_1831_300s_20x20det_2_0_4      -2398    -2994    -3466    -3566    -4155    -6622    -7133    -9650    -36220    -90072    -43125
SRM_1831_300s_20x20det_2_0_5      -2414    -3015    -3494    -3598    -4250    -6782    -7341    -9658    -35298    -90098    -43724
SRM_1831_300s_20x20det_2_0_6      -2434    -3053    -3555    -3684    -4411    -6796    -7303    -9804    -36532    -90501    -43618
SRM_1831_300s_20x20det_2_0_7      -2395    -2983    -3442    -3522    -4185    -6674    -7203    -9749    -36311    -90752    -43397
SRM_1831_300s_20x20det_2_0_8      -2385    -2981    -3456    -3560    -4253    -6629    -7160    -9784    -36030    -90419    -43748
SRM_1831_300s_20x20det_2_0_9      -2412    -3024    -3526    -3661    -4383    -6698    -7165    -9660    -36412    -90510    -43092
SRM_1831_300s_20x20det_2_10_0     -2398    -2991    -3463    -3568    -4214    -6779    -7344    -9744    -36446    -90515    -44179
SRM_1831_300s_20x20det_2_10_1     -2405    -3004    -3474    -3559    -4241    -6728    -7212    -9822    -36410    -90731    -43087
SRM_1831_300s_20x20det_2_10_10    -2362    -2959    -3445    -3567    -4187    -6583    -7112    -9862    -36959    -90591    -42229
SRM_1831_300s_20x20det_2_10_11    -2356    -2934    -3385    -3462    -4145    -6677    -7231    -9670    -36568    -89873    -42153
SRM_1831_300s_20x20det_2_10_12    -2370    -2959    -3426    -3523    -4203    -6636    -7139    -9484    -36442    -90449    -42311
SRM_1831_300s_20x20det_2_10_13    -2390    -2981    -3443    -3527    -4178    -6613    -7171    -9681    -36702    -90351    -42454
SRM_1831_300s_20x20det_2_10_14    -2386    -2994    -3485    -3606    -4312    -6647    -7135    -9701    -36487    -90339    -42027
SRM_1831_300s_20x20det_2_10_15    -2338    -2922    -3396    -3515    -4193    -6628    -7189    -9631    -36698    -90618    -42425
SRM_1831_300s_20x20det_2_10_16    -2354    -2953    -3450    -3599    -4307    -6668    -7169    -9955    -36135    -90663    -41405
SRM_1831_300s_20x20det_2_10_17    -2381    -2974    -3449    -3560    -4183    -6542    -7106    -9903    -36850    -89879    -42386
SRM_1831_300s_20x20det_2_10_18    -2307    -2889    -3357    -3467    -4199    -6659    -7199    -9667    -36652    -90593    -42227
SRM_1831_300s_20x20det_2_10_19    -2383    -2991    -3490    -3626    -4362    -6708    -7210    -9663    -35674    -90587    -42011
SRM_1831_300s_20x20det_2_10_2     -2346    -2936    -3410    -3522    -4254    -6735    -7251    -9729    -36095    -90792    -42367
SRM_1831_300s_20x20det_2_10_3     -2367    -2960    -3435    -3545    -4200    -6681    -7206    -9632    -36884    -90022    -41671
SRM_1831_300s_20x20det_2_10_4     -2374    -2958    -3410    -3476    -4141    -6556    -6987    -9729    -36163    -90386    -42427
SRM_1831_300s_20x20det_2_10_5     -2394    -2994    -3478    -3593    -4277    -6756    -7314    -9519    -35978    -90424    -42400
SRM_1831_300s_20x20det_2_10_6     -2405    -3009    -3497    -3618    -4293    -6736    -7274    -9699    -36757    -90322    -42281
SRM_1831_300s_20x20det_2_10_7     -2356    -2933    -3376    -3443    -4082    -6739    -7303    -9768    -36886    -90360    -41946
SRM_1831_300s_20x20det_2_10_8     -2333    -2906    -3346    -3413    -4043    -6530    -7016    -9533    -36551    -90039    -41805
SRM_1831_300s_20x20det_2_10_9     -1513    -1892    -2190    -2247    -2672    -4120    -4394    -6043    -22748    -55524    -26021
SRM_1831_300s_20x20det_2_11_0     -2446    -3063    -3563    -3691    -4320    -6708    -7286    -9921    -36596    -90199    -43852
SRM_1831_300s_20x20det_2_11_1     -2366    -2964    -3451    -3580    -4281    -6653    -7174    -9735    -36360    -90100    -43186
SRM_1831_300s_20x20det_2_11_10    -2374    -2960    -3423    -3517    -4123    -6620    -7154    -9746    -36987    -90073    -42439
SRM_1831_300s_20x20det_2_11_11    -2401    -3002    -3478    -3579    -4262    -6643    -7109    -9492    -36694    -90438    -42202
SRM_1831_300s_20x20det_2_11_12    -2374    -2957    -3408    -3484    -4022    -6650    -7274    -9496    -36173    -90700    -42525
SRM_1831_300s_20x20det_2_11_13    -2374    -2980    -3483    -3636    -4357    -6811    -7372    -9559    -36213    -90744    -41996
SRM_1831_300s_20x20det_2_11_14    -2395    -3012    -3526    -3685    -4420    -6662    -7123    -9733    -35903    -90548    -42266
SRM_1831_300s_20x20det_2_11_15    -2384    -2984    -3473    -3601    -4273    -6581    -7055    -9760    -36682    -91032    -41830
SRM_1831_300s_20x20det_2_11_16    -1133    -1404    -1606    -1624    -1925    -3154    -3360    -4502    -16489    -41838    -18820
SRM_1831_300s_20x20det_2_11_17    -2363    -2961    -3448    -3580    -4266    -6688    -7223    -9985    -36646    -90437    -42219
SRM_1831_300s_20x20det_2_11_18    -2372    -2942    -3365    -3400    -3913    -6632    -7229    -9750    -35975    -90590    -42198
SRM_1831_300s_20x20det_2_11_19    -2380    -2967    -3429    -3518    -4149    -6567    -7092    -9804    -36876    -90105    -42277
SRM_1831_300s_20x20det_2_11_2     -2350    -2936    -3406    -3515    -4163    -6548    -7038    -9665    -36177    -89839    -41982
SRM_1831_300s_20x20det_2_11_3      -805    -1006    -1166    -1202    -1425    -2250    -2444    -3055    -11676    -29632    -13656
SRM_1831_300s_20x20det_2_11_4     -2333    -2921    -3390    -3492    -4124    -6671    -7233    -9801    -36201    -90188    -42453
SRM_1831_300s_20x20det_2_11_5     -2345    -2920    -3365    -3440    -4078    -6625    -7178    -9726    -36335    -89995    -42337
SRM_1831_300s_20x20det_2_11_6     -2359    -2948    -3421    -3534    -4221    -6560    -7041    -9632    -36483    -90170    -42488
SRM_1831_300s_20x20det_2_11_7     -2346    -2925    -3385    -3485    -4179    -6782    -7375    -9888    -36086    -90278    -42055
SRM_1831_300s_20x20det_2_11_8     -2376    -2978    -3468    -3597    -4322    -6762    -7214    -9675    -36761    -90328    -42430
SRM_1831_300s_20x20det_2_11_9     -1415    -1772    -2065    -2148    -2577    -3935    -4179    -5722    -21834    -54257    -25584
SRM_1831_300s_20x20det_2_12_0     -2390    -2993    -3486    -3619    -4282    -6702    -7191    -9690    -36815    -90715    -44240
SRM_1831_300s_20x20det_2_12_1     -1016    -1267    -1467    -1513    -1766    -2747    -2921    -3909    -14755    -37567    -17671
SRM_1831_300s_20x20det_2_12_10    -2384    -2974    -3438    -3527    -4195    -6575    -7085    -9657    -36494    -90711    -42182
SRM_1831_300s_20x20det_2_12_11    -2373    -2983    -3496    -3659    -4375    -6710    -7275    -9913    -36633    -90291    -42423
SRM_1831_300s_20x20det_2_12_12    -2395    -3005    -3515    -3675    -4390    -6748    -7295    -9786    -36412    -90172    -41825
SRM_1831_300s_20x20det_2_12_13    -2361    -2962    -3457    -3599    -4320    -6624    -7097    -9566    -36839    -90333    -42137
SRM_1831_300s_20x20det_2_12_14    -2331    -2901    -3344    -3418    -4046    -6570    -7052    -9693    -36499    -90159    -41794
SRM_1831_300s_20x20det_2_12_15    -2400    -3012    -3515    -3653    -4352    -6575    -7036    -9862    -36214    -90287    -42174
SRM_1831_300s_20x20det_2_12_16    -2385    -3000    -3516    -3674    -4247    -6634    -7121    -9689    -36324    -90727    -41732
SRM_1831_300s_20x20det_2_12_17    -2379    -2977    -3467    -3600    -4282    -6715    -7282    -9633    -35869    -90112    -41739
SRM_1831_300s_20x20det_2_12_18    -2386    -3006    -3525    -3685    -4379    -6710    -7226    -9816    -36410    -90267    -42187
SRM_1831_300s_20x20det_2_12_19    -1807    -2263    -2636    -2738    -3244    -4880    -5130    -7074    -26633    -67316    -30960
SRM_1831_300s_20x20det_2_12_2     -2369    -2955    -3427    -3539    -4222    -6690    -7206    -9755    -36963    -90558    -42903
SRM_1831_300s_20x20det_2_12_3     -2400    -3006    -3503    -3641    -4243    -6580    -7137    -9804    -36809    -90247    -42793
SRM_1831_300s_20x20det_2_12_4     -2340    -2917    -3372    -3462    -4138    -6656    -7214    -9906    -36270    -90289    -42410
SRM_1831_300s_20x20det_2_12_5     -1646    -2055    -2384    -2460    -2962    -4675    -5015    -6762    -25012    -62983    -29590
SRM_1831_300s_20x20det_2_12_6     -2318    -2886    -3326    -3398    -4051    -6589    -7143    -9903    -36081    -90073    -42003
SRM_1831_300s_20x20det_2_12_7     -2393    -3002    -3507    -3657    -4381    -6878    -7459    -9895    -36445    -89788    -41969
SRM_1831_300s_20x20det_2_12_8     -2376    -2971    -3448    -3556    -4258    -6613    -7088    -9511    -36105    -90668    -41865
SRM_1831_300s_20x20det_2_12_9     -2365    -2955    -3423    -3520    -4154    -6556    -7052    -9635    -36396    -90570    -42378
SRM_1831_300s_20x20det_2_13_0     -1215    -1523    -1778    -1851    -2198    -3331    -3570    -4645    -17377    -43524    -21455
SRM_1831_300s_20x20det_2_13_1     -2419    -3038    -3554    -3710    -4437    -6642    -7067    -9619    -36199    -89885    -43178
SRM_1831_300s_20x20det_2_13_10    -2376    -2970    -3442    -3544    -4155    -6601    -7108    -9640    -36570    -90784    -41593
SRM_1831_300s_20x20det_2_13_11    -2344    -2926    -3392    -3498    -4137    -6481    -6995    -9838    -36441    -90705    -42057
SRM_1831_300s_20x20det_2_13_12    -2346    -2918    -3359    -3428    -4081    -6667    -7186    -9720    -36513    -90566    -41977
SRM_1831_300s_20x20det_2_13_13    -2385    -2977    -3455    -3573    -4259    -6667    -7197    -9968    -36644    -90872    -42620
SRM_1831_300s_20x20det_2_13_14    -2303    -2862    -3285    -3334    -3944    -6475    -6981    -9540    -36004    -90282    -42033
SRM_1831_300s_20x20det_2_13_15    -2377    -2967    -3434    -3530    -4208    -6772    -7388    -9925    -36209    -90507    -42010
SRM_1831_300s_20x20det_2_13_16    -2335    -2913    -3374    -3479    -4124    -6701    -7272    -9688    -36115    -90199    -42121
SRM_1831_300s_20x20det_2_13_17    -2394    -2994    -3472    -3581    -4244    -6404    -6824    -9621    -36490    -90237    -42240
SRM_1831_300s_20x20det_2_13_18    -2338    -2919    -3375    -3460    -4158    -6667    -7177    -9837    -36488    -90583    -42563
SRM_1831_300s_20x20det_2_13_19    -2375    -2974    -3449    -3549    -4259    -6713    -7218    -9609    -36400    -90518    -42497
SRM_1831_300s_20x20det_2_13_2     -2355    -2933    -3388    -3477    -4133    -6544    -7067    -9520    -36028    -90143    -42509
SRM_1831_300s_20x20det_2_13_3     -2374    -2984    -3492    -3645    -4254    -6531    -6994    -9755    -36365    -89874    -42286
SRM_1831_300s_20x20det_2_13_4     -2313    -2885    -3333    -3419    -4076    -6703    -7277    -9611    -36458    -90049    -42064
SRM_1831_300s_20x20det_2_13_5     -2386    -2982    -3454    -3551    -4066    -6559    -7066    -9773    -36505    -90023    -42120
SRM_1831_300s_20x20det_2_13_6     -2356    -2935    -3385    -3464    -4050    -6633    -7223    -9861    -36074    -90379    -42530
SRM_1831_300s_20x20det_2_13_7     -2367    -2961    -3442    -3562    -4198    -6683    -7273    -9788    -36217    -90489    -42369
SRM_1831_300s_20x20det_2_13_8     -2349    -2924    -3368    -3437    -4005    -6653    -7219    -9795    -36546    -90479    -41627
SRM_1831_300s_20x20det_2_13_9     -2360    -2955    -3433    -3548    -4235    -6686    -7242    -9840    -35999    -90478    -42302
SRM_1831_300s_20x20det_2_14_0     -2399    -3015    -3529    -3688    -4458    -6830    -7359    -9943    -36855    -90470    -44394
SRM_1831_300s_20x20det_2_14_1     -2378    -2972    -3451    -3570    -4182    -6619    -7249    -9656    -36654    -90094    -43303
SRM_1831_300s_20x20det_2_14_10    -2372    -2953    -3406    -3488    -4081    -6635    -7143    -9693    -35880    -90531    -41216
SRM_1831_300s_20x20det_2_14_11    -2346    -2919    -3359    -3431    -3952    -6597    -7267    -9659    -35768    -90579    -42383
SRM_1831_300s_20x20det_2_14_12     -217     -262     -289     -276     -319     -603     -654     -847     -3233     -8367     -3819
SRM_1831_300s_20x20det_2_14_13    -2346    -2926    -3378    -3459    -4056    -6630    -7222    -9801    -36401    -90368    -42422
SRM_1831_300s_20x20det_2_14_14    -2359    -2940    -3398    -3489    -4054    -6542    -7125    -9878    -36148    -90447    -41992
SRM_1831_300s_20x20det_2_14_15    -2378    -2962    -3414    -3487    -4099    -6601    -7142    -9564    -36556    -90353    -41978
SRM_1831_300s_20x20det_2_14_16    -2313    -2877    -3311    -3378    -3996    -6501    -7059    -9709    -36602    -90286    -42337
SRM_1831_300s_20x20det_2_14_17    -2337    -2915    -3367    -3453    -4032    -6513    -7047    -9603    -36318    -90296    -42150
SRM_1831_300s_20x20det_2_14_18    -2407    -3008    -3496    -3619    -4251    -6528    -6964    -9582    -36800    -90426    -41852
SRM_1831_300s_20x20det_2_14_19    -2401    -3014    -3521    -3664    -4408    -6712    -7221    -9765    -36586    -90287    -42157
SRM_1831_300s_20x20det_2_14_2     -2420    -3043    -3564    -3725    -4467    -6661    -7085    -9575    -36499    -90316    -42388
SRM_1831_300s_20x20det_2_14_3     -2340    -2928    -3409    -3538    -4248    -6760    -7351    -9609    -36330    -90707    -41824
SRM_1831_300s_20x20det_2_14_4     -2346    -2910    -3327    -3361    -3915    -6543    -7041    -9941    -36548    -90428    -42163
SRM_1831_300s_20x20det_2_14_5     -2409    -3013    -3502    -3626    -4227    -6580    -7056    -9650    -36142    -90508    -42048
SRM_1831_300s_20x20det_2_14_6     -2339    -2931    -3409    -3527    -4235    -6558    -7052    -9715    -35531    -89931    -42301
SRM_1831_300s_20x20det_2_14_7     -2362    -2950    -3423    -3539    -4200    -6645    -7182    -9841    -37079    -90433    -41849
SRM_1831_300s_20x20det_2_14_8     -2356    -2942    -3400    -3482    -4132    -6791    -7368    -9866    -36656    -90486    -42273
SRM_1831_300s_20x20det_2_14_9     -1487    -1850    -2135    -2189    -2573    -4217    -4538    -6140    -23156    -58347    -26839
SRM_1831_300s_20x20det_2_15_0     -2458    -3078    -3583    -3716    -4397    -6603    -7074    -9832    -36403    -90412    -44466
SRM_1831_300s_20x20det_2_15_1     -1413    -1764    -2045    -2107    -2518    -3947    -4178    -5504    -21332    -52932    -25250
SRM_1831_300s_20x20det_2_15_10    -1950    -2435    -2816    -2890    -3361    -5604    -6083    -8452    -30192    -75251    -35260
SRM_1831_300s_20x20det_2_15_11    -2404    -3010    -3501    -3624    -4193    -6461    -6940    -9708    -36614    -90161    -41697
SRM_1831_300s_20x20det_2_15_12    -2337    -2915    -3372    -3467    -4144    -6775    -7343    -9819    -35784    -90849    -41620
SRM_1831_300s_20x20det_2_15_13     -501     -625     -726     -752     -853    -1321    -1424    -1860     -7011    -17825     -8392
SRM_1831_300s_20x20det_2_15_14    -2364    -2965    -3458    -3593    -4326    -6750    -7292    -9882    -36479    -90639    -41915
SRM_1831_300s_20x20det_2_15_15    -2351    -2942    -3416    -3525    -4206    -6589    -7077    -9748    -36649    -90688    -41772
SRM_1831_300s_20x20det_2_15_16    -2382    -2992    -3503    -3663    -4358    -6729    -7285    -9601    -36270    -90435    -41944
SRM_1831_300s_20x20det_2_15_17    -2435    -3044    -3529    -3635    -4319    -6660    -7111    -9638    -36294    -89977    -42325
SRM_1831_300s_20x20det_2_15_18    -2396    -2996    -3482    -3600    -4284    -6577    -7054    -9602    -36357    -90290    -42273
SRM_1831_300s_20x20det_2_15_19    -2370    -2962    -3437    -3554    -4178    -6551    -7106    -9762    -36469    -90395    -42267
SRM_1831_300s_20x20det_2_15_2     -2439    -3044    -3527    -3634    -4216    -6591    -7071    -9472    -36374    -90178    -42628
SRM_1831_300s_20x20det_2_15_3     -2346    -2929    -3392    -3490    -4160    -6669    -7205    -9830    -36525    -90255    -42128
SRM_1831_300s_20x20det_2_15_4     -2364    -2946    -3407    -3503    -4129    -6628    -7120    -9682    -36459    -89774    -42298
SRM_1831_300s_20x20det_2_15_5     -2386    -2993    -3495    -3644    -4321    -6646    -7119    -9642    -35712    -90366    -42208
SRM_1831_300s_20x20det_2_15_6     -2326    -2896    -3338    -3413    -4041    -6560    -7177    -9615    -35780    -90401    -42287
SRM_1831_300s_20x20det_2_15_7     -2414    -3026    -3529    -3667    -4375    -6643    -7155    -9549    -36637    -90570    -42232
SRM_1831_300s_20x20det_2_15_8     -2363    -2962    -3448    -3570    -4280    -6578    -7026    -9714    -36103    -90282    -42138
SRM_1831_300s_20x20det_2_15_9     -2418    -3029    -3522    -3643    -4292    -6584    -7093    -9698    -36403    -90553    -42235
SRM_1831_300s_20x20det_2_16_0     -2391    -2976    -3427    -3500    -4004    -6488    -7010    -9861    -36350    -90517    -44275
SRM_1831_300s_20x20det_2_16_1      -259     -316     -355     -350     -390     -690     -742     -952     -3838     -9422     -4662
SRM_1831_300s_20x20det_2_16_10    -2378    -2955    -3394    -3449    -4064    -6606    -7062    -9766    -36152    -90346    -42029
SRM_1831_300s_20x20det_2_16_11    -2317    -2883    -3315    -3371    -4051    -6704    -7298    -9723    -36382    -90187    -41502
SRM_1831_300s_20x20det_2_16_12    -2364    -2942    -3387    -3459    -4061    -6702    -7287    -9893    -36707    -89978    -42109
SRM_1831_300s_20x20det_2_16_13    -2396    -3008    -3512    -3659    -4365    -6776    -7289    -9684    -36614    -90244    -42099
SRM_1831_300s_20x20det_2_16_14    -2336    -2920    -3395    -3517    -4145    -6634    -7218    -9552    -36181    -89961    -41929
SRM_1831_300s_20x20det_2_16_15    -2359    -2948    -3416    -3514    -4191    -6473    -6933    -9602    -36537    -90557    -41969
SRM_1831_300s_20x20det_2_16_16    -2356    -2940    -3408    -3514    -4171    -6626    -7145    -9866    -36413    -90406    -42382
SRM_1831_300s_20x20det_2_16_17    -2331    -2920    -3399    -3524    -4168    -6641    -7220    -9817    -36338    -90158    -42176
SRM_1831_300s_20x20det_2_16_18    -1765    -2205    -2565    -2662    -3155    -4944    -5355    -7052    -26628    -66614    -30804
SRM_1831_300s_20x20det_2_16_19    -2329    -2885    -3298    -3329    -3917    -6495    -6998    -9542    -36565    -90422    -41895
SRM_1831_300s_20x20det_2_16_2     -2336    -2918    -3386    -3493    -4169    -6521    -6989    -9634    -36440    -90348    -42670
SRM_1831_300s_20x20det_2_16_3     -1825    -2288    -2669    -2776    -3301    -4979    -5316    -7220    -27479    -67451    -31907
SRM_1831_300s_20x20det_2_16_4     -2339    -2919    -3376    -3468    -4137    -6724    -7277    -9745    -36184    -90315    -42349
SRM_1831_300s_20x20det_2_16_5     -2392    -2981    -3445    -3539    -4177    -6776    -7352    -9737    -36758    -90395    -42132
SRM_1831_300s_20x20det_2_16_6     -2366    -2967    -3456    -3580    -4288    -6545    -6967    -9622    -35921    -90428    -42360
SRM_1831_300s_20x20det_2_16_7     -2316    -2900    -3382    -3519    -4187    -6580    -7091    -9587    -36451    -90300    -42860
SRM_1831_300s_20x20det_2_16_8     -2399    -3007    -3513    -3666    -4382    -6753    -7332    -9780    -36326    -89662    -42247
SRM_1831_300s_20x20det_2_16_9     -2366    -2960    -3432    -3537    -4161    -6534    -7084    -9945    -35514    -88481    -41182
SRM_1831_300s_20x20det_2_17_0     -2431    -3043    -3534    -3650    -4336    -6727    -7262    -9780    -36777    -90693    -44386
SRM_1831_300s_20x20det_2_17_1     -2397    -2995    -3467    -3558    -4262    -6627    -7057    -9773    -36640    -90610    -43114
SRM_1831_300s_20x20det_2_17_10    -2382    -2981    -3461    -3574    -4197    -6613    -7100    -9637    -36447    -90531    -42223
SRM_1831_300s_20x20det_2_17_11    -2359    -2948    -3422    -3539    -4165    -6513    -6998    -9836    -36198    -90405    -42313
SRM_1831_300s_20x20det_2_17_12    -2336    -2910    -3359    -3444    -4083    -6632    -7206    -9845    -36837    -89931    -42216
SRM_1831_300s_20x20det_2_17_13    -2395    -3005    -3511    -3662    -4356    -6626    -7140    -9424    -36505    -90544    -42031
SRM_1831_300s_20x20det_2_17_14    -1555    -1938    -2241    -2304    -2735    -4329    -4657    -6234    -23439    -58221    -26866
SRM_1831_300s_20x20det_2_17_15    -2357    -2946    -3424    -3547    -4244    -6740    -7260    -9723    -36921    -90646    -42165
SRM_1831_300s_20x20det_2_17_16    -2335    -2900    -3328    -3381    -3912    -6539    -7103    -9804    -36636    -90478    -42444
SRM_1831_300s_20x20det_2_17_17    -2395    -3005    -3512    -3665    -4349    -6624    -7194    -9567    -36494    -90295    -42391
SRM_1831_300s_20x20det_2_17_18    -2380    -2982    -3471    -3600    -4236    -6498    -6931    -9409    -36460    -90751    -42161
SRM_1831_300s_20x20det_2_17_19    -1943    -2429    -2811    -2885    -3384    -5308    -5754    -8146    -30037    -73190    -34324
SRM_1831_300s_20x20det_2_17_2     -2381    -2981    -3470    -3596    -4264    -6640    -7165    -9659    -36771    -90599    -42980
SRM_1831_300s_20x20det_2_17_3     -2350    -2957    -3468    -3634    -4370    -6791    -7358    -9820    -36441    -90726    -42652
SRM_1831_300s_20x20det_2_17_4     -2385    -2977    -3449    -3554    -4172    -6669    -7197    -9781    -36786    -90597    -42874
SRM_1831_300s_20x20det_2_17_5     -2325    -2895    -3342    -3429    -4089    -6527    -7002    -9356    -36192    -90477    -42171
SRM_1831_300s_20x20det_2_17_6     -2377    -2980    -3470    -3599    -4265    -6754    -7286    -9875    -36538    -90328    -42476
SRM_1831_300s_20x20det_2_17_7     -2335    -2908    -3360    -3451    -4102    -6660    -7174    -9654    -37039    -90521    -42511
SRM_1831_300s_20x20det_2_17_8     -2380    -2978    -3468    -3600    -4258    -6589    -7089    -9681    -36663    -90242    -42309
SRM_1831_300s_20x20det_2_17_9     -2379    -2992    -3504    -3662    -4397    -6656    -7134    -9800    -36088    -90197    -41863
SRM_1831_300s_20x20det_2_18_0     -2433    -3045    -3539    -3662    -4345    -6666    -7165    -9777    -36582    -90370    -43267
SRM_1831_300s_20x20det_2_18_1     -2394    -2997    -3490    -3625    -4263    -6601    -7095    -9725    -36124    -90613    -42465
SRM_1831_300s_20x20det_2_18_10    -2360    -2954    -3431    -3548    -4238    -6650    -7171    -9619    -36544    -90674    -42112
SRM_1831_300s_20x20det_2_18_11    -2376    -2972    -3443    -3538    -4239    -6620    -7046    -9762    -36082    -90666    -42453
SRM_1831_300s_20x20det_2_18_12    -2355    -2949    -3433    -3560    -4259    -6702    -7257    -9679    -36606    -90209    -42183
SRM_1831_300s_20x20det_2_18_13    -2317    -2893    -3351    -3449    -4114    -6531    -6988    -9622    -36261    -90675    -42339
SRM_1831_300s_20x20det_2_18_14    -2429    -3051    -3573    -3740    -4456    -6720    -7217    -9691    -36271    -90346    -42495
SRM_1831_300s_20x20det_2_18_15    -2385    -2996    -3503    -3655    -4323    -6684    -7266    -9863    -35996    -89935    -42448
SRM_1831_300s_20x20det_2_18_16    -2390    -2979    -3436    -3513    -4181    -6636    -7115    -9679    -36181    -90784    -42277
SRM_1831_300s_20x20det_2_18_17    -2328    -2907    -3373    -3485    -4151    -6649    -7168    -9759    -36523    -90276    -41943
SRM_1831_300s_20x20det_2_18_18    -2344    -2921    -3372    -3456    -4102    -6635    -7184    -9628    -36046    -90586    -41773
SRM_1831_300s_20x20det_2_18_19    -2350    -2938    -3401    -3492    -4105    -6557    -7052    -9345    -36098    -89646    -41522
SRM_1831_300s_20x20det_2_18_2     -2436    -3048    -3545    -3669    -4346    -6699    -7208   -10009    -36992    -90283    -42135
SRM_1831_300s_20x20det_2_18_3     -2387    -2993    -3488    -3618    -4328    -6612    -7065    -9492    -36629    -90216    -41972
SRM_1831_300s_20x20det_2_18_4     -2354    -2930    -3376    -3450    -4066    -6716    -7236    -9607    -36501    -90394    -42149
SRM_1831_300s_20x20det_2_18_5     -2338    -2926    -3395    -3497    -4179    -6670    -7260    -9618    -36304    -90169    -41704
SRM_1831_300s_20x20det_2_18_6     -2396    -2988    -3450    -3535    -4147    -6688    -7184    -9765    -36408    -90649    -42125
SRM_1831_300s_20x20det_2_18_7     -2395    -2993    -3469    -3574    -4213    -6713    -7249    -9726    -36202    -89823    -41744
SRM_1831_300s_20x20det_2_18_8     -2394    -3005    -3507    -3644    -4341    -6740    -7293    -9689    -36549    -90076    -41856
SRM_1831_300s_20x20det_2_18_9     -2375    -2949    -3376    -3411    -3992    -6628    -7141    -9860    -36952    -90296    -42177
SRM_1831_300s_20x20det_2_19_0     -2441    -3079    -3624    -3818    -4510    -6511    -6991    -9766    -36207    -90087    -43888
SRM_1831_300s_20x20det_2_19_1     -2340    -2932    -3413    -3538    -4175    -6545    -7055    -9698    -35732    -89736    -42987
SRM_1831_300s_20x20det_2_19_10    -2379    -2985    -3483    -3619    -4355    -6684    -7186    -9714    -36719    -90159    -42320
SRM_1831_300s_20x20det_2_19_11    -2368    -2978    -3487    -3646    -4389    -6799    -7339    -9805    -36078    -90457    -42710
SRM_1831_300s_20x20det_2_19_12    -2367    -2951    -3411    -3499    -4175    -6562    -7089    -9915    -36296    -90540    -42553
SRM_1831_300s_20x20det_2_19_13    -2447    -3068    -3577    -3718    -4409    -6788    -7268    -9934    -36434    -90964    -41713
SRM_1831_300s_20x20det_2_19_14    -2393    -3017    -3547    -3728    -4479    -6720    -7218    -9809    -36155    -90804    -42130
SRM_1831_300s_20x20det_2_19_15    -2348    -2942    -3428    -3562    -4252    -6592    -7065    -9706    -36576    -90458    -42420
SRM_1831_300s_20x20det_2_19_16    -2366    -2968    -3461    -3598    -4299    -6757    -7320    -9750    -36287    -89980    -41664
SRM_1831_300s_20x20det_2_19_17    -2356    -2948    -3430    -3557    -4254    -6633    -7137    -9877    -36552    -90660    -42531
SRM_1831_300s_20x20det_2_19_18    -2349    -2920    -3361    -3429    -4075    -6545    -7009    -9724    -36563    -90119    -42324
SRM_1831_300s_20x20det_2_19_19    -2412    -3026    -3531    -3674    -4376    -6681    -7184    -9702    -36874    -90057    -42651
SRM_1831_300s_20x20det_2_19_2     -2352    -2937    -3404    -3506    -4140    -6627    -7213    -9911    -36266    -90450    -42198
SRM_1831_300s_20x20det_2_19_3     -2356    -2951    -3435    -3560    -4252    -6692    -7280    -9949    -36684    -90329    -42482
SRM_1831_300s_20x20det_2_19_4     -2356    -2958    -3457    -3606    -4346    -6680    -7274    -9602    -36604    -90783    -42608
SRM_1831_300s_20x20det_2_19_5     -2382    -2980    -3465    -3588    -4270    -6599    -7096    -9585    -36447    -90380    -42716
SRM_1831_300s_20x20det_2_19_6     -2390    -2998    -3498    -3639    -4368    -6704    -7224    -9756    -36665    -90526    -42553
SRM_1831_300s_20x20det_2_19_7     -2361    -2951    -3432    -3559    -4238    -6528    -6936    -9703    -36071    -90421    -42680
SRM_1831_300s_20x20det_2_19_8     -2338    -2921    -3373    -3448    -4144    -6647    -7199    -9824    -36391    -90232    -41997
SRM_1831_300s_20x20det_2_19_9     -2370    -2970    -3460    -3593    -4259    -6724    -7331    -9810    -36132    -90262    -42165
SRM_1831_300s_20x20det_2_1_0      -2446    -3048    -3511    -3584    -4101    -6548    -7010    -9751    -35793    -90654    -45225
SRM_1831_300s_20x20det_2_1_1      -2414    -3012    -3483    -3578    -4242    -6723    -7231    -9827    -36583    -90697    -44150
SRM_1831_300s_20x20det_2_1_10     -2361    -2938    -3378    -3439    -3984    -6514    -7009    -9667    -35862    -90627    -43035
SRM_1831_300s_20x20det_2_1_11     -2386    -2983    -3471    -3603    -4282    -6579    -7076    -9558    -36240    -90292    -42618
SRM_1831_300s_20x20det_2_1_12     -2377    -2978    -3462    -3577    -4237    -6652    -7193    -9847    -36263    -90267    -42977
SRM_1831_300s_20x20det_2_1_13     -2379    -2985    -3474    -3590    -4302    -6598    -7133    -9628    -35856    -90370    -43067
SRM_1831_300s_20x20det_2_1_14     -2360    -2959    -3446    -3567    -4138    -6610    -7257    -9905    -36750    -90159    -42839
SRM_1831_300s_20x20det_2_1_15     -2351    -2945    -3433    -3568    -4257    -6620    -7150    -9824    -36143    -90327    -42750
SRM_1831_300s_20x20det_2_1_16     -2405    -2999    -3468    -3565    -4238    -6601    -7040    -9752    -36968    -90303    -42384
SRM_1831_300s_20x20det_2_1_17     -2360    -2949    -3417    -3520    -4126    -6608    -7133    -9816    -36001    -90269    -42472
SRM_1831_300s_20x20det_2_1_18     -2327    -2904    -3366    -3472    -4138    -6552    -7090    -9453    -36182    -90072    -42541
SRM_1831_300s_20x20det_2_1_19     -2402    -3016    -3524    -3673    -4412    -6757    -7287    -9708    -36205    -90625    -42846
SRM_1831_300s_20x20det_2_1_2      -2428    -3040    -3528    -3627    -4129    -6493    -6955    -9639    -36895    -90756    -43278
SRM_1831_300s_20x20det_2_1_3      -2360    -2960    -3449    -3581    -4261    -6649    -7134    -9864    -36410    -90701    -43269
SRM_1831_300s_20x20det_2_1_4      -1528    -1916    -2237    -2332    -2754    -4149    -4443    -6044    -23022    -56615    -27106
SRM_1831_300s_20x20det_2_1_5      -2354    -2952    -3444    -3585    -4284    -6651    -7207    -9673    -36538    -90349    -42270
SRM_1831_300s_20x20det_2_1_6      -2381    -2971    -3450    -3572    -4151    -6598    -7160    -9653    -36504    -90602    -42700
SRM_1831_300s_20x20det_2_1_7      -2379    -2981    -3475    -3612    -4236    -6670    -7188    -9765    -36911    -90225    -42904
SRM_1831_300s_20x20det_2_1_8      -2389    -2982    -3456    -3568    -4192    -6620    -7106    -9831    -36794    -90561    -42924
SRM_1831_300s_20x20det_2_1_9      -2410    -3017    -3515    -3650    -4348    -6634    -7079    -9879    -36165    -90456    -42700
SRM_1831_300s_20x20det_2_2_0      -2457    -3076    -3580    -3715    -4404    -6703    -7171    -9759    -36424    -90539    -44846
SRM_1831_300s_20x20det_2_2_1      -2414    -3037    -3563    -3736    -4494    -6695    -7186    -9665    -36509    -89359    -43231
SRM_1831_300s_20x20det_2_2_10     -2414    -3038    -3565    -3740    -4376    -6589    -7093    -9787    -36705    -90480    -42582
SRM_1831_300s_20x20det_2_2_11     -1630    -2040    -2368    -2445    -2829    -4510    -4901    -6274    -24286    -59825    -28175
SRM_1831_300s_20x20det_2_2_12     -2371    -2969    -3454    -3575    -4281    -6723    -7228    -9744    -36476    -90808    -41681
SRM_1831_300s_20x20det_2_2_13     -2406    -3012    -3499    -3616    -4258    -6653    -7148    -9922    -36293    -89824    -42464
SRM_1831_300s_20x20det_2_2_14     -2362    -2943    -3390    -3461    -4040    -6606    -7130    -9744    -36449    -90367    -42088
SRM_1831_300s_20x20det_2_2_15     -2410    -3030    -3543    -3692    -4413    -6536    -7033    -9860    -36500    -90395    -42260
SRM_1831_300s_20x20det_2_2_16     -2374    -2965    -3436    -3537    -4200    -6704    -7189    -9726    -36098    -90136    -42497
SRM_1831_300s_20x20det_2_2_17     -2325    -2888    -3312    -3356    -3988    -6649    -7248    -9611    -36683    -90130    -42322
SRM_1831_300s_20x20det_2_2_18     -2346    -2926    -3379    -3463    -4077    -6597    -7144    -9720    -36364    -90039    -42044
SRM_1831_300s_20x20det_2_2_19     -2352    -2912    -3316    -3324    -3811    -6714    -7350    -9796    -36727    -90469    -42514
SRM_1831_300s_20x20det_2_2_2      -2370    -2954    -3408    -3490    -4150    -6707    -7230    -9606    -36462    -90315    -42947
SRM_1831_300s_20x20det_2_2_3      -2393    -3008    -3515    -3661    -4410    -6635    -7088    -9748    -36558    -90107    -42868
SRM_1831_300s_20x20det_2_2_4      -2389    -2986    -3463    -3570    -4220    -6548    -7042    -9853    -36588    -90069    -42923
SRM_1831_300s_20x20det_2_2_5        -94     -111     -119     -106     -100     -244     -277     -345     -1403     -3509     -1739
SRM_1831_300s_20x20det_2_2_6      -2372    -2963    -3437    -3546    -4214    -6596    -7130    -9839    -36107    -90272    -42351
SRM_1831_300s_20x20det_2_2_7       -776     -967    -1118    -1146    -1333    -2089    -2220    -2980    -11414    -28150    -13127
SRM_1831_300s_20x20det_2_2_8      -2382    -2968    -3428    -3520    -4147    -6651    -7148    -9637    -36095    -90530    -42239
SRM_1831_300s_20x20det_2_2_9      -2367    -2966    -3453    -3577    -4289    -6735    -7178    -9708    -36286    -90025    -41949
SRM_1831_300s_20x20det_2_3_0      -2362    -2934    -3371    -3435    -4030    -6648    -7187    -9858    -36287    -90313    -44827
SRM_1831_300s_20x20det_2_3_1      -2426    -3036    -3528    -3649    -4279    -6478    -6916    -9761    -36484    -90575    -43165
SRM_1831_300s_20x20det_2_3_10     -2332    -2910    -3372    -3477    -4168    -6684    -7179    -9609    -36692    -90204    -42174
SRM_1831_300s_20x20det_2_3_11     -2420    -3014    -3472    -3543    -4101    -6635    -7147    -9726    -36642    -90792    -42521
SRM_1831_300s_20x20det_2_3_12     -2332    -2908    -3357    -3435    -4125    -6777    -7356    -9739    -36085    -90355    -42390
SRM_1831_300s_20x20det_2_3_13     -2311    -2878    -3319    -3395    -4020    -6468    -6947    -9460    -35959    -90448    -42041
SRM_1831_300s_20x20det_2_3_14     -2372    -2984    -3497    -3655    -4413    -6722    -7209    -9844    -36711    -89663    -42411
SRM_1831_300s_20x20det_2_3_15     -2374    -2962    -3422    -3504    -4153    -6701    -7243    -9814    -36144    -90346    -42323
SRM_1831_300s_20x20det_2_3_16     -2376    -2974    -3461    -3592    -4314    -6639    -7122    -9862    -36610    -90159    -42360
SRM_1831_300s_20x20det_2_3_17     -2364    -2961    -3443    -3560    -4232    -6556    -7047    -9593    -36165    -90469    -42550
SRM_1831_300s_20x20det_2_3_18     -2373    -2974    -3466    -3603    -4274    -6625    -7043    -9844    -36759    -90450    -42083
SRM_1831_300s_20x20det_2_3_19     -2367    -2960    -3438    -3551    -4257    -6675    -7160    -9846    -35771    -90291    -42205
SRM_1831_300s_20x20det_2_3_2      -2349    -2933    -3404    -3519    -4184    -6682    -7238    -9696    -36863    -90615    -42553
SRM_1831_300s_20x20det_2_3_3      -2378    -2997    -3520    -3694    -4398    -6564    -7029    -9519    -37131    -90574    -42563
SRM_1831_300s_20x20det_2_3_4      -1836    -2296    -2667    -2757    -3194    -4995    -5443    -7483    -28397    -69458    -32492
SRM_1831_300s_20x20det_2_3_5      -2294    -2843    -3252    -3289    -3856    -6558    -7113    -9748    -36100    -90582    -42231
SRM_1831_300s_20x20det_2_3_6      -2430    -3055    -3569    -3711    -4282    -6615    -7114    -9470    -36653    -90174    -42271
SRM_1831_300s_20x20det_2_3_7      -2359    -2953    -3432    -3550    -4283    -6672    -7155    -9492    -36198    -90492    -41526
SRM_1831_300s_20x20det_2_3_8      -2341    -2924    -3381    -3466    -4132    -6635    -7158    -9589    -36144    -90115    -42442
SRM_1831_300s_20x20det_2_3_9      -2392    -3009    -3529    -3698    -4427    -6636    -7067    -9882    -36801    -90443    -42297
SRM_1831_300s_20x20det_2_4_0      -2431    -3042    -3537    -3662    -4370    -6856    -7386    -9648    -36220    -90546    -44591
SRM_1831_300s_20x20det_2_4_1      -2420    -3029    -3520    -3641    -4322    -6696    -7132    -9618    -36365    -90452    -43373
SRM_1831_300s_20x20det_2_4_10     -2327    -2902    -3354    -3443    -4038    -6600    -7173    -9649    -36765    -90270    -41897
SRM_1831_300s_20x20det_2_4_11     -2398    -3002    -3490    -3612    -4233    -6682    -7267    -9732    -36537    -90058    -42476
SRM_1831_300s_20x20det_2_4_12     -2335    -2901    -3334    -3391    -4008    -6573    -7053    -9805    -36046    -90162    -42220
SRM_1831_300s_20x20det_2_4_13     -2348    -2942    -3425    -3551    -4240    -6649    -7190    -9547    -36721    -90254    -42047
SRM_1831_300s_20x20det_2_4_14     -2364    -2952    -3426    -3541    -4199    -6653    -7260    -9724    -35962    -90351    -42193
SRM_1831_300s_20x20det_2_4_15     -2392    -3006    -3517    -3675    -4367    -6559    -7069    -9721    -36459    -90267    -42275
SRM_1831_300s_20x20det_2_4_16     -2358    -2941    -3398    -3485    -4109    -6704    -7319    -9936    -36328    -90324    -42286
SRM_1831_300s_20x20det_2_4_17     -2382    -2984    -3467    -3580    -4279    -6610    -7121    -9733    -36252    -90022    -41841
SRM_1831_300s_20x20det_2_4_18     -2375    -2973    -3462    -3594    -4273    -6673    -7226    -9835    -36605    -90701    -42418
SRM_1831_300s_20x20det_2_4_19     -2417    -3019    -3489    -3571    -4229    -6666    -7173    -9731    -36991    -90398    -42602
SRM_1831_300s_20x20det_2_4_2      -2371    -2952    -3389    -3429    -4093    -6659    -7200    -9959    -35936    -90228    -42951
SRM_1831_300s_20x20det_2_4_3      -2417    -3029    -3529    -3662    -4366    -6584    -6985    -9523    -36462    -90182    -41950
SRM_1831_300s_20x20det_2_4_4      -2319    -2907    -3388    -3517    -4253    -6687    -7227    -9635    -36081    -90302    -42486
SRM_1831_300s_20x20det_2_4_5      -2405    -3020    -3530    -3679    -4373    -6661    -7215    -9892    -35944    -89530    -42090
SRM_1831_300s_20x20det_2_4_6      -2383    -2982    -3468    -3592    -4263    -6565    -7066    -9709    -35868    -89881    -42147
SRM_1831_300s_20x20det_2_4_7      -2386    -2987    -3475    -3603    -4253    -6686    -7240   -10063    -36571    -90799    -41939
SRM_1831_300s_20x20det_2_4_8      -2388    -2999    -3505    -3652    -4296    -6683    -7206    -9915    -35865    -90284    -42042
SRM_1831_300s_20x20det_2_4_9      -2347    -2918    -3347    -3389    -4022    -6671    -7180    -9823    -36751    -90121    -42447
SRM_1831_300s_20x20det_2_5_0      -2437    -3058    -3568    -3706    -4414    -6655    -7172    -9709    -36237    -90594    -44660
SRM_1831_300s_20x20det_2_5_1      -2409    -3005    -3463    -3532    -4151    -6592    -7062    -9798    -36373    -90304    -43129
SRM_1831_300s_20x20det_2_5_10     -2363    -2952    -3420    -3520    -4121    -6557    -7101    -9977    -36386    -90503    -42121
SRM_1831_300s_20x20det_2_5_11     -2357    -2944    -3413    -3518    -4178    -6657    -7224    -9774    -36266    -90360    -42509
SRM_1831_300s_20x20det_2_5_12     -2340    -2902    -3319    -3350    -3967    -6669    -7241    -9831    -36458    -90323    -42522
SRM_1831_300s_20x20det_2_5_13     -1596    -1993    -2313    -2390    -2786    -4313    -4693    -6338    -24198    -60141    -27879
SRM_1831_300s_20x20det_2_5_14     -2349    -2927    -3384    -3475    -4133    -6640    -7159    -9689    -36598    -90775    -42789
SRM_1831_300s_20x20det_2_5_15     -2356    -2930    -3370    -3433    -3991    -6695    -7326    -9974    -36374    -90543    -41701
SRM_1831_300s_20x20det_2_5_16     -2395    -3001    -3498    -3633    -4286    -6669    -7159    -9660    -36702    -90032    -41971
SRM_1831_300s_20x20det_2_5_17     -2344    -2927    -3386    -3479    -4113    -6724    -7311    -9772    -36127    -90281    -41676
SRM_1831_300s_20x20det_2_5_18     -2377    -2975    -3457    -3574    -4249    -6588    -7079    -9678    -36120    -90200    -42383
SRM_1831_300s_20x20det_2_5_19     -2315    -2896    -3368    -3490    -4143    -6657    -7262    -9943    -36973    -90613    -42114
SRM_1831_300s_20x20det_2_5_2      -2367    -2958    -3430    -3537    -4125    -6461    -6936    -9595    -36088    -90607    -42873
SRM_1831_300s_20x20det_2_5_3      -2373    -2966    -3444    -3562    -4218    -6403    -6808    -9437    -35866    -90451    -42767
SRM_1831_300s_20x20det_2_5_4      -2297    -2875    -3350    -3480    -4185    -6597    -7134    -9800    -36500    -90331    -42563
SRM_1831_300s_20x20det_2_5_5      -2351    -2940    -3417    -3535    -4153    -6565    -7046    -9750    -36341    -90431    -42332
SRM_1831_300s_20x20det_2_5_6      -2397    -2995    -3475    -3586    -4200    -6699    -7235    -9765    -36353    -90514    -41332
SRM_1831_300s_20x20det_2_5_7      -2394    -2983    -3437    -3508    -4128    -6659    -7172    -9568    -35877    -90266    -41915
SRM_1831_300s_20x20det_2_5_8      -2369    -2967    -3456    -3587    -4243    -6641    -7165    -9783    -36521    -90364    -42259
SRM_1831_300s_20x20det_2_5_9      -2419    -3036    -3549    -3700    -4440    -6794    -7320    -9903    -36687    -89906    -42156
SRM_1831_300s_20x20det_2_6_0      -1436    -1794    -2083    -2153    -2510    -3786    -4034    -5313    -20412    -51816    -25265
SRM_1831_300s_20x20det_2_6_1      -2392    -2990    -3478    -3608    -4291    -6672    -7177    -9844    -36901    -90521    -42863
SRM_1831_300s_20x20det_2_6_10     -2352    -2931    -3385    -3469    -4077    -6543    -7016    -9661    -36427    -90378    -42121
SRM_1831_300s_20x20det_2_6_11     -2304    -2882    -3352    -3473    -4138    -6538    -7056    -9546    -36111    -90293    -42212
SRM_1831_300s_20x20det_2_6_12     -2373    -2971    -3451    -3563    -4247    -6661    -7148    -9657    -36294    -90427    -42341
SRM_1831_300s_20x20det_2_6_13     -2213    -2781    -3253    -3396    -4040    -6249    -6695    -9146    -34174    -84055    -39139
SRM_1831_300s_20x20det_2_6_14     -2312    -2876    -3301    -3345    -3984    -6558    -7154    -9571    -36717    -90330    -42252
SRM_1831_300s_20x20det_2_6_15     -2415    -3013    -3488    -3591    -4203    -6640    -7179    -9683    -36450    -90195    -42396
SRM_1831_300s_20x20det_2_6_16     -2386    -2997    -3501    -3642    -4268    -6664    -7179    -9637    -36737    -89949    -41940
SRM_1831_300s_20x20det_2_6_17     -2397    -3025    -3556    -3732    -4483    -6709    -7200    -9517    -36840    -90123    -42073
SRM_1831_300s_20x20det_2_6_18      -265     -324     -363     -355     -418     -726     -742     -910     -3697     -9615     -4293
SRM_1831_300s_20x20det_2_6_19     -2386    -2974    -3435    -3524    -4111    -6595    -7100    -9724    -36345    -89991    -42173
SRM_1831_300s_20x20det_2_6_2      -2376    -2979    -3477    -3621    -4297    -6597    -7065    -9614    -36392    -90513    -42671
SRM_1831_300s_20x20det_2_6_3      -2105    -2630    -3052    -3151    -3765    -6141    -6678    -8923    -32956    -81232    -38092
SRM_1831_300s_20x20det_2_6_4      -2388    -2974    -3429    -3508    -4101    -6682    -7222    -9608    -36098    -90063    -42380
SRM_1831_300s_20x20det_2_6_5      -2392    -3000    -3491    -3609    -4354    -6722    -7219    -9778    -35921    -90350    -42177
SRM_1831_300s_20x20det_2_6_6      -2339    -2890    -3282    -3277    -3856    -6670    -7215    -9927    -36611    -90663    -41951
SRM_1831_300s_20x20det_2_6_7      -2348    -2930    -3400    -3515    -4188    -6729    -7300    -9978    -36954    -90510    -42414
SRM_1831_300s_20x20det_2_6_8      -2390    -2997    -3495    -3632    -4325    -6449    -6843    -9643    -36811    -90310    -42013
SRM_1831_300s_20x20det_2_6_9      -2344    -2943    -3434    -3570    -4258    -6603    -7161    -9858    -37076    -90108    -42052
SRM_1831_300s_20x20det_2_7_0      -2478    -3092    -3579    -3684    -4301    -6657    -7160    -9685    -36473    -90368    -43716
SRM_1831_300s_20x20det_2_7_1      -2415    -3018    -3501    -3616    -4251    -6778    -7336    -9792    -36082    -90437    -42795
SRM_1831_300s_20x20det_2_7_10     -2369    -2983    -3503    -3677    -4401    -6595    -7041    -9449    -36560    -90091    -41994
SRM_1831_300s_20x20det_2_7_11     -2318    -2898    -3359    -3458    -4103    -6684    -7232    -9858    -36084    -90451    -41908
SRM_1831_300s_20x20det_2_7_12     -2384    -2984    -3463    -3572    -4258    -6787    -7358    -9895    -36091    -89944    -42636
SRM_1831_300s_20x20det_2_7_13     -1774    -2199    -2517    -2546    -3029    -4986    -5408    -7447    -27408    -68982    -32418
SRM_1831_300s_20x20det_2_7_14     -2364    -2959    -3435    -3545    -4147    -6634    -7132    -9640    -36938    -90185    -42145
SRM_1831_300s_20x20det_2_7_15     -2421    -3030    -3518    -3632    -4296    -6763    -7279    -9928    -36213    -90262    -42504
SRM_1831_300s_20x20det_2_7_16     -2387    -2994    -3496    -3641    -4331    -6624    -7029    -9720    -36481    -90264    -42040
SRM_1831_300s_20x20det_2_7_17     -2320    -2889    -3333    -3407    -4046    -6607    -7156    -9664    -36645    -90331    -42156
SRM_1831_300s_20x20det_2_7_18     -2414    -3037    -3563    -3735    -4447    -6647    -7075    -9753    -36363    -90554    -42372
SRM_1831_300s_20x20det_2_7_19     -2359    -2955    -3443    -3576    -4220    -6545    -7089    -9675    -36405    -89726    -42321
SRM_1831_300s_20x20det_2_7_2      -2345    -2919    -3354    -3402    -4054    -6568    -7089    -9577    -36854    -90050    -42725
SRM_1831_300s_20x20det_2_7_3      -2385    -2988    -3479    -3608    -4336    -6709    -7203    -9786    -36657    -90379    -42988
SRM_1831_300s_20x20det_2_7_4      -2349    -2928    -3384    -3471    -4144    -6710    -7287    -9746    -36661    -90124    -42533
SRM_1831_300s_20x20det_2_7_5      -2382    -2978    -3454    -3564    -4228    -6647    -7156    -9764    -36222    -90350    -42166
SRM_1831_300s_20x20det_2_7_6      -2366    -2936    -3365    -3409    -4048    -6734    -7303    -9965    -36317    -90189    -42333
SRM_1831_300s_20x20det_2_7_7      -2368    -2966    -3451    -3577    -4295    -6740    -7241    -9753    -36653    -90088    -42427
SRM_1831_300s_20x20det_2_7_8      -2399    -3003    -3493    -3617    -4225    -6796    -7363    -9871    -36786    -90458    -42155
SRM_1831_300s_20x20det_2_7_9      -2290    -2873    -3346    -3470    -4102    -6513    -7083    -9446    -36078    -90355    -42748
SRM_1831_300s_20x20det_2_8_0      -2436    -3055    -3568    -3717    -4284    -6665    -7222    -9878    -36337    -90648    -44084
SRM_1831_300s_20x20det_2_8_1      -2422    -3043    -3555    -3701    -4443    -6759    -7283    -9931    -36641    -90792    -43448
SRM_1831_300s_20x20det_2_8_10     -2369    -2969    -3464    -3599    -4218    -6570    -7042    -9688    -36719    -90222    -41988
SRM_1831_300s_20x20det_2_8_11     -2374    -2949    -3385    -3439    -3960    -6571    -7111    -9805    -36275    -90424    -42051
SRM_1831_300s_20x20det_2_8_12     -2389    -2992    -3473    -3581    -4296    -6810    -7350    -9911    -36516    -89708    -42097
SRM_1831_300s_20x20det_2_8_13     -2388    -2994    -3501    -3660    -4389    -6799    -7347    -9656    -35901    -90291    -42364
SRM_1831_300s_20x20det_2_8_14     -2352    -2933    -3387    -3469    -4121    -6676    -7201    -9976    -36744    -90305    -42193
SRM_1831_300s_20x20det_2_8_15     -2357    -2948    -3427    -3551    -4224    -6678    -7192    -9877    -36576    -90705    -41621
SRM_1831_300s_20x20det_2_8_16      -745     -930    -1079    -1115    -1330    -2007    -2137    -2902    -10876    -27804    -12950
SRM_1831_300s_20x20det_2_8_17     -2375    -2976    -3463    -3589    -4318    -6802    -7349   -10013    -36712    -90769    -42241
SRM_1831_300s_20x20det_2_8_18     -2358    -2950    -3431    -3560    -4203    -6654    -7224    -9716    -36500    -90138    -42113
SRM_1831_300s_20x20det_2_8_19     -2340    -2917    -3376    -3476    -4104    -6651    -7170    -9891    -36641    -90416    -42356
SRM_1831_300s_20x20det_2_8_2      -2335    -2901    -3331    -3386    -4002    -6663    -7206    -9812    -36718    -90293    -42483
SRM_1831_300s_20x20det_2_8_3      -2382    -2989    -3496    -3655    -4377    -6675    -7220   -10010    -36830    -90417    -41879
SRM_1831_300s_20x20det_2_8_4      -2375    -2969    -3445    -3553    -4216    -6691    -7206    -9714    -36196    -90606    -42715
SRM_1831_300s_20x20det_2_8_5      -2388    -2994    -3486    -3613    -4319    -6815    -7366   -10066    -36143    -90900    -42168
SRM_1831_300s_20x20det_2_8_6      -2338    -2920    -3392    -3511    -4212    -6653    -7153    -9667    -35970    -90045    -41894
SRM_1831_300s_20x20det_2_8_7      -2360    -2941    -3388    -3453    -4150    -6645    -7149    -9976    -36244    -90671    -41435
SRM_1831_300s_20x20det_2_8_8      -2362    -2965    -3466    -3618    -4329    -6689    -7202    -9732    -36937    -90714    -42280
SRM_1831_300s_20x20det_2_8_9      -2328    -2903    -3346    -3415    -4075    -6654    -7234    -9758    -36979    -90578    -42380
SRM_1831_300s_20x20det_2_9_0      -2451    -3074    -3589    -3737    -4438    -6747    -7276    -9760    -36513    -90116    -43814
SRM_1831_300s_20x20det_2_9_1      -1865    -2325    -2688    -2759    -3203    -5263    -5686    -7604    -28698    -71452    -33709
SRM_1831_300s_20x20det_2_9_10     -2334    -2910    -3367    -3466    -4082    -6588    -7158    -9663    -36488    -90292    -42331
SRM_1831_300s_20x20det_2_9_11     -2387    -3000    -3509    -3663    -4391    -6777    -7349    -9904    -36510    -90564    -42202
SRM_1831_300s_20x20det_2_9_12      -471     -584     -667     -671     -791    -1320    -1432    -1767     -6880    -17576     -8242
SRM_1831_300s_20x20det_2_9_13     -2386    -2992    -3491    -3633    -4313    -6713    -7286    -9928    -36260    -90579    -42074
SRM_1831_300s_20x20det_2_9_14     -2344    -2945    -3444    -3592    -4326    -6600    -7100    -9729    -36148    -90516    -41714
SRM_1831_300s_20x20det_2_9_15     -2348    -2933    -3401    -3510    -4122    -6561    -7046    -9898    -36195    -90174    -42082
SRM_1831_300s_20x20det_2_9_16     -2322    -2893    -3344    -3434    -4118    -6612    -7130    -9845    -36507    -90435    -42017
SRM_1831_300s_20x20det_2_9_17     -2322    -2893    -3337    -3414    -4103    -6717    -7297    -9508    -36574    -90065    -41733
SRM_1831_300s_20x20det_2_9_18     -2412    -3021    -3514    -3639    -4268    -6460    -6910    -9462    -36525    -90503    -42247
SRM_1831_300s_20x20det_2_9_19     -2373    -2974    -3467    -3603    -4277    -6673    -7154    -9780    -36605    -90471    -42306
SRM_1831_300s_20x20det_2_9_2      -2344    -2940    -3427    -3554    -4131    -6632    -7168    -9664    -36051    -90354    -42707
SRM_1831_300s_20x20det_2_9_3      -2344    -2935    -3424    -3567    -4247    -6607    -7126    -9864    -36524    -90409    -42265
SRM_1831_300s_20x20det_2_9_4      -2350    -2948    -3442    -3585    -4286    -6664    -7200    -9812    -36109    -90009    -42518
SRM_1831_300s_20x20det_2_9_5      -2372    -2930    -3322    -3308    -3785    -6528    -7019    -9642    -36161    -90794    -41738
SRM_1831_300s_20x20det_2_9_6      -2362    -2957    -3437    -3555    -4230    -6587    -7107    -9538    -36572    -90452    -42369
SRM_1831_300s_20x20det_2_9_7      -2388    -2983    -3458    -3564    -4178    -6520    -7015    -9739    -36882    -90715    -42560
SRM_1831_300s_20x20det_2_9_8       -385     -481     -556     -569     -660     -979    -1023    -1227     -5123    -12834     -6119
SRM_1831_300s_20x20det_2_9_9      -2329    -2911    -3380    -3495    -4148    -6562    -7081    -9753    -36523    -90108    -41374


Mean value:                    -2278.39 -2848.66 -3306.15 -3412.88 -4044.59 -6374.30 -6871.88 -9332.39 -34921.73 -86669.28 -40706.09
Std. Abw.:                       362.36   454.53   530.43   553.04   661.54  1024.70  1109.75  1526.66   5654.81  13943.65   6571.98
Std. Abw. rel. [%]:              -15.90   -15.96   -16.04   -16.20   -16.36   -16.08   -16.15   -16.36    -16.19    -16.09    -16.14
Conf. interval:                   18.12    22.73    26.52    27.65    33.08    51.23    55.49    76.33    282.74    697.18    328.60
