ROI net sum

Spectrum                                 Na   Mg    Al      Si    S    Cl     K      Ca   Ti     V    Mn    Fe    Ni    Zn   Rb    Sr    Zr    Rh    Cd
-------------------------------------------------------------------------------------------------------------------------------------------------------
SRM_1831_300s_100_repeat_Rh_FE_D1_0_0  8559 8895 12005 1028697 8035 19986 27623 1032185 3975  1490  2778 67667  3590 11034 7148 21440  9697 68954  1636
SRM_1831_300s_100_repeat_Rh_FE_D1_0_1  8347 8998 11906 1028067 7859 19946 27676 1031949 4373  1602  2159 67679  2808 11307 7674 21246 10029 69391  1348
SRM_1831_300s_100_repeat_Rh_FE_D1_0_10 8575 8987 12147 1022349 8390 20430 27561 1028818 3961  1583  2295 67246  2819 10718 7239 21938 10340 69608  1830
SRM_1831_300s_100_repeat_Rh_FE_D1_0_11 8478 8842 12120 1024804 8306 20243 27545 1029267 4208  1331  2005 67794  3801 11478 7155 21864  9400 69158  1548
SRM_1831_300s_100_repeat_Rh_FE_D1_0_12 8557 8914 12154 1024480 7930 20118 27602 1030094 4061  1629  2804 67976  3794 11383 7537 22362 10289 68957  1600
SRM_1831_300s_100_repeat_Rh_FE_D1_0_13 8462 9023 11834 1022183 7981 19974 27459 1029613 4119  1458  2524 67948  3351 11057 7622 21630  9509 69188  1540
SRM_1831_300s_100_repeat_Rh_FE_D1_0_14 8577 8862 11878 1024566 8071 20024 27132 1027201 4365  1659  2838 67885  3497 10821 7185 21329 10131 69367  1396
SRM_1831_300s_100_repeat_Rh_FE_D1_0_15 8406 8976 12032 1024554 7992 19907 27481 1031284 4299  1496  2387 67154  3359 11379 7088 21356  9577 68944  1316
SRM_1831_300s_100_repeat_Rh_FE_D1_0_16 8389 8880 11967 1025744 8285 20155 27270 1030529 3887  1386  2330 67882  3347 11372 7589 21659  9991 68776  1254
SRM_1831_300s_100_repeat_Rh_FE_D1_0_17 8360 8775 11909 1024840 8039 20118 27764 1029851 4006  1690  2540 67145  2799 11087 7110 21875  9825 69404  1591
SRM_1831_300s_100_repeat_Rh_FE_D1_0_18 8630 8939 11874 1026131 8084 19803 27647 1030840 4074  1543  2255 67702  3005 10607 7333 21920 10938 69173  1405
SRM_1831_300s_100_repeat_Rh_FE_D1_0_19 8613 8748 12060 1026868 8208 20039 27490 1030179 4167  1603  2088 67366  3233 11470 7235 22124 10150 69823  1327
SRM_1831_300s_100_repeat_Rh_FE_D1_0_2  8218 8910 11820 1028176 8261 19949 27638 1032143 3974  1627  2128 67018  3360 11912 7741 22118  9917 69614  1605
SRM_1831_300s_100_repeat_Rh_FE_D1_0_20 8530 9031 12218 1026174 8023 19829 27522 1031025 4049  1274  2089 66662  3291 11472 8006 21543 10140 69891  1477
SRM_1831_300s_100_repeat_Rh_FE_D1_0_21 8555 9003 11998 1026111 7837 20118 27391 1032308 3850  1331  2004 67467  2976 11003 7378 21743 10164 69448  1643
SRM_1831_300s_100_repeat_Rh_FE_D1_0_22 8239 8733 11969 1026317 8003 20043 27435 1031729 3966  1429  2444 67786  3071 11224 7384 22441  9700 69900  1725
SRM_1831_300s_100_repeat_Rh_FE_D1_0_23 8482 8986 12032 1026067 7938 19952 27588 1031081 4063  1464  1798 66657  3057 11515 7244 22208 10392 69974  1552
SRM_1831_300s_100_repeat_Rh_FE_D1_0_24 8627 8937 12019 1025346 8049 19893 27744 1031380 4018  1704  2901 67925  3946 11188 7310 21859  9618 69470  1665
SRM_1831_300s_100_repeat_Rh_FE_D1_0_25 8479 8812 11989 1025034 8006 20075 27147 1033680 4056  1622  2415 67708  3484 11294 7740 21928  9849 69712  1620
SRM_1831_300s_100_repeat_Rh_FE_D1_0_26 8478 8929 11852 1026081 8144 20284 27545 1030899 4021  1482  2274 67332  3206 11321 7203 21480  9564 69642  1383
SRM_1831_300s_100_repeat_Rh_FE_D1_0_27 8722 8956 11952 1026378 7975 19761 27802 1031888 3946  1733  2245 67793  3456 11139 7462 21242  9632 69262  1487
SRM_1831_300s_100_repeat_Rh_FE_D1_0_28 8129 9099 11861 1027649 8070 19904 27620 1032317 4079  1549  2421 67648  3391 11210 7652 21418  9546 69964  1269
SRM_1831_300s_100_repeat_Rh_FE_D1_0_29 8485 8866 11885 1025690 8069 19955 27313 1031212 3981  1581  2842 67332  3614 10835 8080 21838 10653 69693  1489
SRM_1831_300s_100_repeat_Rh_FE_D1_0_3  8423 8948 11928 1026997 8024 20132 27279 1032949 4010  1800  2711 68399  3210 11227 7811 22678 10045 69351  1533
SRM_1831_300s_100_repeat_Rh_FE_D1_0_30 8610 9193 12056 1023259 7927 19953 27507 1029856 4196  1251  2644 67510  2645 11205 6869 21750  9781 69188  1544
SRM_1831_300s_100_repeat_Rh_FE_D1_0_31 8411 8901 11873 1025511 8144 20326 27246 1032524 4312  1767  2380 67048  3212 11528 7781 21858  9526 69530  1404
SRM_1831_300s_100_repeat_Rh_FE_D1_0_32 8481 8759 11995 1026451 8123 20213 27528 1029579 4052  1732  2461 67917  3273 11746 7517 21800  9468 69286  1621
SRM_1831_300s_100_repeat_Rh_FE_D1_0_33 8411 8872 11992 1026326 7908 19700 27295 1032641 3835  1299  2376 67861  3194 10775 6994 22584 10124 69973  1795
SRM_1831_300s_100_repeat_Rh_FE_D1_0_34 8629 9189 11773 1024771 8196 20200 27311 1031919 4008  1417  2259 67768  3964 11737 6972 21522  8990 69791  1820
SRM_1831_300s_100_repeat_Rh_FE_D1_0_35 8437 8811 12079 1028023 8085 20179 27489 1031139 4054  1500  2309 67613  3262 11529 7404 21769 10294 69393  1535
SRM_1831_300s_100_repeat_Rh_FE_D1_0_36 8494 9013 12159 1022818 8071 20046 27748 1031005 4151  1459  2562 67420  3241 10659 7401 21857 10447 69261  1269
SRM_1831_300s_100_repeat_Rh_FE_D1_0_37 8602 8910 11755 1026249 8049 20033 27584 1031963 4061  1462  2221 68418  3317 11366 7596 21763  9998 69354  1612
SRM_1831_300s_100_repeat_Rh_FE_D1_0_38 8359 8871 11961 1026265 8125 20081 27224 1033210 4195  1638  2257 67633  3645 11209 7755 22587 10799 69873  1445
SRM_1831_300s_100_repeat_Rh_FE_D1_0_39 8388 8911 11740 1024844 8122 19809 27072 1031457 4073  1498  2308 67350  2663 10813 7890 21779 10334 69841  1374
SRM_1831_300s_100_repeat_Rh_FE_D1_0_4  8457 8749 11963 1027194 8048 20042 27544 1030907 4401  1628  2553 67180  3153 11271 7136 21696 10430 69300  1461
SRM_1831_300s_100_repeat_Rh_FE_D1_0_40 8349 8957 11832 1025020 8124 19548 27412 1028192 3921  1508  2284 67608  2760 10953 7494 22173 10276 69206  1522
SRM_1831_300s_100_repeat_Rh_FE_D1_0_41 8587 8886 11783 1026903 8103 20158 27448 1030813 3864  1282  2773 67651  2833 11035 7654 22032 10660 70238  1394
SRM_1831_300s_100_repeat_Rh_FE_D1_0_42 8413 8874 12065 1025321 8145 20181 27316 1030919 4310  1490  2699 67039  3128 10972 7420 21912 10213 69231  1313
SRM_1831_300s_100_repeat_Rh_FE_D1_0_43 8388 8758 11960 1022920 8002 19997 27764 1030096 4086  1419  2445 67311  3020 10893 7300 20847  9091 69292  1526
SRM_1831_300s_100_repeat_Rh_FE_D1_0_44 8457 8790 11953 1025006 8015 20031 27267 1030253 4031  1808  2788 67329  3301 11376 7550 21680  9702 70103  1265
SRM_1831_300s_100_repeat_Rh_FE_D1_0_45 8596 8726 11854 1023163 8347 19900 27503 1027877 4070  1328  2353 67593  2913 11177 7546 21675 10914 69554  1665
SRM_1831_300s_100_repeat_Rh_FE_D1_0_46 8679 8907 12141 1023816 8307 19878 27633 1031482 4062  1426  2465 68045  3541 11553 7563 21985  9625 69370  1424
SRM_1831_300s_100_repeat_Rh_FE_D1_0_47 8483 8774 11913 1029129 7839 20022 27703 1030542 3819  1172  2264 67824  3918 11624 8061 21605  9767 69757  1248
SRM_1831_300s_100_repeat_Rh_FE_D1_0_48 8442 8957 11871 1027290 8113 20070 27452 1031410 4301  1911  2782 67715  3219 10888 7758 22563 10029 69872  1637
SRM_1831_300s_100_repeat_Rh_FE_D1_0_49 8432 8989 11828 1026415 8016 19774 27408 1031951 4112  1443  2082 67754  3344 11026 7657 22191  9957 69916  1462
SRM_1831_300s_100_repeat_Rh_FE_D1_0_5  8266 8722 11889 1027572 8009 19904 27520 1031436 3930  1659  2861 67221  2581 11286 7812 22192  9837 69413  1576
SRM_1831_300s_100_repeat_Rh_FE_D1_0_50 8771 9027 11953 1026898 8021 19977 27503 1030469 4111  1297  1912 67304  3167 11289 7606 21922 10100 69200  1137
SRM_1831_300s_100_repeat_Rh_FE_D1_0_51 8420 8821 12119 1026989 8045 20058 27796 1031248 4073  1576  2148 66880  2805 11567 7704 20898  9705 69134  1699
SRM_1831_300s_100_repeat_Rh_FE_D1_0_52 8451 8904 11947 1028240 7801 19796 27464 1030972 4293  1737  2330 67483  2886 10849 7995 21679  9757 68987  1519
SRM_1831_300s_100_repeat_Rh_FE_D1_0_53 8519 8954 12053 1023266 8000 19916 27291 1030104 3991  1482  2583 67658  3005 11023 7484 21871  9697 69656  1545
SRM_1831_300s_100_repeat_Rh_FE_D1_0_54 8529 8942 12074 1026474 8064 19942 27525 1031857 3890  1164  2570 68046  3675 10916 7942 22139  9990 69403  1595
SRM_1831_300s_100_repeat_Rh_FE_D1_0_55 8383 9069 11926 1025709 7981 19688 27682 1031789 4039  1678  2804 67373  3472 11527 7545 21841  9321 68628  1635
SRM_1831_300s_100_repeat_Rh_FE_D1_0_56 8597 8947 11824 1026125 8092 19783 27629 1031357 3950  1426  1918 67349  4104 11404 7205 21740  9661 69194  1380
SRM_1831_300s_100_repeat_Rh_FE_D1_0_57 8672 9020 12140 1028955 8131 20011 27420 1030565 3937  1422  2138 66662  3292 10985 7615 21754  9528 69466  1716
SRM_1831_300s_100_repeat_Rh_FE_D1_0_58 8532 8915 12112 1024950 7876 19864 27630 1032137 4152  1613  2701 67936  3059 11678 7286 21882  9608 69715  1577
SRM_1831_300s_100_repeat_Rh_FE_D1_0_59 8631 8893 11962 1026587 8096 19782 27740 1031881 4049  1498  2611 68077  3397 11528 7362 22083 10418 69271  1567
SRM_1831_300s_100_repeat_Rh_FE_D1_0_6  8527 9067 12043 1025834 7855 19841 27569 1030787 4141  1429  2302 67757  3233 11779 7359 21640  9477 69464  1350
SRM_1831_300s_100_repeat_Rh_FE_D1_0_60 8560 8959 11990 1024174 8147 20154 27443 1031167 4206  1596  2362 67546  3219 11256 7645 21944  9508 69366  1457
SRM_1831_300s_100_repeat_Rh_FE_D1_0_61 8454 9098 11924 1025080 8069 19997 27943 1033552 4005  1368  2616 67634  3459 10790 7388 21996  9122 69488  1599
SRM_1831_300s_100_repeat_Rh_FE_D1_0_62 8403 8825 11957 1025694 8308 20149 27869 1032409 4273  1727  2376 67730  3186 11392 6848 21942 10416 70110  1274
SRM_1831_300s_100_repeat_Rh_FE_D1_0_63 8507 9014 11926 1027482 8057 20015 27498 1030330 3912  1387  2514 67452  2673 11409 7948 22122 10292 69511  1630
SRM_1831_300s_100_repeat_Rh_FE_D1_0_64 8696 8916 12152 1027736 8296 20079 27648 1032854 4186  1609  2320 68088  3526 11147 7501 21402 10502 69557  1406
SRM_1831_300s_100_repeat_Rh_FE_D1_0_65 8653 8940 12025 1026751 8035 20110 27287 1031478 4211  1288  2955 68285  3671 12089 7210 21798 10082 68969  1446
SRM_1831_300s_100_repeat_Rh_FE_D1_0_66 8465 8987 12149 1026751 7991 19986 27562 1030712 4274  1483  2372 68045  2762 11563 7326 22086 10419 69254  1672
SRM_1831_300s_100_repeat_Rh_FE_D1_0_67 8584 8860 11863 1026592 8230 20165 27476 1032361 3932  1638  2253 67470  3169 10893 7666 22134 10151 69268  1435
SRM_1831_300s_100_repeat_Rh_FE_D1_0_68 8450 8973 12194 1027361 8129 20106 27845 1032058 4276  1915  2811 67779  3254 11084 7289 21420  9894 69470  1448
SRM_1831_300s_100_repeat_Rh_FE_D1_0_69 8555 8825 11979 1026283 8152 19834 27476 1030844 4218  1464  2543 67031  3693 10916 7547 22403  9200 69455  1336
SRM_1831_300s_100_repeat_Rh_FE_D1_0_7  8284 8872 11975 1025104 7917 19786 27623 1031201 3703  1261  2333 67233  3501 11260 7118 21671 10044 69873  1551
SRM_1831_300s_100_repeat_Rh_FE_D1_0_70 8517 9051 11906 1028460 8316 20317 27626 1032606 3826  1279  2993 68628  3847 11273 7427 21579  9747 69470  1532
SRM_1831_300s_100_repeat_Rh_FE_D1_0_71 8456 8908 11967 1025376 8181 19841 27507 1030080 4118  1704  2256 67770  4009 11061 7260 21794  9861 69531  1410
SRM_1831_300s_100_repeat_Rh_FE_D1_0_72 8409 8853 11817 1026739 7973 20177 27433 1031021 3886  1408  2602 67426  3277 11004 7149 22105 10353 69087  1542
SRM_1831_300s_100_repeat_Rh_FE_D1_0_73 8365 8882 11735 1026268 7791 20011 27300 1030714 3903  1288  2644 67899  3405 11569 8119 22249 10418 69641  1453
SRM_1831_300s_100_repeat_Rh_FE_D1_0_74 8436 8898 11808 1027246 8014 19968 27540 1030741 3904  1546  2336 67061  3628 11261 7724 22402  9700 69150  1295
SRM_1831_300s_100_repeat_Rh_FE_D1_0_75 8423 8859 12015 1025474 8211 20015 27246 1031714 3916  1376  2387 67553  2979 11235 7576 21794 10400 69560  1234
SRM_1831_300s_100_repeat_Rh_FE_D1_0_76 8426 8749 11947 1025852 7948 19878 27435 1030953 4078  1576  2625 67685  3061 10666 7394 21126 10206 70362  1348
SRM_1831_300s_100_repeat_Rh_FE_D1_0_77 8542 8875 11843 1026094 8277 19915 27775 1029947 3852  1624  2103 67347  3319 11335 7830 21372 10647 69389  1123
SRM_1831_300s_100_repeat_Rh_FE_D1_0_78 8587 9103 12013 1024574 8032 19802 27745 1027732 4041  1815  2810 67961  3238 11404 7186 22001  9735 68956  1429
SRM_1831_300s_100_repeat_Rh_FE_D1_0_79 8550 8826 11834 1027716 7903 19837 27402 1030492 4266  1813  2740 68360  3064 11393 7287 21589  9468 69011  1738
SRM_1831_300s_100_repeat_Rh_FE_D1_0_8  8384 8933 11877 1023943 8328 19992 27385 1029425 4185  1517  2352 67074  3056 11732 7566 21756  9662 69211  1576
SRM_1831_300s_100_repeat_Rh_FE_D1_0_80 8550 8704 11702 1026583 7960 19884 27969 1032310 4241  1687  2202 67380  3210 11358 7448 21841  9044 69661  1559
SRM_1831_300s_100_repeat_Rh_FE_D1_0_81 8545 8859 12295 1028987 8145 20341 27543 1033841 4395  1612  3277 67557  3763 11731 7658 22150  9684 69650  1701
SRM_1831_300s_100_repeat_Rh_FE_D1_0_82 8300 8961 11783 1028394 7916 19784 27643 1031047 4031  1524  2201 67308  3297 11052 7504 21632 10353 69690  1331
SRM_1831_300s_100_repeat_Rh_FE_D1_0_83 8420 8934 11976 1027043 8104 19988 27387 1030767 4254  1698  2714 67695  2820 11674 7259 21357  9890 69521  1800
SRM_1831_300s_100_repeat_Rh_FE_D1_0_84 8322 8941 12042 1028253 8219 19960 27599 1031543 4129  1354  2170 67739  2854 11011 8128 22842  9980 69730  1469
SRM_1831_300s_100_repeat_Rh_FE_D1_0_85 8667 8979 11865 1027126 7949 20026 27419 1029840 3968  1492  2397 67835  3629 11153 7823 22008 10324 68780  1563
SRM_1831_300s_100_repeat_Rh_FE_D1_0_86 8490 8981 11845 1028841 8065 20092 27676 1030839 3917  1487  1826 67031  2915 11025 7615 21913 10000 68880  1523
SRM_1831_300s_100_repeat_Rh_FE_D1_0_87 8488 9107 11931 1026982 8300 20244 27445 1032653 3994  1434  2328 67585  2993 11482 7865 21837  9462 69846  1497
SRM_1831_300s_100_repeat_Rh_FE_D1_0_88 8537 9110 12090 1025461 8059 19700 27120 1032212 4131  1406  2137 67348  3868 10839 6994 21746  9675 69549  1698
SRM_1831_300s_100_repeat_Rh_FE_D1_0_89 8631 8843 12153 1029065 7880 20349 27116 1032022 4041  1518  2476 67405  2930 11118 7488 22242 10601 70041  1440
SRM_1831_300s_100_repeat_Rh_FE_D1_0_9  8426 8713 11899 1023816 8052 19858 27124 1030460 4026  1561  2873 67076  3300 10999 7381 22003  9539 69871  1398
SRM_1831_300s_100_repeat_Rh_FE_D1_0_90 8484 9073 11967 1026434 8115 20258 27453 1030996 4030  1470  2292 66789  2759 11164 7870 22022 10122 69442  1355
SRM_1831_300s_100_repeat_Rh_FE_D1_0_91 8546 8920 11883 1025430 8119 19863 27876 1031422 3921  1252  2272 67906  3699 10595 7759 21853  9837 69679  1471
SRM_1831_300s_100_repeat_Rh_FE_D1_0_92 8609 8869 12121 1026701 8085 20065 27503 1031361 3710  1352  2250 67142  3135 11382 8224 21822 10256 69398  1763
SRM_1831_300s_100_repeat_Rh_FE_D1_0_93 8605 8739 11999 1026658 8266 20280 27406 1030852 4257  1765  2153 66974  3240 11370 7199 21677  9832 69427  1578
SRM_1831_300s_100_repeat_Rh_FE_D1_0_94 8336 8871 11890 1026748 8229 19873 27502 1029892 4269  1811  3252 67623  2803 10920 7292 21477  9464 69609  1659
SRM_1831_300s_100_repeat_Rh_FE_D1_0_95 8417 8742 12011 1025701 7918 20285 27815 1030714 3998  1650  1979 66800  3282 11086 7965 21966  9888 69711  1610
SRM_1831_300s_100_repeat_Rh_FE_D1_0_96 8442 8975 11623 1025100 7977 19927 27528 1030230 3960  1261  2118 67273  2980 10682 7404 21949  9999 69447  1455
SRM_1831_300s_100_repeat_Rh_FE_D1_0_97 8441 9130 12070 1027310 8281 20126 27801 1031164 4035  1394  2629 67624  3185 10824 7614 22166  9986 69563  1680
SRM_1831_300s_100_repeat_Rh_FE_D1_0_98 8292 8938 11935 1026236 8061 20366 27639 1028888 4001  1652  2642 67045  3274 11495 7479 21390  9105 69238  1402
SRM_1831_300s_100_repeat_Rh_FE_D1_0_99 8529 8751 11942 1025212 8059 20278 27439 1029075 4172  1521  2613 67047  3646 11713 7742 21639 10764 68988  1786
SRM_1831_300s_100_repeat_Rh_FE_D2_0_0  8781 9352 13021 1082963 8307 21850 28460 1088349 4069  1371  2200 70519  3426 11227 7952 23029 10422 71607  1591
SRM_1831_300s_100_repeat_Rh_FE_D2_0_1  8796 9063 12756 1078180 8458 21691 28717 1084536 4199  1518  2638 71413  2772 10907 7592 22606 10730 72265  1408
SRM_1831_300s_100_repeat_Rh_FE_D2_0_10 8842 9318 12825 1075552 8285 21563 28819 1085237 4265  1555  2726 70876  3063 10922 7603 22292 10568 72740  1392
SRM_1831_300s_100_repeat_Rh_FE_D2_0_11 8768 9268 12849 1076587 8437 21705 29353 1083416 4345  1627  2221 70451  2698 11106 7942 21952 10049 71964  1479
SRM_1831_300s_100_repeat_Rh_FE_D2_0_12 8783 9102 13030 1076086 8085 21316 29048 1084629 4333  1517  2514 70999  2637 11211 7897 23068 10449 71456  1481
SRM_1831_300s_100_repeat_Rh_FE_D2_0_13 8702 9431 12837 1077281 8198 21345 28921 1082178 4209  1616  2419 71596  2811 11316 7883 22657 10306 72082  1345
SRM_1831_300s_100_repeat_Rh_FE_D2_0_14 8676 9372 12660 1077475 8170 21080 28643 1083028 4309  1873  2542 71061  2930 11723 8393 22618 10869 71215  1498
SRM_1831_300s_100_repeat_Rh_FE_D2_0_15 9069 9191 12791 1078774 8295 21341 28623 1085858 4643  1549  2202 70419  3185 11109 7741 22526  9921 71613  1536
SRM_1831_300s_100_repeat_Rh_FE_D2_0_16 8747 9293 12728 1079486 8268 21167 28641 1083746 4360  1839  2612 71532  2917 11055 8380 22506 10770 71832  1737
SRM_1831_300s_100_repeat_Rh_FE_D2_0_17 8848 9260 12657 1079267 8078 21353 28940 1084787 4314  1469  2408 70939  3152 11265 8167 22781 10556 72093  1416
SRM_1831_300s_100_repeat_Rh_FE_D2_0_18 8691 9301 12798 1078684 8277 21485 29164 1084406 4409  1443  2671 71504  3380 11855 8171 23023  9921 72244  1603
SRM_1831_300s_100_repeat_Rh_FE_D2_0_19 8883 9175 12503 1079368 7879 21217 28725 1087166 4303  1723  2332 70438  2960 11682 8173 22723  9605 72216  1445
SRM_1831_300s_100_repeat_Rh_FE_D2_0_2  8877 9133 12994 1078768 8149 21464 29095 1084573 4168  1612  2703 71619  3287 12062 7530 22284 10033 71932  1408
SRM_1831_300s_100_repeat_Rh_FE_D2_0_20 8820 9315 12713 1078252 7772 21020 28943 1084711 4027  1565  2454 71693  3594 11710 8047 22294 10521 72104  1399
SRM_1831_300s_100_repeat_Rh_FE_D2_0_21 8856 9175 12825 1079486 8336 21133 29043 1084102 4244  2005  2899 71753  2859 11814 8736 22774 10582 72666  1400
SRM_1831_300s_100_repeat_Rh_FE_D2_0_22 8954 9262 12800 1080923 8116 21318 28871 1085303 3946  1585  2345 70938  2854 11806 7251 22414 10140 71589  1409
SRM_1831_300s_100_repeat_Rh_FE_D2_0_23 8891 9367 13014 1079898 8190 21563 29010 1085604 4222  1613  2449 70877  3558 11790 7661 22574 10142 72494  1198
SRM_1831_300s_100_repeat_Rh_FE_D2_0_24 8865 9272 12976 1079343 8139 21247 28827 1084356 4425  1665  2441 70971  3207 11927 8299 22918 10673 72688  1623
SRM_1831_300s_100_repeat_Rh_FE_D2_0_25 8722 9163 12761 1078554 7985 21360 28684 1087184 4150  1565  2444 71038  3257 11956 7896 22853 10449 71946  1868
SRM_1831_300s_100_repeat_Rh_FE_D2_0_26 8969 9173 12971 1078028 7976 21423 28875 1084211 4297  1601  2250 70058  2993 11709 8322 22878 10416 71633  1778
SRM_1831_300s_100_repeat_Rh_FE_D2_0_27 8833 9282 12788 1080637 8430 21479 28975 1086904 4288  1590  2813 71017  2745 11705 8237 23331 10855 72375  1564
SRM_1831_300s_100_repeat_Rh_FE_D2_0_28 8669 9393 12766 1079359 7921 21202 29075 1085635 4268  1529  2510 71068  3144 11843 8211 22853 10229 71857  1413
SRM_1831_300s_100_repeat_Rh_FE_D2_0_29 8749 9156 12638 1077692 8094 21548 28863 1085967 4304  1583  2227 70983  3727 12314 8340 23792 10372 72422  1683
SRM_1831_300s_100_repeat_Rh_FE_D2_0_3  8780 9243 13124 1077720 8110 21417 28999 1085286 4318  1615  2279 70682  3961 11520 8077 23502 11054 71374  1329
SRM_1831_300s_100_repeat_Rh_FE_D2_0_30 8757 9289 12566 1080373 8156 21600 28920 1087000 4341  1720  2684 71496  4082 11621 8264 22945 10940 72045  1389
SRM_1831_300s_100_repeat_Rh_FE_D2_0_31 8922 9462 12917 1077242 8054 21391 28824 1082695 4130  1743  2341 69762  3299 11777 8161 23411 10803 71812  1289
SRM_1831_300s_100_repeat_Rh_FE_D2_0_32 8812 9506 13040 1081650 8378 21504 29068 1086490 4297  1634  2843 70848  3375 12225 8149 22530 10345 71805  1446
SRM_1831_300s_100_repeat_Rh_FE_D2_0_33 8685 9166 12915 1080185 8239 21232 28841 1087694 3921  1461  2403 71046  2418 11223 8014 22140 10261 71762  1718
SRM_1831_300s_100_repeat_Rh_FE_D2_0_34 9015 9346 12971 1080035 8318 21609 29290 1085419 4288  1873  2578 71550  2903 11676 7955 23275 10644 73076  1664
SRM_1831_300s_100_repeat_Rh_FE_D2_0_35 8822 9400 12672 1077771 8062 21223 28950 1085519 4303  1606  2390 70969  2881 11709 8241 22589 10687 71117  1526
SRM_1831_300s_100_repeat_Rh_FE_D2_0_36 9008 9304 12744 1079198 8210 21259 28932 1085669 4296  1462  2672 71467  2809 11281 7817 23007 10136 72137  1554
SRM_1831_300s_100_repeat_Rh_FE_D2_0_37 8822 9294 12819 1077706 8194 21379 28910 1087871 4271  1491  2514 71190  2865 11459 8396 22881 10397 71745  1362
SRM_1831_300s_100_repeat_Rh_FE_D2_0_38 8869 9352 12679 1080154 8350 21468 29018 1087616 4128  1784  2318 70901  2489 11289 8170 22686 10253 72738  1688
SRM_1831_300s_100_repeat_Rh_FE_D2_0_39 8805 9332 12521 1077293 8116 21380 28648 1084518 4200  1630  2658 71271  2909 11255 8103 22505 10630 71894  1493
SRM_1831_300s_100_repeat_Rh_FE_D2_0_4  8812 9335 12989 1079242 8230 21219 29172 1087492 4378  1793  2765 72169  2908 11567 8154 23047 10895 72028  1278
SRM_1831_300s_100_repeat_Rh_FE_D2_0_40 8836 9352 12718 1079371 8070 21342 28733 1086057 4169  1639  2744 71480  2696 11624 7656 22643 10221 72764  1390
SRM_1831_300s_100_repeat_Rh_FE_D2_0_41 8871 9407 12687 1078170 8020 20710 29162 1084657 4593  2032  2347 70762  2751 11012 7521 22412 10755 72523  1366
SRM_1831_300s_100_repeat_Rh_FE_D2_0_42 8662 9397 12677 1078710 8271 21552 29158 1085648 4289  1764  2691 70806  2975 11358 7906 22754 10874 71643  1139
SRM_1831_300s_100_repeat_Rh_FE_D2_0_43 8750 9256 12905 1079130 8334 21391 29133 1084259 4107  1579  2490 71042  3221 11305 8042 22650  9508 72242  1716
SRM_1831_300s_100_repeat_Rh_FE_D2_0_44 8746 9264 12827 1075543 8433 21405 29072 1084060 4274  1584  2243 70721  2876 11226 7651 23104 10859 71798  1814
SRM_1831_300s_100_repeat_Rh_FE_D2_0_45 8811 9144 12703 1079358 8392 21695 28975 1085698 4510  1746  2505 70960  2898 11511 8056 22472  9963 71929  1350
SRM_1831_300s_100_repeat_Rh_FE_D2_0_46 8775 9312 12882 1079351 8212 21166 29082 1086110 4216  1565  2523 70715  2833 11060 7808 22488 10893 72545  1862
SRM_1831_300s_100_repeat_Rh_FE_D2_0_47 8778 9155 12635 1079332 8316 21282 28584 1085559 4091  1578  2601 70689  2908 11553 8179 22465 10222 72381  1664
SRM_1831_300s_100_repeat_Rh_FE_D2_0_48 8923 9337 12960 1079004 8184 21529 29155 1085558 4218  1804  2507 70848  2871 11391 8882 23520 11169 72320  1281
SRM_1831_300s_100_repeat_Rh_FE_D2_0_49 8830 9330 12812 1079119 8149 21415 28615 1087432 4394  1594  2376 71351  2598 11432 8292 23562 10831 72045  1515
SRM_1831_300s_100_repeat_Rh_FE_D2_0_5  8957 9402 12935 1080982 8297 21240 29078 1088601 4182  1686  2293 71428  2853 11928 8617 23306 10865 72098  1483
SRM_1831_300s_100_repeat_Rh_FE_D2_0_50 8648 9216 12689 1078992 8237 21132 28827 1086037 4361  1623  2255 70650  3531 11698 8283 22735 10602 72228  1662
SRM_1831_300s_100_repeat_Rh_FE_D2_0_51 8837 9192 12768 1080226 8342 21651 28673 1085438 4197  1692  2806 71177  3352 11066 8194 23185  9765 72194  1518
SRM_1831_300s_100_repeat_Rh_FE_D2_0_52 8787 9278 12883 1079519 8230 21657 29015 1086875 4234  1746  2585 71774  2842 11185 8161 22437 10513 71835  1727
SRM_1831_300s_100_repeat_Rh_FE_D2_0_53 8797 9250 13001 1076458 8127 21153 28988 1084863 4311  1770  2580 71555  2908 11217 7036 22033 10391 70889  1545
SRM_1831_300s_100_repeat_Rh_FE_D2_0_54 8772 9270 12911 1077786 8386 21294 29123 1085763 4137  1672  2231 71152  2953 11416 8057 22555 10012 71846  1664
SRM_1831_300s_100_repeat_Rh_FE_D2_0_55 9016 9483 13075 1079822 8342 21349 28930 1085460 4274  1300  2461 71378  3768 12163 8095 22818  9844 71864  1684
SRM_1831_300s_100_repeat_Rh_FE_D2_0_56 8761 9387 12717 1079693 8148 21440 29215 1085377 4169  1433  2300 70920  3417 11355 7987 22667  9842 72148  1322
SRM_1831_300s_100_repeat_Rh_FE_D2_0_57 8933 9281 12823 1081138 8220 21587 28826 1087575 4399  1607  2405 70659  2931 11632 8390 23113 10280 71550  1327
SRM_1831_300s_100_repeat_Rh_FE_D2_0_58 8950 9285 12532 1080579 8040 21427 29127 1087159 4376  1757  2244 71402  3196 11323 7879 22697 10345 71536  1370
SRM_1831_300s_100_repeat_Rh_FE_D2_0_59 8982 9289 12833 1080423 8344 21296 29200 1087423 4229  1761  2367 70810  3505 11651 7927 22751 10003 72362  1649
SRM_1831_300s_100_repeat_Rh_FE_D2_0_6  8755 9285 12815 1077303 8061 21375 29139 1086119 4084  1438  1992 70122  3117 11729 8010 22606 10981 72388  1195
SRM_1831_300s_100_repeat_Rh_FE_D2_0_60 8863 9317 12899 1080881 8106 21609 28987 1087345 4442  1846  3021 70833  2953 11781 8050 22739 10461 73029  1904
SRM_1831_300s_100_repeat_Rh_FE_D2_0_61 8879 9286 12586 1079861 8328 21389 29064 1088481 4477  1729  2823 70545  3631 11494 8220 22952 10844 71886  1373
SRM_1831_300s_100_repeat_Rh_FE_D2_0_62 8779 9152 12723 1078856 8277 21668 28946 1087513 4357  1502  2446 70301  3156 11768 8210 23094 10697 71432  1730
SRM_1831_300s_100_repeat_Rh_FE_D2_0_63 8815 9195 12907 1080324 8296 21184 29194 1087063 4390  2072  2868 70963  2949 11401 8088 23494 10769 72184  1731
SRM_1831_300s_100_repeat_Rh_FE_D2_0_64 8836 9487 13022 1078203 8391 21661 28856 1084318 4362  1682  2737 70769  3288 11441 8100 22765 10980 72095  1538
SRM_1831_300s_100_repeat_Rh_FE_D2_0_65 8972 9368 12599 1078646 8439 21756 28956 1088212 4275  1477  2434 71070  2658 11361 7880 22519  9790 72535  1439
SRM_1831_300s_100_repeat_Rh_FE_D2_0_66 8701 9280 12961 1078189 8428 21411 28999 1084783 4575  1742  3219 70949  2940 11515 7707 22783 10676 71661  1625
SRM_1831_300s_100_repeat_Rh_FE_D2_0_67 8934 9223 12669 1082241 8324 21110 29003 1087513 4456  1602  1995 71362  2933 11459 7545 22672  9684 71375  1651
SRM_1831_300s_100_repeat_Rh_FE_D2_0_68 8771 9213 12923 1079056 8367 21327 29494 1086513 4259  1411  1929 70615  3678 11802 7640 22859  9866 72212  1296
SRM_1831_300s_100_repeat_Rh_FE_D2_0_69 8675 9161 12454 1079201 8029 21386 28826 1087262 4496  1478  2737 71077  2905 11468 8034 22902 10462 71977  1530
SRM_1831_300s_100_repeat_Rh_FE_D2_0_7  8796 9347 12755 1078585 8167 20988 29093 1084003 4264  1432  1949 70815  3087 11761 8148 22511 10707 72229  1271
SRM_1831_300s_100_repeat_Rh_FE_D2_0_70 8978 9280 12546 1080772 8019 21318 29021 1086612 4185  1856  2689 71233  2633 11412 7892 23317 10300 71737  1307
SRM_1831_300s_100_repeat_Rh_FE_D2_0_71 8937 9303 12782 1080059 8302 21570 28823 1087041 4577  1627  2810 71344  2954 11304 7972 23027 10553 73350  1393
SRM_1831_300s_100_repeat_Rh_FE_D2_0_72 8927 9404 12967 1079384 8256 21415 29258 1087346 4714  1674  3132 71473  3678 12054 8067 22817  9926 72310  1257
SRM_1831_300s_100_repeat_Rh_FE_D2_0_73 9090 9244 12805 1079083 8370 21332 28897 1086388 4193  1400  2216 70887  3237 11652 7737 22871 10400 72207  1413
SRM_1831_300s_100_repeat_Rh_FE_D2_0_74 8839 9519 12886 1080138 8169 21646 28867 1084819 4448  1794  2640 71164  3222 11250 8077 22973 10377 71751  1425
SRM_1831_300s_100_repeat_Rh_FE_D2_0_75 8821 9160 12747 1078729 8085 21123 28838 1085954 4292  1525  2636 70731  2677 11315 7783 22506 10114 72738  1454
SRM_1831_300s_100_repeat_Rh_FE_D2_0_76 8898 9329 12879 1080545 8135 21212 28513 1086777 4173  1735  2505 70756  3114 11602 7988 22270 10416 72412  1264
SRM_1831_300s_100_repeat_Rh_FE_D2_0_77 8831 9248 12883 1077610 8116 21132 29257 1085326 4072  1737  2966 70551  3644 11176 9325 23365 11406 71887  1478
SRM_1831_300s_100_repeat_Rh_FE_D2_0_78 8751 9207 12796 1077329 8118 21374 28843 1086622 4561  1542  2782 71251  2479 11135 7771 22210 10676 71833  1566
SRM_1831_300s_100_repeat_Rh_FE_D2_0_79 8899 9252 12875 1082095 8322 21415 29153 1087043 4467  1890  2799 71306  2831 11544 7486 22579 10079 72269  1530
SRM_1831_300s_100_repeat_Rh_FE_D2_0_8  8643 9047 12617 1076345 7966 21303 28892 1082899 4539  1732  2368 70800  3007 11157 7870 23163 11365 72054  1384
SRM_1831_300s_100_repeat_Rh_FE_D2_0_80 8805 9473 12847 1080902 8179 21702 28780 1086541 4387  1855  3247 71336  3226 11732 7938 22657 10847 71751  1752
SRM_1831_300s_100_repeat_Rh_FE_D2_0_81 8654 9200 13058 1080478 8325 21377 28864 1085250 4419  1477  2547 71356  3274 11941 7914 22997 10266 72313  1347
SRM_1831_300s_100_repeat_Rh_FE_D2_0_82 8744 9378 12773 1080355 8269 21477 29012 1086941 4478  1977  2601 71370  3284 11472 7888 23137 10015 71892  1637
SRM_1831_300s_100_repeat_Rh_FE_D2_0_83 8822 9254 12732 1078956 8031 21191 29148 1086407 4292  1618  2301 70694  3635 11442 8223 23112 10176 71754  1301
SRM_1831_300s_100_repeat_Rh_FE_D2_0_84 8731 9388 12692 1079128 8290 21690 28743 1084354 4408  1438  2234 70898  3079 11512 8029 23000 10096 72471  1313
SRM_1831_300s_100_repeat_Rh_FE_D2_0_85 8874 9227 12739 1081124 8051 21549 29011 1086547 4215  1409  2655 71243  2884 11510 8504 22675 10180 72157  1539
SRM_1831_300s_100_repeat_Rh_FE_D2_0_86 8805 9216 12909 1079810 8264 21551 28792 1085941 4256  1787  2453 70397  3068 11340 8456 23306 10516 71723  1262
SRM_1831_300s_100_repeat_Rh_FE_D2_0_87 8839 9341 13018 1080641 8207 21370 28922 1086968 4274  1615  2419 70659  3000 11791 7941 22835 10701 72339  1532
SRM_1831_300s_100_repeat_Rh_FE_D2_0_88 8889 9223 12737 1081066 8448 21517 29022 1087571 4468  1587  2570 71556  3200 11359 8499 24038 11156 71655  1552
SRM_1831_300s_100_repeat_Rh_FE_D2_0_89 8904 9249 12643 1079214 8477 21403 29168 1085727 4362  1612  2791 71071  3210 11849 7870 22663 10584 71922  1528
SRM_1831_300s_100_repeat_Rh_FE_D2_0_9  8770 9231 12996 1075279 8123 21302 28844 1082331 4344  1621  2438 70119  2813 11359 7817 22941 10983 72075  1577
SRM_1831_300s_100_repeat_Rh_FE_D2_0_90 8802 9329 12727 1079740 8081 21160 28878 1086501 4321  1630  2610 71139  2436 11209 8346 23122 10260 73220  1668
SRM_1831_300s_100_repeat_Rh_FE_D2_0_91 9070 9240 12938 1081302 8123 21406 28949 1085756 4325  1432  2576 70657  2694 10861 7966 22857 10376 72061  1480
SRM_1831_300s_100_repeat_Rh_FE_D2_0_92 8707 9433 12946 1080518 8222 21543 28808 1084674 4258  1785  2601 70898  2619 11432 8119 22418 10413 71769  1471
SRM_1831_300s_100_repeat_Rh_FE_D2_0_93 8802 9139 12633 1073560 7993 21091 28861 1081254 4403  1643  2361 70384  2899 11400 8410 22910 10255 71597  1569
SRM_1831_300s_100_repeat_Rh_FE_D2_0_94 8882 9041 12531 1080651 8020 21418 28805 1085686 4523  1943  2661 70812  3622 11612 8181 22847 10448 71923  1408
SRM_1831_300s_100_repeat_Rh_FE_D2_0_95 8609 9256 12670 1079974 8176 21546 28927 1085464 4341  1747  2631 70993  3259 11695 8463 22256  9640 71980  1868
SRM_1831_300s_100_repeat_Rh_FE_D2_0_96 8840 9321 12800 1079651 8278 21428 28822 1086571 4004  1615  2563 71391  2930 11808 7883 22621 10341 71900  1583
SRM_1831_300s_100_repeat_Rh_FE_D2_0_97 8767 9170 12729 1077469 8034 21188 29148 1087719 4282  1498  2864 70931  3136 11807 7886 22586  9715 71783  1363
SRM_1831_300s_100_repeat_Rh_FE_D2_0_98 8854 9177 12398 1078593 8245 21281 28562 1083282 4173  1693  2948 71057  3013 11538 8203 23229  9896 72111  1459
SRM_1831_300s_100_repeat_Rh_FE_D2_0_99 8796 9232 12886 1077634 8428 21399 28952 1084248 4130  1928  2605 70609  2403 11878 8174 22379 10768 71767  1215


Mean value:                            8656 9097 12380 1052619 8141 20698 28230 1058409 4183  1583  2485 69268  3163 11372 7779 22330 10184 70760  1501
Std. Abw.:                              202  210   444   26607  153   713   741   27458  189   172   278  1782   355   338  410   605   479  1350   161
Std. Abw. rel. [%]:                    2.33 2.31  3.59    2.53 1.88  3.45  2.63    2.59 4.51 10.88 11.18  2.57 11.22  2.97 5.27  2.71  4.71  1.91 10.73
Conf. interval:                          14   15    31    1881   11    50    52    1942   13    12    20   126    25    24   29    43    34    95    11
