Net counts

Spectrum                                 Na   Mg    Al      Si    S    Cl      K      Ca   Ti     V    Mn    Fe    Ni    Zn   Rb    Sr   Zr    Rh    Cd
-------------------------------------------------------------------------------------------------------------------------------------------------------
SRM_1831_300s_100_repeat_Rh_FE_D1_0_0  6933 7784 10631 1125612 6520     0  27707 1258743 4340   259  1849 82179  2066 10058 4125 23842 7000 85997     0
SRM_1831_300s_100_repeat_Rh_FE_D1_0_1  6534 7794 10411 1124774 6507     0  26412 1259401 4503    66  1467 82215   967  9875 4682 23253 7170 86631     0
SRM_1831_300s_100_repeat_Rh_FE_D1_0_10 6895 7750 10634 1118758 6903   238  24896 1255468 4450   342  1464 81603  1388  9989 4455 24098 7181 86522     0
SRM_1831_300s_100_repeat_Rh_FE_D1_0_11 6724 7681 10649 1120767 6782    96  27443 1255309 4419   121  1380 82082  1994 10254 4418 24318 7223 86071     0
SRM_1831_300s_100_repeat_Rh_FE_D1_0_12 6750 7676 10722 1120391 6570    39  26985 1256524 4340   281  1575 82002  1794 10307 4979 24127 8220 86474     0
SRM_1831_300s_100_repeat_Rh_FE_D1_0_13 6690 7798 10340 1117842 6641     0  25091 1254675 4445     0  1536 82409  1753 10009 4620 23157 6806 86191     0
SRM_1831_300s_100_repeat_Rh_FE_D1_0_14 6842 7711 10463 1121333 6622     8  27040 1253148 4585   337  1812 82383  2354 10060 4277 22973 7138 86903     0
SRM_1831_300s_100_repeat_Rh_FE_D1_0_15 6604 7715 10583 1120906 6618     0  30120 1258483 4567   327  1848 81846  1113 10092 4229 23032 7098 86310     0
SRM_1831_300s_100_repeat_Rh_FE_D1_0_16 6545 7520 10470 1121792 6886   155  25142 1256189 4319   180  1735 82611  1578 10240 4511 23362 7164 85705     0
SRM_1831_300s_100_repeat_Rh_FE_D1_0_17 6568 7542 10590 1121272 6775     0  28158 1257369 4264   287  1466 81742  1201 10127 4289 23809 7482 86596     0
SRM_1831_300s_100_repeat_Rh_FE_D1_0_18 6801 7705 10393 1123361 6849     0  25116 1258054 4439   309  1457 82226   992  9593 4170 23830 8278 86388     0
SRM_1831_300s_100_repeat_Rh_FE_D1_0_19 6876 7480 10606 1124009 6825     0  25892 1256629 4502   167  1324 81732  1559 10643 4160 24015 7060 86918     0
SRM_1831_300s_100_repeat_Rh_FE_D1_0_2  6326 7629 10276 1125028 6819     0  22935 1259005 4271   368  1366 81423  1300 10612 4865 23853 6759 87147     0
SRM_1831_300s_100_repeat_Rh_FE_D1_0_20 6760 7833 10760 1122692 6665     0  29538 1257832 4557    20  1375 81149  1529 10561 5011 23416 7696 86772     0
SRM_1831_300s_100_repeat_Rh_FE_D1_0_21 6920 7874 10660 1122759 6577     0  27066 1259437 4393   201  1275 81879   949  9871 4452 23717 7780 86874     0
SRM_1831_300s_100_repeat_Rh_FE_D1_0_22 6505 7513 10534 1123965 6562    42  27941 1259240 4405   208  1193 81979  1570 10184 4304 24334 7177 86826     0
SRM_1831_300s_100_repeat_Rh_FE_D1_0_23 6672 7711 10561 1123166 6579     0  28830 1257979 4409   273  1245 81579  1466 10645 4296 24224 8375 87796     0
SRM_1831_300s_100_repeat_Rh_FE_D1_0_24 6762 7726 10537 1122291 6819     0  19806 1258373 4416   473  1415 81800  2225 10171 4292 23807 7188 86975     0
SRM_1831_300s_100_repeat_Rh_FE_D1_0_25 6723 7560 10551 1122153 6445     0  25558 1260724 4460   272  1630 82019  1311  9824 4978 23732 6921 87282     0
SRM_1831_300s_100_repeat_Rh_FE_D1_0_26 6802 7857 10584 1122747 6681     0  28034 1258031 4476   232  1563 81887   932 10154 4188 23810 6734 87110     0
SRM_1831_300s_100_repeat_Rh_FE_D1_0_27 6956 7622 10354 1123260 6575     0  28714 1258965 4269   406  1470 82488  1708 10032 4528 23022 7650 86655     0
SRM_1831_300s_100_repeat_Rh_FE_D1_0_28 6400 7916 10513 1124458 6659   114  22538 1259235 4280   396  1698 82175  1041  9649 4566 23275 7452 87458     0
SRM_1831_300s_100_repeat_Rh_FE_D1_0_29 6889 7838 10605 1121697 6661     0  24466 1258009 4409   231  1935 81708  1683  9762 5229 23791 7666 87217     0
SRM_1831_300s_100_repeat_Rh_FE_D1_0_3  6685 7687 10464 1123768 6531    41  23346 1259255 4096   493  1649 82720  1535 10569 4164 24010 7535 86195     0
SRM_1831_300s_100_repeat_Rh_FE_D1_0_30 6830 7937 10512 1119686 6574     0  28730 1255243 4812     0  1820 81898  1203 10195 3863 23840 6673 86426     0
SRM_1831_300s_100_repeat_Rh_FE_D1_0_31 6734 7813 10503 1121783 6748     0  27277 1259176 4407   144  1431 81244  1350 10359 4611 23665 7089 87640     0
SRM_1831_300s_100_repeat_Rh_FE_D1_0_32 6723 7502 10480 1123301 6760     0  25430 1257170 4440   266  1441 82287  1407 10422 4326 23645 7076 87101     0
SRM_1831_300s_100_repeat_Rh_FE_D1_0_33 6667 7622 10602 1123083 6602    43  24384 1258976 4229   350  1884 82577  1341 10152 4457 24447 7276 87664     0
SRM_1831_300s_100_repeat_Rh_FE_D1_0_34 6820 8005 10276 1121656 6844     0  30586 1259212 4509   377  1460 81919  1853 10305 4434 23584 6853 87426     0
SRM_1831_300s_100_repeat_Rh_FE_D1_0_35 6742 7474 10608 1124785 6604     0  27513 1257535 4448   381  1654 82079  1615 10832 4505 23561 7659 86607     0
SRM_1831_300s_100_repeat_Rh_FE_D1_0_36 6699 7798 10720 1120105 6728     0  30826 1257033 4549   334  1917 82072  1603  9785 4311 23877 7949 86627     0
SRM_1831_300s_100_repeat_Rh_FE_D1_0_37 6955 7768 10315 1122341 6758    25  23192 1258746 4409   175  1479 82598   971  9937 4663 23199 6598 86888     0
SRM_1831_300s_100_repeat_Rh_FE_D1_0_38 6633 7726 10544 1122918 6696     6  25178 1260192 4394   330  1581 81855  1628 10044 4551 24410 7964 87381     0
SRM_1831_300s_100_repeat_Rh_FE_D1_0_39 6672 7677 10371 1121660 6703     0  26058 1258281 4387   227  1641 81503   940  9811 5295 23639 7006 87455     0
SRM_1831_300s_100_repeat_Rh_FE_D1_0_4  6704 7553 10560 1124515 6723     0  26165 1257678 4821   192  1418 81530  1671 10643 4458 23676 8084 86628     0
SRM_1831_300s_100_repeat_Rh_FE_D1_0_40 6679 7899 10443 1121827 6735     0  20477 1254288 4442   346  1735 82184   623  9901 4890 24351 7115 86251     0
SRM_1831_300s_100_repeat_Rh_FE_D1_0_41 6860 7607 10337 1123892 6767     0  25901 1257417 4284     0  2062 82436  1344 10336 4708 23938 7642 87808     0
SRM_1831_300s_100_repeat_Rh_FE_D1_0_42 6541 7626 10479 1122522 6728     0  24319 1258473 4572   229  1934 81710  1295  9907 4797 23990 7376 86604     0
SRM_1831_300s_100_repeat_Rh_FE_D1_0_43 6636 7543 10546 1119928 6837     0  24841 1256274 4460    89  1627 81676  1513  9773 4325 22692 7082 86387     0
SRM_1831_300s_100_repeat_Rh_FE_D1_0_44 6742 7597 10575 1121763 6583     0  27816 1256314 4421   487  1667 81535  1493 10265 4380 23408 6946 86990     0
SRM_1831_300s_100_repeat_Rh_FE_D1_0_45 6880 7559 10240 1120530 6880    19  27038 1254612 4488    51  1528 82434   947  9863 4452 23440 7642 87040     0
SRM_1831_300s_100_repeat_Rh_FE_D1_0_46 6968 7730 10641 1119967 6938     0  30064 1257714 4589   174  1557 82231  1598 10573 4685 24122 7105 86800     0
SRM_1831_300s_100_repeat_Rh_FE_D1_0_47 6853 7627 10484 1126002 6431     0  26598 1257971 4141   140  1792 82714  2141 10236 4817 23305 7257 87507     0
SRM_1831_300s_100_repeat_Rh_FE_D1_0_48 6736 7716 10386 1124323 6721    92  25521 1258207 4644   448  1470 81966  1593 10079 5254 24699 7699 86675     0
SRM_1831_300s_100_repeat_Rh_FE_D1_0_49 6592 7647 10326 1122615 6716     0  28931 1257930 4388   315  1303 82077  1446 10161 4810 24360 7897 87478     0
SRM_1831_300s_100_repeat_Rh_FE_D1_0_5  6602 7616 10616 1124898 6524     0  28738 1258987 4277   381  1752 81657  1770 10609 4914 24379 7023 86812     0
SRM_1831_300s_100_repeat_Rh_FE_D1_0_50 7100 7864 10659 1123722 6745     0  28267 1257163 4635   260  1365 81874  1555 10488 4325 23364 7429 86318     0
SRM_1831_300s_100_repeat_Rh_FE_D1_0_51 6659 7520 10578 1124177 6568   112  32222 1259059 4381   349  1414 81801  1474 10812 4865 22756 7412 86503     0
SRM_1831_300s_100_repeat_Rh_FE_D1_0_52 6697 7717 10435 1124808 6432     0  25538 1257621 4531     0  1465 81839  1413 10052 4958 23411 7071 86272     0
SRM_1831_300s_100_repeat_Rh_FE_D1_0_53 6829 7698 10505 1119900 6698    38  26458 1256095 4229   189  1773 82180  1351  9938 4607 23861 7201 87022     0
SRM_1831_300s_100_repeat_Rh_FE_D1_0_54 6768 7658 10606 1123074 6770     0  28514 1257968 4357    34  1972 82712  2377  9742 5468 24079 7512 86716     0
SRM_1831_300s_100_repeat_Rh_FE_D1_0_55 6743 7909 10537 1122595 6745     0  27460 1258465 4249   446  1971 82209  1419 10569 4919 23907 7360 85984     0
SRM_1831_300s_100_repeat_Rh_FE_D1_0_56 6867 7677 10371 1123214 6687     0  22859 1258005 4276   262  1233 81623  1651 10065 4555 23515 6938 86145     0
SRM_1831_300s_100_repeat_Rh_FE_D1_0_57 7031 7891 10795 1126160 6653     0  25073 1256598 4302    85  1376 81062  1459  9989 4655 23637 7110 86534     0
SRM_1831_300s_100_repeat_Rh_FE_D1_0_58 6870 7772 10765 1121975 6536     0  25840 1259081 4432   227  1882 82502  1290 10843 4469 24011 7301 86847     0
SRM_1831_300s_100_repeat_Rh_FE_D1_0_59 6940 7758 10368 1123709 6805     0  30823 1259975 4328   209  1702 82929  1905 10760 4456 23893 7560 86508     0
SRM_1831_300s_100_repeat_Rh_FE_D1_0_6  6834 7995 10700 1123541 6399    36  26962 1257612 4267    93  1357 82293  1356 10529 4674 23710 6915 86444     0
SRM_1831_300s_100_repeat_Rh_FE_D1_0_60 6888 7813 10629 1121518 6739    59  26086 1258987 4607   197  1442 81987  1319 10122 4356 23541 6764 86770     0
SRM_1831_300s_100_repeat_Rh_FE_D1_0_61 6695 7845 10389 1122301 6683     0  24875 1261018 4288   136  1874 82397  1714  9712 4359 24065 6845 87293     0
SRM_1831_300s_100_repeat_Rh_FE_D1_0_62 6729 7570 10599 1122653 6914   235  26286 1259791 4442   471  1645 82130  1521 10458 3870 23508 7993 86704     0
SRM_1831_300s_100_repeat_Rh_FE_D1_0_63 6746 7824 10442 1124684 6588     0  28168 1257197 4333    49  1365 81721  1015 10613 4810 23964 7580 87135     0
SRM_1831_300s_100_repeat_Rh_FE_D1_0_64 6907 7585 10719 1124588 6886     0  29026 1260637 4525   413  1659 82880  1797 10209 4978 23596 7489 87017     0
SRM_1831_300s_100_repeat_Rh_FE_D1_0_65 6854 7690 10472 1123435 6637     0  26637 1256802 4517     0  1760 82261  1601 10499 4114 23897 7655 86226     0
SRM_1831_300s_100_repeat_Rh_FE_D1_0_66 6665 7770 10705 1123947 6567     0  26388 1257448 4424    74  1507 82021  1638 10852 4331 23825 8043 86390     0
SRM_1831_300s_100_repeat_Rh_FE_D1_0_67 6834 7520 10486 1123346 6874    11  27036 1258314 4195   258  1366 82206  1505  9757 4728 23711 7163 86404     0
SRM_1831_300s_100_repeat_Rh_FE_D1_0_68 6645 7688 10696 1124008 6798     0  26500 1257789 4630   591  2059 82234  1486 10021 4773 23327 7484 87024     0
SRM_1831_300s_100_repeat_Rh_FE_D1_0_69 6881 7692 10515 1122629 6772    11  23921 1257705 4412   207  1794 81440  1638  9544 4330 23985 6692 86477     0
SRM_1831_300s_100_repeat_Rh_FE_D1_0_7  6554 7697 10516 1121613 6544     0  24213 1256400 4163    72  1641 81964  1891 10268 4329 23495 7419 87076     0
SRM_1831_300s_100_repeat_Rh_FE_D1_0_70 6771 7769 10387 1125941 6794    52  23507 1258587 4243     0  1314 82239  1605  9929 4340 23266 6568 86863     0
SRM_1831_300s_100_repeat_Rh_FE_D1_0_71 6721 7749 10439 1121870 6788     0  26405 1257313 4632   360  1094 82007  1378  9818 4092 23875 7742 86402     0
SRM_1831_300s_100_repeat_Rh_FE_D1_0_72 6630 7662 10441 1123650 6687    68  21221 1256537 4426   138  1853 81760  1311  9789 3920 23911 7323 85952     0
SRM_1831_300s_100_repeat_Rh_FE_D1_0_73 6642 7691 10268 1122950 6364     0  23640 1257988 4380     0  1751 82261  1963 10588 5084 23622 6767 86311     0
SRM_1831_300s_100_repeat_Rh_FE_D1_0_74 6562 7580 10423 1123466 6722    79  23585 1257357 4401   369  1516 81622  1686 10341 4725 24403 7224 86294     0
SRM_1831_300s_100_repeat_Rh_FE_D1_0_75 6691 7647 10711 1121371 6781     0  26916 1258819 4228   137  1363 81790  1616 10461 4617 23539 7646 86808     0
SRM_1831_300s_100_repeat_Rh_FE_D1_0_76 6722 7615 10621 1123000 6627     0  26664 1258102 4523   428  1899 82382  1889  9865 4595 23256 7418 87656     0
SRM_1831_300s_100_repeat_Rh_FE_D1_0_77 6800 7614 10369 1122482 6904    94  26451 1256251 4293   485  1392 82067  2098 10234 4690 23059 7466 86526     0
SRM_1831_300s_100_repeat_Rh_FE_D1_0_78 6851 7877 10586 1121140 6642     0  23164 1253872 4322   542  1585 82252  1607 10540 4016 23904 7124 86104     0
SRM_1831_300s_100_repeat_Rh_FE_D1_0_79 6763 7553 10348 1124453 6602     0  26015 1257610 4676   419  1520 82253  1153 10691 4528 23567 7214 86299     0
SRM_1831_300s_100_repeat_Rh_FE_D1_0_8  6615 7711 10433 1120425 6671     0  22115 1256427 4520   414  1643 81274  1621 10582 4634 23334 7271 86828     0
SRM_1831_300s_100_repeat_Rh_FE_D1_0_80 6890 7577 10335 1123411 6553     0  27394 1259395 4574   470  1530 82110  1422 10298 4929 24126 6664 87147     0
SRM_1831_300s_100_repeat_Rh_FE_D1_0_81 6790 7525 10629 1126164 6462     0  26803 1261124 4703   247  2255 81932  1401 10089 4863 23929 7103 87306     0
SRM_1831_300s_100_repeat_Rh_FE_D1_0_82 6767 7921 10498 1125811 6567     0  28133 1256760 4399   214  1384 81707  1384  9847 4580 23438 7987 87231     0
SRM_1831_300s_100_repeat_Rh_FE_D1_0_83 6665 7766 10608 1123100 6674    45  24873 1257176 4502   254  1684 82200  1339 10471 3934 23206 7260 87097     0
SRM_1831_300s_100_repeat_Rh_FE_D1_0_84 6567 7743 10631 1124560 6816     0  25295 1257487 4567   231  1656 82607   734  9777 4877 24154 6894 86968     0
SRM_1831_300s_100_repeat_Rh_FE_D1_0_85 6873 7738 10428 1123312 6486     0  28876 1255598 4560   252  1478 82132  1560 10175 4956 23949 7561 85759     0
SRM_1831_300s_100_repeat_Rh_FE_D1_0_86 6746 7683 10292 1125126 6716     0  22067 1256375 4308   309  1112 81705  1603 10321 4779 23763 7178 85792     0
SRM_1831_300s_100_repeat_Rh_FE_D1_0_87 6746 7946 10453 1123724 6887     0  25874 1259123 4350   132  1294 81787  1373 10176 5188 23699 7328 87472     0
SRM_1831_300s_100_repeat_Rh_FE_D1_0_88 6860 7977 10729 1122298 6745    40  24872 1259226 4455   111  1309 82208  1984  9657 4116 23566 7395 86970     0
SRM_1831_300s_100_repeat_Rh_FE_D1_0_89 6902 7706 10767 1125319 6472   202  24802 1258753 4351   191  1514 82145  1477 10345 4316 23884 8009 87754     0
SRM_1831_300s_100_repeat_Rh_FE_D1_0_9  6737 7618 10548 1120671 6731     0  26102 1257326 4365   277  1840 81520   914  9631 4632 24059 7086 87403     0
SRM_1831_300s_100_repeat_Rh_FE_D1_0_90 6703 7788 10462 1123237 6762    84  27420 1258326 4385   280  1463 81443  1554 10646 4549 23646 7859 86870     0
SRM_1831_300s_100_repeat_Rh_FE_D1_0_91 6714 7654 10557 1122948 6725     0  27841 1258341 4268    58  1458 82361  1624  9398 4998 23835 7327 87313     0
SRM_1831_300s_100_repeat_Rh_FE_D1_0_92 6772 7523 10618 1123383 6700    85  26496 1258576 4067   168  1207 81323  1659 10070 5162 23613 7522 86824     0
SRM_1831_300s_100_repeat_Rh_FE_D1_0_93 6753 7465 10509 1123091 6957    77  30292 1257633 4562   505  1545 81623  1589 10401 4275 23442 7229 86892     0
SRM_1831_300s_100_repeat_Rh_FE_D1_0_94 6561 7665 10426 1123514 6830     0  27481 1255212 4622   454  2209 81691   894  9664 4367 23427 7362 86770     0
SRM_1831_300s_100_repeat_Rh_FE_D1_0_95 6710 7487 10592 1121866 6568    64  24346 1256345 4302   585  1529 81666  1783 10040 4709 23734 7441 86434     0
SRM_1831_300s_100_repeat_Rh_FE_D1_0_96 6732 7845 10232 1122154 6544     0  27145 1257184 4302     0  1387 82091  1467  9989 4316 23928 7194 86987     0
SRM_1831_300s_100_repeat_Rh_FE_D1_0_97 6760 7960 10619 1123973 6886    30  27949 1257728 4440   109  1549 81541  1426  9830 5035 24468 7273 86703     0
SRM_1831_300s_100_repeat_Rh_FE_D1_0_98 6554 7707 10582 1123377 6729    47  25900 1255005 4371   326  1533 81325  1979 10745 4604 23543 6711 85917     0
SRM_1831_300s_100_repeat_Rh_FE_D1_0_99 6842 7513 10609 1121690 6644   129  27750 1255305 4338   192  1785 81775  1892 10763 4724 23442 8034 86170     0
SRM_1831_300s_100_repeat_Rh_FE_D2_0_0  6887 8041 11466 1193306 6686  1560 167371 1334826 4504   167  1757 86763  1625 10209 4923 25546 7573 89663     0
SRM_1831_300s_100_repeat_Rh_FE_D2_0_1  7058 7952 11342 1188734 6765  1503 166244 1330809 4658   280  1691 87401  1770  9990 4456 24641 7781 89927     0
SRM_1831_300s_100_repeat_Rh_FE_D2_0_10 7078 8109 11393 1186520 6766  1064 172439 1332521 4772   411  1734 86385  1593 10119 4443 24890 7902 90172     0
SRM_1831_300s_100_repeat_Rh_FE_D2_0_11 6982 7977 11382 1187049 6789  1479 165142 1329841 4701   187  1608 86163  1817 10010 4785 24315 7502 89020     0
SRM_1831_300s_100_repeat_Rh_FE_D2_0_12 6928 7884 11456 1185944 6460  1131 167514 1330840 4925   396  1846 86503  1056 10208 4718 25378 7685 88838     0
SRM_1831_300s_100_repeat_Rh_FE_D2_0_13 6857 8155 11348 1187130 6677  1246 166501 1327800 4927   451  1768 87530  2105 10809 4924 24849 7579 88922     0
SRM_1831_300s_100_repeat_Rh_FE_D2_0_14 6773 8054 11225 1188834 6707  1063 169530 1330248 4839   413  1560 86211   825 10616 5347 25199 8698 89120     0
SRM_1831_300s_100_repeat_Rh_FE_D2_0_15 7073 7876 11238 1189691 6478  1100 167823 1332889 4907   219  1458 86082  1377  9816 4580 24697 7166 89557     0
SRM_1831_300s_100_repeat_Rh_FE_D2_0_16 6871 8048 11322 1190663 6778  1262 172853 1330707 4770   768  1852 87517  1129  9812 5338 24665 8117 89526     0
SRM_1831_300s_100_repeat_Rh_FE_D2_0_17 7014 8053 11338 1189318 6574  1100 165861 1332397 4791   250  1740 86709  1332 10150 5292 25166 7989 89194     0
SRM_1831_300s_100_repeat_Rh_FE_D2_0_18 6825 8037 11312 1188772 6788  1010 168893 1331385 4744   228  2093 87375  2016 10895 5190 25245 7740 89896     0
SRM_1831_300s_100_repeat_Rh_FE_D2_0_19 6987 7918 11056 1189800 6452  1179 167256 1335032 4715   191  1517 85948  1316 10594 4791 24742 7092 89873     0
SRM_1831_300s_100_repeat_Rh_FE_D2_0_2  6996 7856 11511 1190183 6635  1255 172277 1330692 4477   204  1659 87284  1641 11025 4701 24739 7588 89427     0
SRM_1831_300s_100_repeat_Rh_FE_D2_0_20 6977 8098 11273 1188734 6140  1235 170548 1331425 4531   569  1788 86990  1263 10553 5007 24708 8026 89843     0
SRM_1831_300s_100_repeat_Rh_FE_D2_0_21 7040 7943 11400 1190058 6896  1197 171531 1330662 4688   422  1816 87863  1477 10747 5720 25101 8049 90013     0
SRM_1831_300s_100_repeat_Rh_FE_D2_0_22 7066 7947 11325 1192522 6666  1346 168735 1332564 4442   295  1810 86925  1745 10812 4271 25135 7711 89048     0
SRM_1831_300s_100_repeat_Rh_FE_D2_0_23 6994 8068 11467 1190915 6580  1183 173158 1333313 4649   406  1638 87168  2064 10694 4957 25099 7952 89597     0
SRM_1831_300s_100_repeat_Rh_FE_D2_0_24 7044 8084 11474 1190035 6586  1272 175626 1331362 4607   195  1610 86509  1610 10840 5364 25266 8208 89949     0
SRM_1831_300s_100_repeat_Rh_FE_D2_0_25 6899 7940 11371 1189043 6401  1163 170781 1333710 4684   261  1912 87242  1805 11603 4977 25377 8078 89229     0
SRM_1831_300s_100_repeat_Rh_FE_D2_0_26 7116 7967 11742 1189002 6312  1250 171050 1331718 4653   403  1363 86042  1426 10676 5405 25445 7961 89189     0
SRM_1831_300s_100_repeat_Rh_FE_D2_0_27 6989 7952 11322 1191090 6947  1223 167464 1332844 4656   269  1953 87236  1287 10908 5119 25494 8019 89913     0
SRM_1831_300s_100_repeat_Rh_FE_D2_0_28 6805 8096 11330 1189603 6370  1091 173497 1332601 4545   252  1794 87164  1497 10629 5239 25145 8196 88861     0
SRM_1831_300s_100_repeat_Rh_FE_D2_0_29 6992 7890 11341 1187967 6527  1142 170338 1332187 4895   423  1501 86569  2042 11437 4952 26349 7968 90393     0
SRM_1831_300s_100_repeat_Rh_FE_D2_0_3  6984 8016 11752 1188014 6519  1574 170599 1332347 4748   375  1353 86456  2067 10436 4995 25884 7848 88694     0
SRM_1831_300s_100_repeat_Rh_FE_D2_0_30 6845 8016 11190 1190735 6538  1489 175539 1334709 4721   388  1878 87331  1803 10260 5435 25417 8707 89448     0
SRM_1831_300s_100_repeat_Rh_FE_D2_0_31 7007 8106 11346 1187592 6507   957 164836 1328579 4561   344  1654 85739  1815 10545 4934 25693 7979 89337     0
SRM_1831_300s_100_repeat_Rh_FE_D2_0_32 6867 8214 11516 1191784 6799  1443 171616 1333859 4665   123  1709 86861  1871 11653 5618 25013 8226 89400     0
SRM_1831_300s_100_repeat_Rh_FE_D2_0_33 6835 7923 11578 1191406 6607  1249 164471 1334772 4289   249  1913 87585   497 10289 5097 24492 7934 89696     0
SRM_1831_300s_100_repeat_Rh_FE_D2_0_34 7216 8154 11454 1191048 6618  1520 170954 1332690 4629   385  1712 87868  1629 10601 4940 26033 7525 90646     0
SRM_1831_300s_100_repeat_Rh_FE_D2_0_35 7052 8085 11208 1188155 6567  1183 168007 1332797 4728   349  1733 86839   967 10747 4984 24696 7939 88179     0
SRM_1831_300s_100_repeat_Rh_FE_D2_0_36 7171 8027 11203 1189631 6640  1036 166177 1333392 4759   175  1617 86817  1414 10384 4702 25370 7270 89670     0
SRM_1831_300s_100_repeat_Rh_FE_D2_0_37 7031 8073 11428 1189005 6405  1195 168282 1335649 4741   350  1532 87259  1725 10837 5392 25344 7899 89131     0
SRM_1831_300s_100_repeat_Rh_FE_D2_0_38 6981 8029 11189 1190851 6708  1321 172565 1335581 4533   508  1540 87192  1261 10455 5372 25263 7749 89949     0
SRM_1831_300s_100_repeat_Rh_FE_D2_0_39 6902 8040 11121 1188071 6527  1232 170411 1331452 4617   409  2037 87334  1033 10064 5079 25133 8421 89415     0
SRM_1831_300s_100_repeat_Rh_FE_D2_0_4  6961 8067 11532 1190125 6634  1261 174616 1335714 4762   352  1956 87774  1468 10686 4979 25596 8379 89612     0
SRM_1831_300s_100_repeat_Rh_FE_D2_0_40 6848 8055 11248 1190084 6603  1236 170818 1334244 4670   297  1797 87045  1535 10880 4217 24765 7511 90255     0
SRM_1831_300s_100_repeat_Rh_FE_D2_0_41 6974 8133 11173 1189184 6534   866 168228 1331781 5074   428  1393 86662   956 10138 4373 24993 7716 90340     0
SRM_1831_300s_100_repeat_Rh_FE_D2_0_42 6941 8218 11355 1188669 6720  1510 173572 1333169 4777   554  1862 86856  1525 10275 4622 24978 8148 89188     0
SRM_1831_300s_100_repeat_Rh_FE_D2_0_43 6949 8128 11348 1190322 6658  1462 169872 1332466 4560   249  1818 86858  1737 10538 5061 25111 7468 89841     0
SRM_1831_300s_100_repeat_Rh_FE_D2_0_44 6919 8050 11438 1185693 6630  1252 168401 1330572 4704   452  1579 86810  1515 10313 4376 25165 7523 88992     0
SRM_1831_300s_100_repeat_Rh_FE_D2_0_45 7022 7987 11283 1190909 6748  1732 170287 1332326 4761   302  1471 86401  1137 10466 5143 24597 7617 89586     0
SRM_1831_300s_100_repeat_Rh_FE_D2_0_46 6902 8052 11464 1190323 6719  1101 168284 1333324 4662   206  1701 86377  1704 10276 4744 25179 8415 90211     0
SRM_1831_300s_100_repeat_Rh_FE_D2_0_47 6806 7744 11028 1189644 6707  1110 169327 1332115 4567   320  1633 86522  1382 10678 5379 24887 7975 89657     0
SRM_1831_300s_100_repeat_Rh_FE_D2_0_48 7058 8031 11507 1189178 6643  1238 169739 1332271 4636   351  1461 86512   747 10614 5149 25294 8201 89914     0
SRM_1831_300s_100_repeat_Rh_FE_D2_0_49 6824 8043 11235 1189870 6576  1103 170749 1334434 4919   443  1332 86765  1284 10272 5571 25862 8461 89772     0
SRM_1831_300s_100_repeat_Rh_FE_D2_0_5  6941 8074 11324 1191670 6706  1017 171895 1336002 4613   484  1324 86836  1134 11207 5347 25514 8018 89264     0
SRM_1831_300s_100_repeat_Rh_FE_D2_0_50 6840 8021 11295 1190425 6690  1073 165706 1334719 4774   336  1552 86519  1749 10632 5138 25445 8083 89030     0
SRM_1831_300s_100_repeat_Rh_FE_D2_0_51 6940 7912 11167 1190749 6751  1416 171678 1333224 4755   392  1985 87507  1826 10036 5156 25637 7493 89862     0
SRM_1831_300s_100_repeat_Rh_FE_D2_0_52 7042 8114 11625 1190151 6710  1317 166614 1333678 4735   422  1765 87306  1021 10233 5234 25155 7573 89279     0
SRM_1831_300s_100_repeat_Rh_FE_D2_0_53 6996 8037 11591 1186761 6552  1157 165671 1331047 4804   575  1915 87317  1739 10522 4101 24368 8046 87978     0
SRM_1831_300s_100_repeat_Rh_FE_D2_0_54 6846 8040 11423 1188467 6851  1272 171356 1332337 4630   422  1431 86950   834 10332 5150 25171 7564 89612     0
SRM_1831_300s_100_repeat_Rh_FE_D2_0_55 7178 8169 11614 1190143 6697  1153 175259 1332645 4645     0  1548 86980  1825 10957 4754 25190 7538 89315     0
SRM_1831_300s_100_repeat_Rh_FE_D2_0_56 6920 8164 11297 1191268 6615  1107 175558 1332744 4475   275  1436 87030  1832 10517 4995 25256 7527 89490     0
SRM_1831_300s_100_repeat_Rh_FE_D2_0_57 7162 8203 11377 1191709 6645  1280 169056 1334942 5010   444  1658 86183  1668 10651 5371 25761 7328 89208     0
SRM_1831_300s_100_repeat_Rh_FE_D2_0_58 6950 7908 10973 1191653 6558  1171 174417 1334903 4724   291  1397 87206  1616 10132 5013 24533 7485 88906     0
SRM_1831_300s_100_repeat_Rh_FE_D2_0_59 7129 8088 11380 1191217 6989   870 175037 1334520 4560   190  1548 86827  1947 10759 5019 25108 7079 89981     0
SRM_1831_300s_100_repeat_Rh_FE_D2_0_6  6942 8007 11311 1187343 6331  1077 174269 1332872 4612   279  1422 86410  1496 10840 5243 24780 7920 90013     0
SRM_1831_300s_100_repeat_Rh_FE_D2_0_60 7045 8047 11499 1191589 6549  1388 172003 1335282 4933   383  1882 86836  1500 10911 5073 25255 7370 90929     0
SRM_1831_300s_100_repeat_Rh_FE_D2_0_61 7106 8090 11132 1190797 6724  1174 168616 1336368 4790   421  2286 86213  1947 10491 5177 25111 7918 89424     0
SRM_1831_300s_100_repeat_Rh_FE_D2_0_62 6788 7784 11246 1189957 6700  1379 165275 1335625 4922   264  1986 86280  1761 10412 4898 25358 7882 88135     0
SRM_1831_300s_100_repeat_Rh_FE_D2_0_63 6952 7833 11329 1191009 6616   932 175347 1333431 4745   766  2080 86438  1643 10663 5017 25965 8116 89995     0
SRM_1831_300s_100_repeat_Rh_FE_D2_0_64 6954 8208 11530 1188535 6845  1190 166037 1328984 4740   412  1617 86860  2337 10711 5437 25080 8170 89249     0
SRM_1831_300s_100_repeat_Rh_FE_D2_0_65 7117 8044 11085 1189548 6857  1663 173730 1335092 4885   150  1843 86979  1421 10395 4549 24845 7009 89994     0
SRM_1831_300s_100_repeat_Rh_FE_D2_0_66 6825 8031 11581 1188782 6764  1182 168265 1331584 4784   445  2217 86610  1487 10530 4933 25142 7800 89013     0
SRM_1831_300s_100_repeat_Rh_FE_D2_0_67 6984 7949 11088 1193115 6553  1133 170576 1335285 5018   253  1512 87558  1538 10562 4526 25180 7203 88667     0
SRM_1831_300s_100_repeat_Rh_FE_D2_0_68 7009 8073 11386 1190018 6720  1177 172785 1334748 4705   189  1244 86546  1783 10611 4605 25337 7036 89138     0
SRM_1831_300s_100_repeat_Rh_FE_D2_0_69 6871 7976 11026 1189867 6468   866 168317 1334219 4580    64  1858 86445  1705 10466 5328 25447 7926 89415     0
SRM_1831_300s_100_repeat_Rh_FE_D2_0_7  7000 8256 11470 1189114 6638  1121 164649 1330288 4698   323  1169 86646  1364 11035 5292 24762 7999 89541     0
SRM_1831_300s_100_repeat_Rh_FE_D2_0_70 7030 7927 11111 1192363 6649  1415 169296 1332991 4477   570  1886 87162  1018 10256 5089 25735 7424 89040     0
SRM_1831_300s_100_repeat_Rh_FE_D2_0_71 7063 7961 11404 1190544 6697  1284 169628 1334308 4991   132  1980 87252  1621 10510 5055 25485 7736 90798     0
SRM_1831_300s_100_repeat_Rh_FE_D2_0_72 7139 8107 11516 1190883 6798  1335 169604 1334693 5118   207  2108 87624  2087 10832 5148 25205 7469 89753     0
SRM_1831_300s_100_repeat_Rh_FE_D2_0_73 7429 8086 11429 1190191 6784  1149 168792 1333149 4425   128  1453 86856  1613 10953 4601 25216 7891 89385     0
SRM_1831_300s_100_repeat_Rh_FE_D2_0_74 6995 8258 11444 1190953 6684  1354 167521 1331707 4804   564  1758 87196  1458 10768 5096 25799 7540 89353     0
SRM_1831_300s_100_repeat_Rh_FE_D2_0_75 7114 7954 11322 1189549 6473   990 170225 1332251 4745   285  1958 86800   893 10448 4609 25096 7736 90209     0
SRM_1831_300s_100_repeat_Rh_FE_D2_0_76 6977 8053 11524 1191619 6499   972 168889 1333858 4586   520  1589 86298  1813 10645 4891 24616 8040 89935     0
SRM_1831_300s_100_repeat_Rh_FE_D2_0_77 6971 7990 11342 1187663 6591  1272 171146 1333706 4488   434  2021 86449  1912 10480 6284 25438 8268 89136     0
SRM_1831_300s_100_repeat_Rh_FE_D2_0_78 6969 8002 11338 1188121 6589  1299 167345 1334997 5044   180  1849 87093  1224 10605 5144 24456 8020 89500     0
SRM_1831_300s_100_repeat_Rh_FE_D2_0_79 6986 7851 11284 1192792 6791  1180 169954 1335355 5112   394  1721 86908  1217 10428 4097 24908 7065 89725     0
SRM_1831_300s_100_repeat_Rh_FE_D2_0_8  6877 7835 11143 1187258 6404  1174 172055 1329322 4924   421  1566 86642  1211 10321 4659 25191 8158 89640     0
SRM_1831_300s_100_repeat_Rh_FE_D2_0_80 7062 8344 11402 1192043 6566  1321 172770 1334580 4766   611  2102 87411  1748 10536 4897 24713 7851 89070     0
SRM_1831_300s_100_repeat_Rh_FE_D2_0_81 6836 7908 11645 1190716 6655  1284 170214 1331632 4810   339  2153 87736  1497 10897 5181 25650 7577 89772     0
SRM_1831_300s_100_repeat_Rh_FE_D2_0_82 6784 8116 11260 1191635 6825  1405 171964 1335448 4792   420  1739 87252  1383  9983 4953 25212 6890 89165     0
SRM_1831_300s_100_repeat_Rh_FE_D2_0_83 6998 8064 11307 1188742 6424  1145 169107 1332984 4764   243  1261 86545  1773 10303 5245 25558 7451 89297     0
SRM_1831_300s_100_repeat_Rh_FE_D2_0_84 6978 8173 11344 1189350 6804  1294 168191 1331758 4794    88  1642 86742  1263 10246 5289 25482 7438 89885     0
SRM_1831_300s_100_repeat_Rh_FE_D2_0_85 7108 7997 11396 1192162 6572  1325 164706 1334005 4358   182  1657 86804  1161 10510 5852 25449 7612 89709     0
SRM_1831_300s_100_repeat_Rh_FE_D2_0_86 6923 7927 11470 1190921 6592  1432 165127 1333157 4759   391  1758 86477  1637 10296 4725 24748 7568 89351     0
SRM_1831_300s_100_repeat_Rh_FE_D2_0_87 6923 8019 11454 1192024 6649  1323 170864 1334629 4795   355  1867 86499  1842 10743 5079 25048 7928 90028     0
SRM_1831_300s_100_repeat_Rh_FE_D2_0_88 6967 7976 11342 1191542 6863  1130 168434 1334876 4896   283  1846 87698  1783 10481 5627 26479 8344 89386     0
SRM_1831_300s_100_repeat_Rh_FE_D2_0_89 7099 7985 11126 1189925 6920  1453 168402 1331748 4844   243  1598 86999  1596 10906 4669 24680 7872 89403     0
SRM_1831_300s_100_repeat_Rh_FE_D2_0_9  6978 8054 11518 1186579 6731   904 172038 1329325 4770   165  1699 86107  1720 10454 4753 25184 8017 89614     0
SRM_1831_300s_100_repeat_Rh_FE_D2_0_90 6894 8004 11255 1191160 6701  1069 172374 1333797 4875   431  1909 87201  1060 10242 5169 25614 7741 90711     0
SRM_1831_300s_100_repeat_Rh_FE_D2_0_91 7180 7956 11488 1192111 6638  1296 166263 1332790 4813   203  1765 86805  1661 10175 4950 25463 7738 89423     0
SRM_1831_300s_100_repeat_Rh_FE_D2_0_92 6875 8147 11572 1191216 6751  1090 171595 1331541 4602   368  1635 86613  1196 10323 4896 24670 7828 89220     0
SRM_1831_300s_100_repeat_Rh_FE_D2_0_93 7046 8048 11200 1184621 6487  1252 167795 1327282 4848   208  1516 86105   856 10396 5132 25081 8053 88948     0
SRM_1831_300s_100_repeat_Rh_FE_D2_0_94 7107 7847 11222 1191122 6417  1338 170821 1333181 4844   174  1816 86799  1810 10547 5216 25494 7513 89395     0
SRM_1831_300s_100_repeat_Rh_FE_D2_0_95 6759 8008 11257 1190056 6652  1670 165965 1331866 4770   363  1859 87027  1807 10689 5970 24790 6860 89478     0
SRM_1831_300s_100_repeat_Rh_FE_D2_0_96 7057 8113 11440 1190238 6708  1290 173811 1334427 4400   324  1787 87485   818 10640 5225 25393 7736 89326     0
SRM_1831_300s_100_repeat_Rh_FE_D2_0_97 6959 7938 11297 1187735 6497   882 168450 1336029 4723    96  1709 86220  1213 11032 4669 25246 7374 88807     0
SRM_1831_300s_100_repeat_Rh_FE_D2_0_98 7002 7988 10868 1188850 6675  1235 170400 1330385 4570   333  1863 86310  1428 10764 5464 25668 7910 89251     0
SRM_1831_300s_100_repeat_Rh_FE_D2_0_99 7006 8044 11615 1188353 6889  1131 169206 1331179 4672   569  1628 86311   616 11219 5206 24636 8097 89180     0
-------------------------------------------------------------------------------------------------------------------------------------------------------
Mean value:                            6863 7866 10936 1156351 6664   627  98079 1295291 4571   291  1648 84422  1504 10371 4801 24457 7556 88136     0
Std. Abw.:                              169  201   442   33597  142   617  71996   37725  217   151   238  2476   348   390  423   834  449  1461     0
Std. Abw. rel. [%]:                    2.46 2.56  4.04    2.91 2.12 98.43  73.41    2.91 4.74 52.00 14.43  2.93 23.16  3.76 8.81  3.41 5.95  1.66 0.00%
Conf. interval:                          12   14    31    2376   10    44   5091    2668   15    11    17   175    25    28   30    59   32   103     0
