Atomic percent (%)

Spectrum                          Na   Mg   Al    Si    S    K    Ca   Ti   Fe   Sr   Rh
----------------------------------------------------------------------------------------
SRM_1831_300s_20x20det_1_0_0   17.89 4.91 1.79 63.79 0.19 0.52 10.79 0.02 0.09 0.01 0.00
SRM_1831_300s_20x20det_1_0_1   18.12 4.94 1.75 63.59 0.20 0.52 10.76 0.02 0.09 0.01 0.00
SRM_1831_300s_20x20det_1_0_10  18.22 5.04 1.77 63.45 0.20 0.51 10.68 0.02 0.09 0.01 0.00
SRM_1831_300s_20x20det_1_0_11  17.93 4.94 1.78 63.69 0.20 0.53 10.82 0.02 0.09 0.01 0.00
SRM_1831_300s_20x20det_1_0_12  17.55 4.99 1.75 63.97 0.20 0.53 10.89 0.02 0.09 0.01 0.00
SRM_1831_300s_20x20det_1_0_13  18.15 4.93 1.79 63.52 0.20 0.52 10.78 0.02 0.09 0.01 0.00
SRM_1831_300s_20x20det_1_0_14  18.52 4.90 1.77 63.29 0.19 0.52 10.69 0.02 0.09 0.01 0.00
SRM_1831_300s_20x20det_1_0_15  18.32 4.85 1.75 63.48 0.20 0.52 10.76 0.02 0.09 0.01 0.00
SRM_1831_300s_20x20det_1_0_16  18.30 5.00 1.75 63.40 0.20 0.52 10.72 0.02 0.09 0.01 0.00
SRM_1831_300s_20x20det_1_0_17  18.28 4.96 1.75 63.46 0.19 0.52 10.72 0.02 0.09 0.01 0.00
SRM_1831_300s_20x20det_1_0_18  18.09 4.86 1.72 63.67 0.19 0.53 10.81 0.02 0.09 0.01 0.00
SRM_1831_300s_20x20det_1_0_19  18.22 4.89 1.77 63.53 0.20 0.52 10.75 0.02 0.09 0.01 0.00
SRM_1831_300s_20x20det_1_0_2   18.02 4.96 1.75 63.67 0.19 0.52 10.77 0.02 0.09 0.01 0.00
SRM_1831_300s_20x20det_1_0_3   18.13 4.87 1.73 63.67 0.19 0.52 10.76 0.02 0.09 0.01 0.00
SRM_1831_300s_20x20det_1_0_4   18.07 4.95 1.75 63.61 0.19 0.52 10.78 0.02 0.09 0.01 0.00
SRM_1831_300s_20x20det_1_0_5   18.18 4.94 1.78 63.51 0.19 0.52 10.75 0.02 0.09 0.01 0.00
SRM_1831_300s_20x20det_1_0_6   18.13 4.88 1.76 63.60 0.20 0.52 10.80 0.02 0.09 0.01 0.00
SRM_1831_300s_20x20det_1_0_7   17.95 4.99 1.75 63.67 0.20 0.52 10.81 0.02 0.09 0.01 0.00
SRM_1831_300s_20x20det_1_0_8   18.07 4.94 1.75 63.63 0.19 0.52 10.77 0.02 0.09 0.01 0.00
SRM_1831_300s_20x20det_1_0_9   17.69 5.06 1.72 63.62 0.20 0.53 11.05 0.02 0.09 0.01 0.00
SRM_1831_300s_20x20det_1_10_0  18.13 5.04 1.76 63.49 0.20 0.52 10.74 0.02 0.09 0.01 0.00
SRM_1831_300s_20x20det_1_10_1  18.10 4.47 1.74 63.93 0.18 0.53 10.94 0.02 0.09 0.01 0.00
SRM_1831_300s_20x20det_1_10_10 18.00 4.98 1.74 63.57 0.20 0.52 10.86 0.02 0.09 0.01 0.00
SRM_1831_300s_20x20det_1_10_11 18.16 5.00 1.75 63.50 0.20 0.52 10.76 0.02 0.09 0.01 0.00
SRM_1831_300s_20x20det_1_10_12 18.27 4.80 1.74 63.56 0.20 0.52 10.80 0.02 0.09 0.01 0.00
SRM_1831_300s_20x20det_1_10_13 18.31 4.97 1.76 63.39 0.20 0.52 10.72 0.02 0.09 0.01 0.00
SRM_1831_300s_20x20det_1_10_14 18.19 4.93 1.76 63.53 0.20 0.52 10.75 0.02 0.09 0.01 0.00
SRM_1831_300s_20x20det_1_10_15 17.71 5.12 1.73 63.76 0.20 0.52 10.83 0.02 0.09 0.01 0.00
SRM_1831_300s_20x20det_1_10_16 18.20 4.97 1.78 63.48 0.20 0.52 10.73 0.02 0.09 0.01 0.00
SRM_1831_300s_20x20det_1_10_17 18.06 4.87 1.73 63.67 0.20 0.52 10.82 0.02 0.09 0.01 0.00
SRM_1831_300s_20x20det_1_10_18 17.70 4.85 1.78 63.89 0.20 0.53 10.92 0.02 0.09 0.01 0.00
SRM_1831_300s_20x20det_1_10_19 17.77 4.95 1.77 63.82 0.20 0.53 10.85 0.02 0.09 0.01 0.00
SRM_1831_300s_20x20det_1_10_2  18.04 5.02 1.76 63.59 0.20 0.52 10.75 0.02 0.09 0.01 0.00
SRM_1831_300s_20x20det_1_10_3  18.22 4.87 1.76 63.54 0.19 0.52 10.78 0.02 0.09 0.01 0.00
SRM_1831_300s_20x20det_1_10_4  17.99 4.97 1.74 63.69 0.20 0.52 10.77 0.02 0.09 0.01 0.00
SRM_1831_300s_20x20det_1_10_5  17.98 4.97 1.80 63.63 0.20 0.52 10.77 0.02 0.09 0.01 0.00
SRM_1831_300s_20x20det_1_10_6  18.27 4.84 1.76 63.52 0.20 0.52 10.77 0.02 0.09 0.01 0.00
SRM_1831_300s_20x20det_1_10_7  17.87 4.93 1.77 63.74 0.20 0.53 10.85 0.02 0.09 0.01 0.00
SRM_1831_300s_20x20det_1_10_8  17.77 4.83 1.76 63.93 0.20 0.52 10.86 0.02 0.09 0.01 0.00
SRM_1831_300s_20x20det_1_10_9  17.70 4.98 1.75 63.86 0.20 0.53 10.86 0.02 0.09 0.01 0.00
SRM_1831_300s_20x20det_1_11_0  17.77 4.96 1.74 63.83 0.20 0.52 10.86 0.02 0.09 0.01 0.00
SRM_1831_300s_20x20det_1_11_1  17.75 4.94 1.74 63.86 0.20 0.52 10.86 0.02 0.09 0.01 0.00
SRM_1831_300s_20x20det_1_11_10 18.03 4.94 1.75 63.64 0.19 0.52 10.80 0.02 0.09 0.01 0.00
SRM_1831_300s_20x20det_1_11_11 18.23 4.93 1.76 63.49 0.20 0.52 10.75 0.02 0.09 0.01 0.00
SRM_1831_300s_20x20det_1_11_12 18.08 4.84 1.76 63.67 0.19 0.53 10.81 0.02 0.09 0.01 0.00
SRM_1831_300s_20x20det_1_11_13 18.00 4.89 1.76 63.70 0.20 0.53 10.80 0.02 0.09 0.01 0.00
SRM_1831_300s_20x20det_1_11_14 18.04 5.02 1.73 63.60 0.20 0.52 10.77 0.02 0.09 0.01 0.00
SRM_1831_300s_20x20det_1_11_15 18.01 4.95 1.75 63.63 0.20 0.52 10.81 0.02 0.09 0.01 0.00
SRM_1831_300s_20x20det_1_11_16 17.86 4.99 1.74 63.72 0.20 0.53 10.85 0.02 0.09 0.01 0.00
SRM_1831_300s_20x20det_1_11_17 17.60 4.77 1.71 63.82 0.20 0.54 11.23 0.02 0.10 0.01 0.00
SRM_1831_300s_20x20det_1_11_18 17.92 4.88 1.79 63.73 0.20 0.53 10.84 0.02 0.09 0.01 0.00
SRM_1831_300s_20x20det_1_11_19 17.79 4.84 1.76 63.88 0.20 0.53 10.88 0.02 0.09 0.01 0.00
SRM_1831_300s_20x20det_1_11_2  18.26 5.04 1.79 63.36 0.20 0.52 10.71 0.02 0.09 0.01 0.00
SRM_1831_300s_20x20det_1_11_3  17.83 4.90 1.77 63.78 0.20 0.53 10.86 0.02 0.09 0.01 0.00
SRM_1831_300s_20x20det_1_11_4  18.17 4.83 1.75 63.61 0.20 0.52 10.79 0.02 0.09 0.01 0.00
SRM_1831_300s_20x20det_1_11_5  17.90 4.93 1.76 63.74 0.20 0.53 10.82 0.02 0.09 0.01 0.00
SRM_1831_300s_20x20det_1_11_6  18.43 4.91 1.72 63.38 0.19 0.52 10.72 0.02 0.09 0.01 0.00
SRM_1831_300s_20x20det_1_11_7  18.07 4.92 1.76 63.64 0.20 0.52 10.78 0.02 0.09 0.01 0.00
SRM_1831_300s_20x20det_1_11_8  17.90 4.93 1.77 63.75 0.20 0.52 10.82 0.02 0.09 0.01 0.00
SRM_1831_300s_20x20det_1_11_9  17.89 4.96 1.74 63.73 0.19 0.53 10.84 0.02 0.09 0.01 0.00
SRM_1831_300s_20x20det_1_12_0  18.03 4.96 1.80 63.59 0.19 0.52 10.78 0.02 0.09 0.01 0.00
SRM_1831_300s_20x20det_1_12_1  17.98 4.92 1.77 63.66 0.20 0.52 10.83 0.02 0.09 0.01 0.00
SRM_1831_300s_20x20det_1_12_10 18.00 4.98 1.73 63.66 0.20 0.52 10.79 0.02 0.09 0.01 0.00
SRM_1831_300s_20x20det_1_12_11 18.00 4.96 1.75 63.64 0.19 0.52 10.81 0.02 0.09 0.01 0.00
SRM_1831_300s_20x20det_1_12_12 18.19 4.93 1.75 63.55 0.19 0.51 10.75 0.02 0.09 0.01 0.00
SRM_1831_300s_20x20det_1_12_13 17.96 4.86 1.75 63.75 0.20 0.52 10.83 0.02 0.09 0.01 0.00
SRM_1831_300s_20x20det_1_12_14 18.40 4.84 1.76 63.43 0.20 0.52 10.73 0.02 0.09 0.01 0.00
SRM_1831_300s_20x20det_1_12_15 17.55 4.96 1.74 64.00 0.20 0.52 10.91 0.02 0.09 0.01 0.00
SRM_1831_300s_20x20det_1_12_16 18.30 4.99 1.75 63.41 0.19 0.52 10.73 0.02 0.09 0.01 0.00
SRM_1831_300s_20x20det_1_12_17 17.97 4.91 1.80 63.65 0.20 0.52 10.82 0.02 0.09 0.01 0.00
SRM_1831_300s_20x20det_1_12_18 18.08 4.90 1.73 63.63 0.20 0.52 10.81 0.02 0.09 0.01 0.00
SRM_1831_300s_20x20det_1_12_19 18.17 4.85 1.73 63.57 0.19 0.52 10.84 0.02 0.09 0.01 0.00
SRM_1831_300s_20x20det_1_12_2  17.96 4.89 1.72 63.76 0.19 0.53 10.84 0.02 0.09 0.01 0.00
SRM_1831_300s_20x20det_1_12_3  17.99 4.85 1.73 63.73 0.20 0.52 10.85 0.02 0.09 0.01 0.00
SRM_1831_300s_20x20det_1_12_4  18.28 4.88 1.75 63.50 0.20 0.52 10.74 0.02 0.09 0.01 0.00
SRM_1831_300s_20x20det_1_12_5  17.63 5.00 1.74 63.90 0.19 0.53 10.88 0.02 0.09 0.01 0.00
SRM_1831_300s_20x20det_1_12_6  17.54 4.90 1.78 64.02 0.20 0.53 10.91 0.02 0.09 0.01 0.00
SRM_1831_300s_20x20det_1_12_7  17.92 4.88 1.74 63.80 0.19 0.52 10.83 0.02 0.09 0.01 0.00
SRM_1831_300s_20x20det_1_12_8  18.12 4.89 1.74 63.62 0.20 0.53 10.78 0.02 0.09 0.01 0.00
SRM_1831_300s_20x20det_1_12_9  17.88 4.97 1.78 63.70 0.19 0.53 10.83 0.02 0.09 0.01 0.00
SRM_1831_300s_20x20det_1_13_0  18.00 4.91 1.79 63.64 0.20 0.53 10.80 0.02 0.09 0.01 0.00
SRM_1831_300s_20x20det_1_13_1  18.33 4.88 1.75 63.45 0.20 0.52 10.75 0.02 0.09 0.01 0.00
SRM_1831_300s_20x20det_1_13_10 17.71 4.92 1.74 63.91 0.20 0.53 10.87 0.02 0.09 0.01 0.00
SRM_1831_300s_20x20det_1_13_11 18.04 4.90 1.77 63.67 0.19 0.52 10.79 0.02 0.09 0.01 0.00
SRM_1831_300s_20x20det_1_13_12 18.17 5.04 1.75 63.44 0.20 0.52 10.76 0.02 0.09 0.01 0.00
SRM_1831_300s_20x20det_1_13_13 17.99 4.82 1.79 63.75 0.20 0.52 10.82 0.02 0.09 0.01 0.00
SRM_1831_300s_20x20det_1_13_14 18.18 4.95 1.77 63.51 0.20 0.52 10.75 0.02 0.09 0.01 0.00
SRM_1831_300s_20x20det_1_13_15 17.81 4.95 1.75 63.81 0.20 0.53 10.83 0.02 0.09 0.01 0.00
SRM_1831_300s_20x20det_1_13_16 17.66 4.96 1.76 63.88 0.20 0.53 10.89 0.02 0.09 0.01 0.00
SRM_1831_300s_20x20det_1_13_17 18.13 4.99 1.73 63.55 0.20 0.52 10.76 0.02 0.09 0.01 0.00
SRM_1831_300s_20x20det_1_13_18 18.36 4.95 1.77 63.38 0.20 0.52 10.70 0.02 0.09 0.01 0.00
SRM_1831_300s_20x20det_1_13_19 18.31 4.88 1.74 63.48 0.20 0.52 10.75 0.02 0.09 0.01 0.00
SRM_1831_300s_20x20det_1_13_2  18.13 4.98 1.78 63.51 0.20 0.51 10.77 0.02 0.09 0.01 0.00
SRM_1831_300s_20x20det_1_13_3  18.05 4.87 1.74 63.71 0.19 0.53 10.80 0.02 0.09 0.01 0.00
SRM_1831_300s_20x20det_1_13_4  18.13 4.86 1.75 63.63 0.19 0.52 10.80 0.02 0.09 0.01 0.00
SRM_1831_300s_20x20det_1_13_5  18.04 4.96 1.75 63.62 0.19 0.52 10.79 0.02 0.09 0.01 0.00
SRM_1831_300s_20x20det_1_13_6  17.98 4.91 1.74 63.71 0.19 0.52 10.82 0.02 0.09 0.01 0.00
SRM_1831_300s_20x20det_1_13_7  18.26 4.98 1.77 63.39 0.20 0.52 10.75 0.02 0.09 0.01 0.00
SRM_1831_300s_20x20det_1_13_8  17.88 4.86 1.80 63.78 0.20 0.52 10.84 0.02 0.09 0.01 0.00
SRM_1831_300s_20x20det_1_13_9  18.09 4.93 1.77 63.59 0.20 0.52 10.79 0.02 0.09 0.01 0.00
SRM_1831_300s_20x20det_1_14_0  17.80 5.01 1.75 63.76 0.20 0.52 10.82 0.02 0.09 0.01 0.00
SRM_1831_300s_20x20det_1_14_1  17.55 4.98 1.77 63.94 0.20 0.53 10.91 0.02 0.09 0.01 0.00
SRM_1831_300s_20x20det_1_14_10 17.97 4.99 1.77 63.65 0.20 0.52 10.78 0.02 0.09 0.01 0.00
SRM_1831_300s_20x20det_1_14_11 17.80 4.95 1.78 63.79 0.20 0.52 10.83 0.02 0.09 0.01 0.00
SRM_1831_300s_20x20det_1_14_12 18.03 4.83 1.74 63.75 0.20 0.53 10.80 0.02 0.09 0.01 0.00
SRM_1831_300s_20x20det_1_14_13 18.18 4.93 1.76 63.55 0.20 0.52 10.75 0.02 0.09 0.01 0.00
SRM_1831_300s_20x20det_1_14_14 17.88 4.97 1.72 63.76 0.19 0.53 10.82 0.02 0.09 0.01 0.00
SRM_1831_300s_20x20det_1_14_15 18.15 4.91 1.77 63.57 0.20 0.52 10.76 0.02 0.09 0.01 0.00
SRM_1831_300s_20x20det_1_14_16 17.93 4.95 1.74 63.72 0.20 0.52 10.82 0.02 0.09 0.01 0.00
SRM_1831_300s_20x20det_1_14_17 18.14 5.01 1.74 63.54 0.20 0.51 10.74 0.02 0.09 0.01 0.00
SRM_1831_300s_20x20det_1_14_18 18.08 4.92 1.77 63.60 0.20 0.52 10.78 0.02 0.09 0.01 0.00
SRM_1831_300s_20x20det_1_14_19 17.69 4.89 1.73 63.94 0.20 0.53 10.89 0.02 0.09 0.01 0.00
SRM_1831_300s_20x20det_1_14_2  17.85 4.97 1.75 63.74 0.20 0.52 10.85 0.02 0.09 0.01 0.00
SRM_1831_300s_20x20det_1_14_3  17.72 4.91 1.73 63.91 0.20 0.53 10.87 0.02 0.09 0.01 0.00
SRM_1831_300s_20x20det_1_14_4  18.03 4.92 1.75 63.65 0.20 0.53 10.80 0.02 0.09 0.01 0.00
SRM_1831_300s_20x20det_1_14_5  17.90 4.90 1.78 63.78 0.19 0.52 10.81 0.02 0.09 0.01 0.00
SRM_1831_300s_20x20det_1_14_6  17.80 5.07 1.74 63.73 0.19 0.52 10.81 0.02 0.09 0.01 0.00
SRM_1831_300s_20x20det_1_14_7  18.13 4.89 1.75 63.58 0.20 0.52 10.81 0.02 0.09 0.01 0.00
SRM_1831_300s_20x20det_1_14_8  18.20 4.85 1.79 63.55 0.20 0.53 10.76 0.02 0.09 0.01 0.00
SRM_1831_300s_20x20det_1_14_9  17.31 4.89 1.75 63.97 0.20 0.53 11.23 0.02 0.10 0.01 0.00
SRM_1831_300s_20x20det_1_15_0  18.03 4.90 1.78 63.66 0.20 0.52 10.80 0.02 0.09 0.01 0.00
SRM_1831_300s_20x20det_1_15_1  18.19 4.94 1.76 63.53 0.20 0.53 10.74 0.02 0.09 0.01 0.00
SRM_1831_300s_20x20det_1_15_10 18.07 4.86 1.73 63.68 0.20 0.52 10.81 0.02 0.09 0.01 0.00
SRM_1831_300s_20x20det_1_15_11 17.88 4.98 1.78 63.70 0.20 0.53 10.82 0.02 0.09 0.01 0.00
SRM_1831_300s_20x20det_1_15_12 18.16 4.94 1.78 63.51 0.20 0.52 10.76 0.02 0.09 0.01 0.00
SRM_1831_300s_20x20det_1_15_13 17.87 4.96 1.75 63.76 0.20 0.51 10.82 0.02 0.09 0.01 0.00
SRM_1831_300s_20x20det_1_15_14 18.16 4.89 1.74 63.57 0.21 0.52 10.79 0.02 0.09 0.01 0.00
SRM_1831_300s_20x20det_1_15_15 18.13 4.93 1.74 63.57 0.20 0.52 10.79 0.02 0.09 0.01 0.00
SRM_1831_300s_20x20det_1_15_16 17.98 4.99 1.78 63.62 0.20 0.52 10.79 0.02 0.09 0.01 0.00
SRM_1831_300s_20x20det_1_15_17 18.09 4.90 1.79 63.62 0.20 0.52 10.77 0.02 0.09 0.01 0.00
SRM_1831_300s_20x20det_1_15_18 17.99 5.01 1.78 63.61 0.20 0.52 10.77 0.02 0.09 0.01 0.00
SRM_1831_300s_20x20det_1_15_19 18.04 4.96 1.70 63.67 0.20 0.52 10.79 0.02 0.09 0.01 0.00
SRM_1831_300s_20x20det_1_15_2  17.87 5.03 1.75 63.67 0.20 0.52 10.85 0.02 0.09 0.01 0.00
SRM_1831_300s_20x20det_1_15_3  18.06 4.89 1.73 63.68 0.20 0.52 10.80 0.02 0.09 0.01 0.00
SRM_1831_300s_20x20det_1_15_4  18.04 4.94 1.71 63.64 0.20 0.53 10.82 0.02 0.09 0.01 0.00
SRM_1831_300s_20x20det_1_15_5  18.01 4.93 1.74 63.68 0.20 0.52 10.81 0.02 0.09 0.01 0.00
SRM_1831_300s_20x20det_1_15_6  17.99 4.91 1.73 63.69 0.20 0.52 10.84 0.02 0.09 0.01 0.00
SRM_1831_300s_20x20det_1_15_7  17.83 4.90 1.73 63.84 0.20 0.53 10.86 0.02 0.09 0.01 0.00
SRM_1831_300s_20x20det_1_15_8  18.08 4.98 1.74 63.59 0.19 0.52 10.77 0.02 0.09 0.01 0.00
SRM_1831_300s_20x20det_1_15_9  18.15 4.89 1.75 63.60 0.20 0.52 10.77 0.02 0.09 0.01 0.00
SRM_1831_300s_20x20det_1_16_0  17.97 4.96 1.79 63.65 0.20 0.52 10.79 0.02 0.09 0.01 0.00
SRM_1831_300s_20x20det_1_16_1  17.95 5.05 1.79 63.60 0.20 0.52 10.77 0.02 0.09 0.01 0.00
SRM_1831_300s_20x20det_1_16_10 18.19 4.89 1.75 63.57 0.19 0.52 10.77 0.02 0.09 0.01 0.00
SRM_1831_300s_20x20det_1_16_11 17.93 4.99 1.76 63.67 0.20 0.53 10.80 0.02 0.09 0.01 0.00
SRM_1831_300s_20x20det_1_16_12 17.86 4.86 1.73 63.82 0.20 0.53 10.88 0.02 0.09 0.01 0.00
SRM_1831_300s_20x20det_1_16_13 17.07 4.71 1.72 63.74 0.31 0.56 11.74 0.02 0.10 0.01 0.00
SRM_1831_300s_20x20det_1_16_14 18.03 4.99 1.74 63.63 0.20 0.52 10.77 0.02 0.09 0.01 0.00
SRM_1831_300s_20x20det_1_16_15 18.19 4.94 1.76 63.52 0.19 0.52 10.76 0.02 0.09 0.01 0.00
SRM_1831_300s_20x20det_1_16_16 18.21 5.04 1.75 63.45 0.19 0.52 10.71 0.02 0.09 0.01 0.00
SRM_1831_300s_20x20det_1_16_17 17.86 4.92 1.80 63.75 0.20 0.52 10.83 0.02 0.09 0.01 0.00
SRM_1831_300s_20x20det_1_16_18 18.31 4.91 1.76 63.46 0.19 0.52 10.72 0.02 0.09 0.01 0.00
SRM_1831_300s_20x20det_1_16_19 17.86 5.01 1.78 63.69 0.20 0.53 10.81 0.02 0.09 0.01 0.00
SRM_1831_300s_20x20det_1_16_2  18.22 5.02 1.79 63.43 0.19 0.52 10.71 0.02 0.09 0.01 0.00
SRM_1831_300s_20x20det_1_16_3  18.19 4.92 1.75 63.52 0.20 0.52 10.77 0.02 0.09 0.01 0.00
SRM_1831_300s_20x20det_1_16_4  18.03 4.91 1.76 63.66 0.20 0.52 10.80 0.02 0.09 0.01 0.00
SRM_1831_300s_20x20det_1_16_5  17.88 4.95 1.74 63.78 0.19 0.53 10.82 0.02 0.09 0.01 0.00
SRM_1831_300s_20x20det_1_16_6  17.46 4.95 1.74 64.06 0.20 0.53 10.93 0.02 0.09 0.01 0.00
SRM_1831_300s_20x20det_1_16_7  18.12 4.82 1.71 63.67 0.20 0.52 10.83 0.02 0.09 0.01 0.00
SRM_1831_300s_20x20det_1_16_8  18.23 4.95 1.74 63.49 0.20 0.52 10.75 0.02 0.09 0.01 0.00
SRM_1831_300s_20x20det_1_16_9  17.80 4.91 1.78 63.81 0.20 0.52 10.84 0.02 0.09 0.01 0.00
SRM_1831_300s_20x20det_1_17_0  18.11 4.90 1.74 63.62 0.20 0.52 10.79 0.02 0.09 0.01 0.00
SRM_1831_300s_20x20det_1_17_1  18.21 4.99 1.77 63.46 0.20 0.52 10.74 0.02 0.09 0.01 0.00
SRM_1831_300s_20x20det_1_17_10 17.92 4.92 1.76 63.75 0.20 0.53 10.81 0.02 0.09 0.01 0.00
SRM_1831_300s_20x20det_1_17_11 17.99 4.99 1.73 63.67 0.20 0.52 10.78 0.02 0.09 0.01 0.00
SRM_1831_300s_20x20det_1_17_12 17.88 4.89 1.77 63.79 0.20 0.52 10.83 0.02 0.09 0.01 0.00
SRM_1831_300s_20x20det_1_17_13 17.89 4.97 1.77 63.73 0.19 0.52 10.81 0.02 0.09 0.01 0.00
SRM_1831_300s_20x20det_1_17_14 17.96 4.85 1.73 63.77 0.20 0.53 10.84 0.02 0.09 0.01 0.00
SRM_1831_300s_20x20det_1_17_15 18.28 5.01 1.73 63.42 0.19 0.52 10.72 0.02 0.09 0.01 0.00
SRM_1831_300s_20x20det_1_17_16 17.95 4.87 1.76 63.78 0.20 0.52 10.81 0.02 0.09 0.01 0.00
SRM_1831_300s_20x20det_1_17_17 17.99 5.07 1.76 63.59 0.20 0.52 10.75 0.02 0.09 0.01 0.00
SRM_1831_300s_20x20det_1_17_18 17.72 5.00 1.76 63.84 0.19 0.52 10.85 0.02 0.09 0.01 0.00
SRM_1831_300s_20x20det_1_17_19 18.25 4.90 1.74 63.53 0.20 0.52 10.73 0.02 0.09 0.01 0.00
SRM_1831_300s_20x20det_1_17_2  18.10 4.95 1.72 63.61 0.19 0.52 10.78 0.02 0.09 0.01 0.00
SRM_1831_300s_20x20det_1_17_3  17.98 4.96 1.75 63.68 0.20 0.52 10.79 0.02 0.09 0.01 0.00
SRM_1831_300s_20x20det_1_17_4  18.06 4.89 1.75 63.67 0.19 0.52 10.80 0.02 0.09 0.01 0.00
SRM_1831_300s_20x20det_1_17_5  17.90 4.88 1.75 63.78 0.20 0.52 10.85 0.02 0.09 0.01 0.00
SRM_1831_300s_20x20det_1_17_6  18.13 4.94 1.75 63.58 0.20 0.52 10.75 0.02 0.09 0.01 0.00
SRM_1831_300s_20x20det_1_17_7  17.74 4.92 1.73 63.90 0.20 0.53 10.86 0.02 0.09 0.01 0.00
SRM_1831_300s_20x20det_1_17_8  18.15 4.91 1.73 63.61 0.19 0.52 10.76 0.02 0.09 0.01 0.00
SRM_1831_300s_20x20det_1_17_9  17.81 5.03 1.72 63.75 0.21 0.53 10.83 0.02 0.09 0.01 0.00
SRM_1831_300s_20x20det_1_18_0  17.85 4.86 1.80 63.80 0.19 0.52 10.85 0.02 0.09 0.01 0.00
SRM_1831_300s_20x20det_1_18_1  18.22 4.99 1.79 63.43 0.20 0.52 10.73 0.02 0.09 0.01 0.00
SRM_1831_300s_20x20det_1_18_10 18.05 4.96 1.75 63.63 0.20 0.52 10.77 0.02 0.09 0.01 0.00
SRM_1831_300s_20x20det_1_18_11 18.25 4.84 1.77 63.54 0.20 0.52 10.76 0.02 0.09 0.01 0.00
SRM_1831_300s_20x20det_1_18_12 18.09 4.97 1.76 63.61 0.20 0.52 10.73 0.02 0.09 0.01 0.00
SRM_1831_300s_20x20det_1_18_13 18.16 5.00 1.75 63.52 0.20 0.52 10.73 0.02 0.09 0.01 0.00
SRM_1831_300s_20x20det_1_18_14 17.98 4.91 1.75 63.70 0.20 0.52 10.82 0.02 0.09 0.01 0.00
SRM_1831_300s_20x20det_1_18_15 17.98 4.94 1.73 63.70 0.20 0.52 10.80 0.02 0.09 0.01 0.00
SRM_1831_300s_20x20det_1_18_16 18.11 5.02 1.76 63.52 0.20 0.52 10.75 0.02 0.09 0.01 0.00
SRM_1831_300s_20x20det_1_18_17 17.88 5.01 1.73 63.73 0.20 0.52 10.81 0.02 0.09 0.01 0.00
SRM_1831_300s_20x20det_1_18_18 17.79 4.95 1.76 63.80 0.20 0.53 10.85 0.02 0.09 0.01 0.00
SRM_1831_300s_20x20det_1_18_19 18.05 5.01 1.78 63.56 0.20 0.52 10.76 0.02 0.09 0.01 0.00
SRM_1831_300s_20x20det_1_18_2  17.97 4.96 1.77 63.65 0.20 0.52 10.80 0.02 0.09 0.01 0.00
SRM_1831_300s_20x20det_1_18_3  18.00 4.92 1.71 63.72 0.19 0.52 10.81 0.02 0.09 0.01 0.00
SRM_1831_300s_20x20det_1_18_4  18.20 5.03 1.75 63.47 0.20 0.52 10.71 0.02 0.09 0.01 0.00
SRM_1831_300s_20x20det_1_18_5  17.94 4.98 1.73 63.68 0.20 0.52 10.83 0.02 0.09 0.01 0.00
SRM_1831_300s_20x20det_1_18_6  18.20 4.96 1.75 63.53 0.19 0.52 10.73 0.02 0.09 0.01 0.00
SRM_1831_300s_20x20det_1_18_7  17.60 4.85 1.75 63.99 0.20 0.53 10.96 0.02 0.09 0.01 0.00
SRM_1831_300s_20x20det_1_18_8  17.82 4.92 1.76 63.82 0.20 0.53 10.83 0.02 0.09 0.01 0.00
SRM_1831_300s_20x20det_1_18_9  18.19 4.93 1.75 63.53 0.20 0.52 10.75 0.02 0.09 0.01 0.00
SRM_1831_300s_20x20det_1_19_0  18.50 4.98 1.78 63.28 0.19 0.52 10.64 0.02 0.09 0.01 0.00
SRM_1831_300s_20x20det_1_19_1  17.82 4.90 1.79 63.81 0.20 0.52 10.83 0.02 0.09 0.01 0.00
SRM_1831_300s_20x20det_1_19_10 18.11 4.90 1.73 63.62 0.20 0.53 10.78 0.02 0.09 0.01 0.00
SRM_1831_300s_20x20det_1_19_11 17.81 4.84 1.72 63.92 0.20 0.53 10.87 0.02 0.09 0.01 0.00
SRM_1831_300s_20x20det_1_19_12 18.30 4.93 1.72 63.48 0.21 0.52 10.72 0.02 0.09 0.01 0.00
SRM_1831_300s_20x20det_1_19_13 18.00 4.95 1.76 63.66 0.20 0.53 10.78 0.02 0.09 0.01 0.00
SRM_1831_300s_20x20det_1_19_14 18.13 4.89 1.79 63.57 0.19 0.52 10.78 0.02 0.09 0.01 0.00
SRM_1831_300s_20x20det_1_19_15 18.16 4.92 1.75 63.59 0.19 0.52 10.75 0.02 0.09 0.01 0.00
SRM_1831_300s_20x20det_1_19_16 18.20 4.84 1.77 63.59 0.20 0.52 10.75 0.02 0.09 0.01 0.00
SRM_1831_300s_20x20det_1_19_17 17.99 5.04 1.77 63.59 0.20 0.52 10.75 0.02 0.09 0.01 0.00
SRM_1831_300s_20x20det_1_19_18 18.06 4.96 1.76 63.61 0.19 0.52 10.77 0.02 0.09 0.01 0.00
SRM_1831_300s_20x20det_1_19_19 18.00 4.90 1.75 63.69 0.20 0.52 10.81 0.02 0.09 0.01 0.00
SRM_1831_300s_20x20det_1_19_2  17.79 5.01 1.78 63.77 0.20 0.52 10.82 0.02 0.09 0.01 0.00
SRM_1831_300s_20x20det_1_19_3  17.99 5.04 1.76 63.60 0.20 0.52 10.77 0.02 0.09 0.01 0.00
SRM_1831_300s_20x20det_1_19_4  18.18 4.98 1.77 63.50 0.19 0.51 10.74 0.02 0.09 0.01 0.00
SRM_1831_300s_20x20det_1_19_5  17.98 4.96 1.75 63.67 0.20 0.53 10.79 0.02 0.09 0.01 0.00
SRM_1831_300s_20x20det_1_19_6  18.31 5.03 1.76 63.37 0.20 0.52 10.70 0.02 0.09 0.01 0.00
SRM_1831_300s_20x20det_1_19_7  18.03 5.00 1.79 63.58 0.19 0.52 10.76 0.02 0.09 0.01 0.00
SRM_1831_300s_20x20det_1_19_8  17.67 4.98 1.74 63.87 0.21 0.53 10.87 0.02 0.09 0.01 0.00
SRM_1831_300s_20x20det_1_19_9  17.75 5.02 1.76 63.79 0.20 0.52 10.83 0.02 0.09 0.01 0.00
SRM_1831_300s_20x20det_1_1_0   17.91 5.00 1.74 63.66 0.20 0.53 10.84 0.02 0.09 0.01 0.00
SRM_1831_300s_20x20det_1_1_1   17.73 5.02 1.77 63.79 0.20 0.52 10.85 0.02 0.09 0.01 0.00
SRM_1831_300s_20x20det_1_1_10  17.80 4.93 1.73 63.81 0.20 0.53 10.88 0.02 0.09 0.01 0.00
SRM_1831_300s_20x20det_1_1_11  18.33 4.92 1.77 63.42 0.20 0.52 10.73 0.02 0.09 0.01 0.00
SRM_1831_300s_20x20det_1_1_12  17.78 5.05 1.73 63.75 0.20 0.53 10.85 0.02 0.09 0.01 0.00
SRM_1831_300s_20x20det_1_1_13  17.96 4.95 1.72 63.69 0.20 0.52 10.82 0.02 0.09 0.01 0.00
SRM_1831_300s_20x20det_1_1_14  18.24 4.92 1.73 63.52 0.20 0.51 10.76 0.02 0.09 0.01 0.00
SRM_1831_300s_20x20det_1_1_15  17.77 4.91 1.74 63.84 0.20 0.53 10.88 0.02 0.09 0.01 0.00
SRM_1831_300s_20x20det_1_1_16  17.80 4.92 1.82 63.76 0.20 0.53 10.85 0.02 0.09 0.01 0.00
SRM_1831_300s_20x20det_1_1_17  17.95 4.90 1.77 63.73 0.20 0.52 10.81 0.02 0.09 0.01 0.00
SRM_1831_300s_20x20det_1_1_18  18.21 4.92 1.75 63.52 0.19 0.52 10.77 0.02 0.09 0.01 0.00
SRM_1831_300s_20x20det_1_1_19  18.11 4.98 1.77 63.52 0.20 0.53 10.78 0.02 0.09 0.01 0.00
SRM_1831_300s_20x20det_1_1_2   18.00 4.98 1.78 63.63 0.20 0.52 10.77 0.02 0.09 0.01 0.00
SRM_1831_300s_20x20det_1_1_3   17.68 5.01 1.75 63.85 0.19 0.52 10.88 0.02 0.09 0.01 0.00
SRM_1831_300s_20x20det_1_1_4   17.67 5.01 1.74 63.85 0.19 0.53 10.89 0.02 0.09 0.01 0.00
SRM_1831_300s_20x20det_1_1_5   18.17 5.02 1.73 63.48 0.20 0.52 10.76 0.02 0.09 0.01 0.00
SRM_1831_300s_20x20det_1_1_6   17.91 4.85 1.78 63.79 0.20 0.52 10.83 0.02 0.09 0.01 0.00
SRM_1831_300s_20x20det_1_1_7   18.04 4.96 1.76 63.60 0.19 0.52 10.80 0.02 0.09 0.01 0.00
SRM_1831_300s_20x20det_1_1_8   18.08 4.95 1.76 63.57 0.20 0.53 10.80 0.02 0.09 0.01 0.00
SRM_1831_300s_20x20det_1_1_9   18.02 4.83 1.72 63.73 0.20 0.53 10.86 0.02 0.09 0.01 0.00
SRM_1831_300s_20x20det_1_2_0   17.88 4.86 1.75 63.78 0.20 0.53 10.88 0.02 0.09 0.01 0.00
SRM_1831_300s_20x20det_1_2_1   18.28 4.88 1.76 63.49 0.20 0.52 10.76 0.02 0.09 0.01 0.00
SRM_1831_300s_20x20det_1_2_10  17.92 4.96 1.74 63.70 0.20 0.52 10.84 0.02 0.09 0.01 0.00
SRM_1831_300s_20x20det_1_2_11  18.17 5.05 1.75 63.44 0.20 0.52 10.76 0.02 0.09 0.01 0.00
SRM_1831_300s_20x20det_1_2_12  17.87 4.91 1.75 63.78 0.20 0.52 10.85 0.02 0.09 0.01 0.00
SRM_1831_300s_20x20det_1_2_13  17.99 4.98 1.75 63.63 0.20 0.52 10.81 0.02 0.09 0.01 0.00
SRM_1831_300s_20x20det_1_2_14  17.95 4.92 1.76 63.71 0.20 0.53 10.81 0.02 0.09 0.01 0.00
SRM_1831_300s_20x20det_1_2_15  17.88 4.99 1.74 63.72 0.20 0.52 10.82 0.02 0.09 0.01 0.00
SRM_1831_300s_20x20det_1_2_16  17.77 4.94 1.78 63.80 0.19 0.52 10.87 0.02 0.09 0.01 0.00
SRM_1831_300s_20x20det_1_2_17  18.13 5.01 1.76 63.52 0.19 0.52 10.74 0.02 0.09 0.01 0.00
SRM_1831_300s_20x20det_1_2_18  17.72 4.95 1.73 63.86 0.20 0.52 10.89 0.02 0.09 0.01 0.00
SRM_1831_300s_20x20det_1_2_19  18.25 4.84 1.73 63.53 0.21 0.52 10.80 0.02 0.09 0.01 0.00
SRM_1831_300s_20x20det_1_2_2   17.92 4.96 1.77 63.68 0.20 0.52 10.82 0.02 0.09 0.01 0.00
SRM_1831_300s_20x20det_1_2_3   18.18 5.02 1.75 63.45 0.19 0.53 10.75 0.02 0.09 0.01 0.00
SRM_1831_300s_20x20det_1_2_4   18.36 4.84 1.78 63.42 0.20 0.52 10.75 0.02 0.09 0.01 0.00
SRM_1831_300s_20x20det_1_2_5   18.09 4.88 1.74 63.63 0.20 0.53 10.80 0.02 0.09 0.01 0.00
SRM_1831_300s_20x20det_1_2_6   18.08 4.94 1.76 63.61 0.19 0.52 10.78 0.02 0.09 0.01 0.00
SRM_1831_300s_20x20det_1_2_7   18.13 4.95 1.75 63.56 0.19 0.52 10.78 0.02 0.09 0.01 0.00
SRM_1831_300s_20x20det_1_2_8   18.21 4.91 1.74 63.54 0.20 0.52 10.76 0.02 0.09 0.01 0.00
SRM_1831_300s_20x20det_1_2_9   18.17 4.89 1.76 63.58 0.20 0.52 10.77 0.02 0.09 0.01 0.00
SRM_1831_300s_20x20det_1_3_0   17.73 4.92 1.76 63.85 0.20 0.52 10.90 0.02 0.09 0.01 0.00
SRM_1831_300s_20x20det_1_3_1   18.26 4.95 1.77 63.43 0.19 0.52 10.75 0.02 0.09 0.01 0.00
SRM_1831_300s_20x20det_1_3_10  18.00 4.98 1.74 63.62 0.20 0.53 10.81 0.02 0.09 0.01 0.00
SRM_1831_300s_20x20det_1_3_11  18.24 4.99 1.75 63.43 0.20 0.52 10.75 0.02 0.09 0.01 0.00
SRM_1831_300s_20x20det_1_3_12  17.85 4.91 1.77 63.79 0.20 0.53 10.82 0.02 0.09 0.01 0.00
SRM_1831_300s_20x20det_1_3_13  17.88 4.81 1.76 63.83 0.20 0.53 10.87 0.02 0.09 0.01 0.00
SRM_1831_300s_20x20det_1_3_14  18.24 4.90 1.77 63.48 0.21 0.53 10.75 0.02 0.09 0.01 0.00
SRM_1831_300s_20x20det_1_3_15  18.05 5.03 1.75 63.58 0.20 0.52 10.75 0.02 0.09 0.01 0.00
SRM_1831_300s_20x20det_1_3_16  18.30 5.00 1.75 63.39 0.20 0.52 10.72 0.02 0.09 0.01 0.00
SRM_1831_300s_20x20det_1_3_17  18.11 5.10 1.75 63.48 0.20 0.52 10.72 0.02 0.09 0.01 0.00
SRM_1831_300s_20x20det_1_3_18  17.89 4.97 1.78 63.69 0.20 0.52 10.83 0.02 0.09 0.01 0.00
SRM_1831_300s_20x20det_1_3_19  18.00 5.04 1.75 63.56 0.20 0.52 10.79 0.02 0.09 0.01 0.00
SRM_1831_300s_20x20det_1_3_2   18.19 4.95 1.76 63.50 0.19 0.52 10.77 0.02 0.09 0.01 0.00
SRM_1831_300s_20x20det_1_3_3   17.90 4.95 1.74 63.75 0.20 0.52 10.82 0.02 0.09 0.01 0.00
SRM_1831_300s_20x20det_1_3_4   18.26 4.88 1.76 63.50 0.20 0.53 10.76 0.02 0.09 0.01 0.00
SRM_1831_300s_20x20det_1_3_5   18.43 4.91 1.78 63.34 0.19 0.52 10.70 0.02 0.09 0.01 0.00
SRM_1831_300s_20x20det_1_3_6   18.11 5.01 1.73 63.56 0.19 0.52 10.75 0.02 0.09 0.01 0.00
SRM_1831_300s_20x20det_1_3_7   18.00 4.88 1.73 63.70 0.20 0.52 10.85 0.02 0.09 0.01 0.00
SRM_1831_300s_20x20det_1_3_8   18.50 4.89 1.75 63.32 0.19 0.52 10.71 0.02 0.09 0.01 0.00
SRM_1831_300s_20x20det_1_3_9   18.23 4.86 1.76 63.54 0.19 0.52 10.77 0.02 0.09 0.01 0.00
SRM_1831_300s_20x20det_1_4_0   18.17 5.02 1.75 63.47 0.20 0.52 10.75 0.02 0.09 0.01 0.00
SRM_1831_300s_20x20det_1_4_1   18.02 4.92 1.75 63.66 0.20 0.52 10.81 0.02 0.09 0.01 0.00
SRM_1831_300s_20x20det_1_4_10  17.68 4.94 1.75 63.89 0.20 0.54 10.88 0.02 0.09 0.01 0.00
SRM_1831_300s_20x20det_1_4_11  17.99 4.98 1.78 63.64 0.20 0.52 10.77 0.02 0.09 0.01 0.00
SRM_1831_300s_20x20det_1_4_12  18.27 5.10 1.77 63.32 0.20 0.52 10.70 0.02 0.09 0.01 0.00
SRM_1831_300s_20x20det_1_4_13  18.06 4.92 1.75 63.63 0.19 0.52 10.80 0.02 0.09 0.01 0.00
SRM_1831_300s_20x20det_1_4_14  17.82 4.88 1.75 63.83 0.20 0.53 10.87 0.02 0.09 0.01 0.00
SRM_1831_300s_20x20det_1_4_15  18.05 4.99 1.74 63.58 0.20 0.52 10.80 0.02 0.09 0.01 0.00
SRM_1831_300s_20x20det_1_4_16  17.89 4.90 1.70 63.65 0.20 0.53 11.00 0.02 0.09 0.01 0.00
SRM_1831_300s_20x20det_1_4_17  18.10 4.91 1.75 63.60 0.20 0.52 10.79 0.02 0.09 0.01 0.00
SRM_1831_300s_20x20det_1_4_18  17.85 4.94 1.75 63.77 0.20 0.52 10.85 0.02 0.09 0.01 0.00
SRM_1831_300s_20x20det_1_4_19  17.87 4.87 1.76 63.80 0.20 0.53 10.86 0.02 0.09 0.01 0.00
SRM_1831_300s_20x20det_1_4_2   17.68 4.96 1.72 63.89 0.19 0.53 10.91 0.02 0.09 0.01 0.00
SRM_1831_300s_20x20det_1_4_3   17.93 4.90 1.73 63.76 0.20 0.53 10.83 0.02 0.09 0.01 0.00
SRM_1831_300s_20x20det_1_4_4   17.66 4.99 1.78 63.86 0.20 0.53 10.87 0.02 0.09 0.01 0.00
SRM_1831_300s_20x20det_1_4_5   18.17 4.94 1.76 63.52 0.20 0.52 10.76 0.02 0.09 0.01 0.00
SRM_1831_300s_20x20det_1_4_6   18.08 4.98 1.76 63.56 0.19 0.52 10.78 0.02 0.09 0.01 0.00
SRM_1831_300s_20x20det_1_4_7   17.95 4.86 1.73 63.76 0.20 0.53 10.85 0.02 0.09 0.01 0.00
SRM_1831_300s_20x20det_1_4_8   17.96 5.03 1.74 63.63 0.19 0.52 10.81 0.02 0.09 0.01 0.00
SRM_1831_300s_20x20det_1_4_9   17.92 5.10 1.77 63.61 0.20 0.52 10.76 0.02 0.09 0.01 0.00
SRM_1831_300s_20x20det_1_5_0   18.20 4.90 1.77 63.52 0.20 0.52 10.77 0.02 0.09 0.01 0.00
SRM_1831_300s_20x20det_1_5_1   18.24 5.00 1.76 63.42 0.19 0.52 10.74 0.02 0.09 0.01 0.00
SRM_1831_300s_20x20det_1_5_10  17.93 4.97 1.75 63.70 0.19 0.52 10.82 0.02 0.09 0.01 0.00
SRM_1831_300s_20x20det_1_5_11  18.14 4.87 1.76 63.59 0.20 0.53 10.79 0.02 0.09 0.01 0.00
SRM_1831_300s_20x20det_1_5_12  17.87 4.91 1.78 63.75 0.20 0.52 10.84 0.02 0.09 0.01 0.00
SRM_1831_300s_20x20det_1_5_13  18.00 4.91 1.77 63.66 0.20 0.52 10.81 0.02 0.09 0.01 0.00
SRM_1831_300s_20x20det_1_5_14  17.99 5.02 1.73 63.61 0.20 0.53 10.81 0.02 0.09 0.01 0.00
SRM_1831_300s_20x20det_1_5_15  18.14 4.87 1.77 63.58 0.21 0.52 10.79 0.02 0.09 0.01 0.00
SRM_1831_300s_20x20det_1_5_16  18.25 4.93 1.76 63.46 0.20 0.52 10.75 0.02 0.09 0.01 0.00
SRM_1831_300s_20x20det_1_5_17  17.99 4.89 1.74 63.70 0.20 0.52 10.84 0.02 0.09 0.01 0.00
SRM_1831_300s_20x20det_1_5_18  18.29 4.97 1.75 63.45 0.19 0.52 10.72 0.02 0.09 0.01 0.00
SRM_1831_300s_20x20det_1_5_19  18.12 4.97 1.74 63.54 0.20 0.52 10.79 0.02 0.09 0.01 0.00
SRM_1831_300s_20x20det_1_5_2   17.81 4.95 1.76 63.80 0.20 0.52 10.84 0.02 0.09 0.01 0.00
SRM_1831_300s_20x20det_1_5_3   17.88 4.98 1.74 63.70 0.20 0.53 10.85 0.02 0.09 0.01 0.00
SRM_1831_300s_20x20det_1_5_4   18.41 4.93 1.74 63.38 0.19 0.52 10.71 0.02 0.09 0.01 0.00
SRM_1831_300s_20x20det_1_5_5   17.72 4.90 1.78 63.85 0.20 0.54 10.90 0.02 0.09 0.01 0.00
SRM_1831_300s_20x20det_1_5_6   17.70 4.91 1.75 63.89 0.20 0.53 10.90 0.02 0.09 0.01 0.00
SRM_1831_300s_20x20det_1_5_7   17.72 4.99 1.78 63.84 0.19 0.51 10.85 0.02 0.09 0.01 0.00
SRM_1831_300s_20x20det_1_5_8   18.30 4.88 1.75 63.48 0.19 0.52 10.75 0.02 0.09 0.01 0.00
SRM_1831_300s_20x20det_1_5_9   17.56 4.91 1.78 63.99 0.20 0.53 10.91 0.02 0.09 0.01 0.00
SRM_1831_300s_20x20det_1_6_0   18.16 4.97 1.77 63.50 0.19 0.52 10.76 0.02 0.09 0.01 0.00
SRM_1831_300s_20x20det_1_6_1   18.17 4.82 1.75 63.62 0.19 0.52 10.80 0.02 0.09 0.01 0.00
SRM_1831_300s_20x20det_1_6_10  17.66 4.93 1.75 63.92 0.20 0.52 10.90 0.02 0.09 0.01 0.00
SRM_1831_300s_20x20det_1_6_11  17.74 5.05 1.72 63.79 0.19 0.52 10.87 0.02 0.09 0.01 0.00
SRM_1831_300s_20x20det_1_6_12  17.96 4.93 1.77 63.69 0.20 0.53 10.80 0.02 0.09 0.01 0.00
SRM_1831_300s_20x20det_1_6_13  18.24 4.97 1.77 63.46 0.19 0.52 10.73 0.02 0.09 0.01 0.00
SRM_1831_300s_20x20det_1_6_14  17.58 4.96 1.77 63.96 0.21 0.53 10.89 0.02 0.09 0.01 0.00
SRM_1831_300s_20x20det_1_6_15  17.99 4.96 1.76 63.66 0.19 0.53 10.79 0.02 0.09 0.01 0.00
SRM_1831_300s_20x20det_1_6_16  17.78 4.97 1.74 63.82 0.20 0.52 10.85 0.02 0.09 0.01 0.00
SRM_1831_300s_20x20det_1_6_17  17.84 4.90 1.75 63.80 0.20 0.53 10.86 0.02 0.09 0.01 0.00
SRM_1831_300s_20x20det_1_6_18  17.82 5.04 1.77 63.72 0.20 0.52 10.81 0.02 0.09 0.01 0.00
SRM_1831_300s_20x20det_1_6_19  17.95 4.94 1.72 63.72 0.19 0.53 10.82 0.02 0.09 0.01 0.00
SRM_1831_300s_20x20det_1_6_2   17.93 4.93 1.76 63.72 0.20 0.52 10.82 0.02 0.09 0.01 0.00
SRM_1831_300s_20x20det_1_6_3   17.97 4.94 1.76 63.68 0.19 0.53 10.81 0.02 0.09 0.01 0.00
SRM_1831_300s_20x20det_1_6_4   17.80 5.03 1.75 63.75 0.19 0.52 10.83 0.02 0.09 0.01 0.00
SRM_1831_300s_20x20det_1_6_5   18.03 4.97 1.79 63.60 0.20 0.52 10.77 0.02 0.09 0.01 0.00
SRM_1831_300s_20x20det_1_6_6   17.90 5.00 1.73 63.70 0.20 0.52 10.83 0.02 0.09 0.01 0.00
SRM_1831_300s_20x20det_1_6_7   18.08 4.97 1.76 63.58 0.19 0.52 10.77 0.02 0.09 0.01 0.00
SRM_1831_300s_20x20det_1_6_8   17.98 4.89 1.75 63.71 0.19 0.52 10.83 0.02 0.09 0.01 0.00
SRM_1831_300s_20x20det_1_6_9   17.68 4.94 1.76 63.88 0.20 0.53 10.89 0.02 0.09 0.01 0.00
SRM_1831_300s_20x20det_1_7_0   17.99 4.98 1.78 63.64 0.19 0.52 10.78 0.02 0.09 0.01 0.00
SRM_1831_300s_20x20det_1_7_1   17.82 5.09 1.72 63.72 0.20 0.52 10.81 0.02 0.09 0.01 0.00
SRM_1831_300s_20x20det_1_7_10  18.22 5.00 1.72 63.48 0.20 0.52 10.74 0.02 0.09 0.01 0.00
SRM_1831_300s_20x20det_1_7_11  17.77 4.99 1.72 63.80 0.20 0.53 10.87 0.02 0.09 0.01 0.00
SRM_1831_300s_20x20det_1_7_12  18.22 4.95 1.75 63.48 0.20 0.52 10.75 0.02 0.09 0.01 0.00
SRM_1831_300s_20x20det_1_7_13  17.88 4.86 1.76 63.79 0.20 0.53 10.86 0.02 0.09 0.01 0.00
SRM_1831_300s_20x20det_1_7_14  17.85 5.04 1.76 63.69 0.19 0.53 10.81 0.02 0.09 0.01 0.00
SRM_1831_300s_20x20det_1_7_15  17.87 4.89 1.75 63.78 0.20 0.53 10.86 0.02 0.09 0.01 0.00
SRM_1831_300s_20x20det_1_7_16  17.99 4.91 1.75 63.69 0.20 0.52 10.81 0.02 0.09 0.01 0.00
SRM_1831_300s_20x20det_1_7_17  18.02 4.87 1.75 63.68 0.21 0.52 10.82 0.02 0.09 0.01 0.00
SRM_1831_300s_20x20det_1_7_18  18.00 4.98 1.77 63.62 0.19 0.52 10.79 0.02 0.09 0.01 0.00
SRM_1831_300s_20x20det_1_7_19  17.99 4.94 1.71 63.70 0.19 0.53 10.83 0.02 0.09 0.01 0.00
SRM_1831_300s_20x20det_1_7_2   18.21 4.85 1.75 63.56 0.20 0.52 10.79 0.02 0.09 0.01 0.00
SRM_1831_300s_20x20det_1_7_3   17.67 5.09 1.77 63.79 0.19 0.52 10.84 0.02 0.09 0.01 0.00
SRM_1831_300s_20x20det_1_7_4   17.73 4.92 1.73 63.90 0.20 0.53 10.87 0.02 0.09 0.01 0.00
SRM_1831_300s_20x20det_1_7_5   18.11 4.93 1.78 63.56 0.20 0.52 10.78 0.02 0.09 0.01 0.00
SRM_1831_300s_20x20det_1_7_6   17.83 5.06 1.74 63.71 0.20 0.52 10.81 0.02 0.09 0.01 0.00
SRM_1831_300s_20x20det_1_7_7   18.07 4.88 1.74 63.66 0.19 0.52 10.81 0.02 0.09 0.01 0.00
SRM_1831_300s_20x20det_1_7_8   17.79 4.83 1.75 63.92 0.20 0.53 10.87 0.02 0.09 0.01 0.00
SRM_1831_300s_20x20det_1_7_9   18.19 4.95 1.76 63.51 0.19 0.52 10.75 0.02 0.09 0.01 0.00
SRM_1831_300s_20x20det_1_8_0   17.99 4.89 1.75 63.69 0.20 0.52 10.83 0.02 0.09 0.01 0.00
SRM_1831_300s_20x20det_1_8_1   18.12 5.04 1.78 63.47 0.20 0.52 10.76 0.02 0.09 0.01 0.00
SRM_1831_300s_20x20det_1_8_10  18.23 4.96 1.76 63.47 0.19 0.51 10.75 0.02 0.09 0.01 0.00
SRM_1831_300s_20x20det_1_8_11  17.97 4.91 1.79 63.68 0.20 0.52 10.81 0.02 0.09 0.01 0.00
SRM_1831_300s_20x20det_1_8_12  18.56 4.88 1.74 63.30 0.19 0.52 10.68 0.02 0.09 0.01 0.00
SRM_1831_300s_20x20det_1_8_13  18.14 4.98 1.75 63.53 0.20 0.52 10.77 0.02 0.09 0.01 0.00
SRM_1831_300s_20x20det_1_8_14  17.94 4.98 1.76 63.67 0.20 0.52 10.81 0.02 0.09 0.01 0.00
SRM_1831_300s_20x20det_1_8_15  18.59 4.95 1.71 63.25 0.20 0.51 10.68 0.02 0.09 0.01 0.00
SRM_1831_300s_20x20det_1_8_16  18.09 4.87 1.76 63.64 0.20 0.52 10.79 0.02 0.09 0.01 0.00
SRM_1831_300s_20x20det_1_8_17  18.08 4.87 1.75 63.64 0.19 0.52 10.82 0.02 0.09 0.01 0.00
SRM_1831_300s_20x20det_1_8_18  18.11 4.87 1.77 63.60 0.20 0.53 10.80 0.02 0.09 0.01 0.00
SRM_1831_300s_20x20det_1_8_19  17.79 4.94 1.77 63.81 0.19 0.52 10.85 0.02 0.09 0.01 0.00
SRM_1831_300s_20x20det_1_8_2   18.11 4.90 1.75 63.61 0.20 0.52 10.80 0.02 0.09 0.01 0.00
SRM_1831_300s_20x20det_1_8_3   17.87 4.93 1.71 63.79 0.20 0.53 10.85 0.02 0.09 0.01 0.00
SRM_1831_300s_20x20det_1_8_4   17.78 4.90 1.76 63.85 0.20 0.52 10.86 0.02 0.09 0.01 0.00
SRM_1831_300s_20x20det_1_8_5   17.96 4.97 1.74 63.67 0.20 0.52 10.81 0.02 0.09 0.01 0.00
SRM_1831_300s_20x20det_1_8_6   18.34 4.94 1.76 63.40 0.20 0.52 10.72 0.02 0.09 0.01 0.00
SRM_1831_300s_20x20det_1_8_7   17.78 4.91 1.75 63.85 0.19 0.53 10.87 0.02 0.09 0.01 0.00
SRM_1831_300s_20x20det_1_8_8   17.94 4.90 1.72 63.77 0.20 0.53 10.82 0.02 0.09 0.01 0.00
SRM_1831_300s_20x20det_1_8_9   17.80 4.84 1.76 63.87 0.20 0.53 10.88 0.02 0.09 0.01 0.00
SRM_1831_300s_20x20det_1_9_0   18.03 4.96 1.76 63.62 0.20 0.52 10.79 0.02 0.09 0.01 0.00
SRM_1831_300s_20x20det_1_9_1   18.29 5.03 1.77 63.35 0.20 0.52 10.72 0.02 0.09 0.01 0.00
SRM_1831_300s_20x20det_1_9_10  18.00 5.00 1.76 63.59 0.20 0.52 10.79 0.02 0.09 0.01 0.00
SRM_1831_300s_20x20det_1_9_11  17.96 4.90 1.76 63.73 0.20 0.52 10.82 0.02 0.09 0.01 0.00
SRM_1831_300s_20x20det_1_9_12  18.37 5.05 1.77 63.31 0.20 0.51 10.67 0.02 0.09 0.01 0.00
SRM_1831_300s_20x20det_1_9_13  18.00 4.95 1.75 63.64 0.20 0.52 10.81 0.02 0.09 0.01 0.00
SRM_1831_300s_20x20det_1_9_14  18.06 4.96 1.76 63.58 0.20 0.53 10.79 0.02 0.09 0.01 0.00
SRM_1831_300s_20x20det_1_9_15  18.02 4.95 1.72 63.67 0.20 0.52 10.79 0.02 0.09 0.01 0.00
SRM_1831_300s_20x20det_1_9_16  17.89 4.96 1.71 63.74 0.20 0.52 10.85 0.02 0.09 0.01 0.00
SRM_1831_300s_20x20det_1_9_17  17.81 4.76 1.70 63.77 0.20 0.53 11.10 0.02 0.10 0.01 0.00
SRM_1831_300s_20x20det_1_9_18  18.09 5.03 1.77 63.53 0.20 0.52 10.75 0.02 0.09 0.01 0.00
SRM_1831_300s_20x20det_1_9_19  18.12 4.94 1.71 63.62 0.19 0.52 10.77 0.02 0.09 0.01 0.00
SRM_1831_300s_20x20det_1_9_2   17.93 4.96 1.78 63.68 0.20 0.52 10.82 0.02 0.09 0.01 0.00
SRM_1831_300s_20x20det_1_9_3   18.06 4.95 1.75 63.60 0.19 0.53 10.79 0.02 0.09 0.01 0.00
SRM_1831_300s_20x20det_1_9_4   18.08 4.89 1.76 63.64 0.20 0.53 10.77 0.02 0.09 0.01 0.00
SRM_1831_300s_20x20det_1_9_5   17.77 4.93 1.75 63.83 0.20 0.53 10.87 0.02 0.09 0.01 0.00
SRM_1831_300s_20x20det_1_9_6   17.88 4.96 1.75 63.75 0.20 0.52 10.83 0.02 0.09 0.01 0.00
SRM_1831_300s_20x20det_1_9_7   18.08 4.93 1.75 63.60 0.20 0.52 10.80 0.02 0.09 0.01 0.00
SRM_1831_300s_20x20det_1_9_8   17.92 4.88 1.75 63.77 0.19 0.53 10.84 0.02 0.09 0.01 0.00
SRM_1831_300s_20x20det_1_9_9   18.13 4.93 1.76 63.54 0.19 0.52 10.79 0.02 0.09 0.01 0.00
----------------------------------------------------------------------------------------
Mean value:                    18.01 4.94 1.75 63.65 0.20 0.52 10.81 0.02 0.09 0.01 0.00
Std. Abw.:                      0.20 0.07 0.02  0.15 0.01 0.00  0.08 0.00 0.00 0.00 0.00
Std. Abw. rel. [%]:             1.12 1.32 1.12  0.23 3.52 0.92  0.73 3.25 1.03 1.66 0.00
Conf. interval:                 0.01 0.00 0.00  0.01 0.00 0.00  0.00 0.00 0.00 0.00 0.00
