Mass percent (%)

Spectrum                                  Na   Mg   Al    Si    S    K    Ca   Ti   Fe   Sr   Rh
------------------------------------------------------------------------------------------------
SRM_1831_300s_100_repeat_Rh_FE_D1_0_0  14.41 3.67 0.93 63.98 0.21 0.69 15.86 0.03 0.19 0.03 0.00
SRM_1831_300s_100_repeat_Rh_FE_D1_0_1  13.82 3.79 0.94 64.26 0.21 0.69 16.03 0.04 0.20 0.03 0.00
SRM_1831_300s_100_repeat_Rh_FE_D1_0_10 14.42 3.71 0.97 63.88 0.22 0.69 15.86 0.03 0.19 0.03 0.00
SRM_1831_300s_100_repeat_Rh_FE_D1_0_11 14.23 3.67 0.95 64.05 0.21 0.69 15.93 0.03 0.19 0.03 0.00
SRM_1831_300s_100_repeat_Rh_FE_D1_0_12 14.26 3.68 0.97 64.00 0.21 0.69 15.92 0.03 0.19 0.03 0.00
SRM_1831_300s_100_repeat_Rh_FE_D1_0_13 14.16 3.76 0.92 64.05 0.21 0.69 15.96 0.03 0.20 0.03 0.00
SRM_1831_300s_100_repeat_Rh_FE_D1_0_14 14.38 3.75 0.94 63.95 0.22 0.68 15.82 0.04 0.19 0.03 0.00
SRM_1831_300s_100_repeat_Rh_FE_D1_0_15 13.88 3.72 0.96 64.21 0.21 0.70 16.06 0.04 0.20 0.03 0.00
SRM_1831_300s_100_repeat_Rh_FE_D1_0_16 13.89 3.66 0.97 64.27 0.23 0.68 16.04 0.03 0.20 0.03 0.00
SRM_1831_300s_100_repeat_Rh_FE_D1_0_17 13.88 3.59 0.95 64.31 0.22 0.70 16.10 0.03 0.20 0.03 0.00
SRM_1831_300s_100_repeat_Rh_FE_D1_0_18 14.33 3.71 0.92 63.99 0.22 0.69 15.88 0.03 0.19 0.03 0.00
SRM_1831_300s_100_repeat_Rh_FE_D1_0_19 14.47 3.59 0.95 63.98 0.22 0.69 15.85 0.04 0.19 0.03 0.00
SRM_1831_300s_100_repeat_Rh_FE_D1_0_2  13.44 3.65 0.89 64.60 0.22 0.70 16.23 0.03 0.20 0.03 0.00
SRM_1831_300s_100_repeat_Rh_FE_D1_0_20 14.20 3.83 1.01 63.96 0.21 0.68 15.85 0.04 0.19 0.03 0.00
SRM_1831_300s_100_repeat_Rh_FE_D1_0_21 14.41 3.75 0.95 63.88 0.21 0.68 15.85 0.03 0.19 0.03 0.00
SRM_1831_300s_100_repeat_Rh_FE_D1_0_22 13.70 3.49 0.93 64.50 0.22 0.69 16.20 0.04 0.20 0.03 0.00
SRM_1831_300s_100_repeat_Rh_FE_D1_0_23 14.13 3.75 0.96 64.07 0.21 0.69 15.93 0.03 0.19 0.03 0.00
SRM_1831_300s_100_repeat_Rh_FE_D1_0_24 14.35 3.79 0.96 63.89 0.22 0.69 15.84 0.03 0.19 0.03 0.00
SRM_1831_300s_100_repeat_Rh_FE_D1_0_25 14.24 3.63 0.94 64.06 0.21 0.68 15.98 0.03 0.19 0.03 0.00
SRM_1831_300s_100_repeat_Rh_FE_D1_0_26 14.21 3.69 0.94 64.07 0.21 0.69 15.93 0.03 0.19 0.03 0.00
SRM_1831_300s_100_repeat_Rh_FE_D1_0_27 14.49 3.64 0.91 63.92 0.21 0.70 15.88 0.03 0.19 0.03 0.00
SRM_1831_300s_100_repeat_Rh_FE_D1_0_28 13.57 3.78 0.93 64.42 0.21 0.70 16.13 0.03 0.20 0.03 0.00
SRM_1831_300s_100_repeat_Rh_FE_D1_0_29 14.39 3.69 0.93 63.95 0.21 0.68 15.89 0.03 0.19 0.03 0.00
SRM_1831_300s_100_repeat_Rh_FE_D1_0_3  14.04 3.65 0.92 64.21 0.21 0.68 16.02 0.03 0.20 0.03 0.00
SRM_1831_300s_100_repeat_Rh_FE_D1_0_30 14.33 3.88 0.97 63.85 0.21 0.69 15.81 0.04 0.19 0.03 0.00
SRM_1831_300s_100_repeat_Rh_FE_D1_0_31 14.13 3.67 0.92 64.11 0.22 0.68 16.00 0.03 0.19 0.03 0.00
SRM_1831_300s_100_repeat_Rh_FE_D1_0_32 14.28 3.64 0.94 64.06 0.22 0.69 15.92 0.03 0.19 0.03 0.00
SRM_1831_300s_100_repeat_Rh_FE_D1_0_33 13.91 3.60 0.94 64.29 0.21 0.69 16.09 0.03 0.20 0.03 0.00
SRM_1831_300s_100_repeat_Rh_FE_D1_0_34 14.34 3.83 0.89 63.90 0.22 0.67 15.88 0.04 0.19 0.03 0.00
SRM_1831_300s_100_repeat_Rh_FE_D1_0_35 14.10 3.60 0.97 64.20 0.21 0.68 15.97 0.03 0.20 0.03 0.00
SRM_1831_300s_100_repeat_Rh_FE_D1_0_36 14.15 3.77 0.97 64.00 0.21 0.70 15.93 0.03 0.19 0.03 0.00
SRM_1831_300s_100_repeat_Rh_FE_D1_0_37 14.62 3.73 0.91 63.79 0.21 0.68 15.80 0.03 0.19 0.03 0.00
SRM_1831_300s_100_repeat_Rh_FE_D1_0_38 14.05 3.70 0.94 64.13 0.22 0.68 16.01 0.03 0.19 0.03 0.00
SRM_1831_300s_100_repeat_Rh_FE_D1_0_39 14.08 3.65 0.91 64.17 0.22 0.68 16.03 0.03 0.19 0.03 0.00
SRM_1831_300s_100_repeat_Rh_FE_D1_0_4  14.23 3.62 0.94 64.11 0.21 0.69 15.93 0.04 0.19 0.03 0.00
SRM_1831_300s_100_repeat_Rh_FE_D1_0_40 13.98 3.76 0.91 64.20 0.22 0.69 15.98 0.03 0.20 0.03 0.00
SRM_1831_300s_100_repeat_Rh_FE_D1_0_41 14.38 3.63 0.91 64.03 0.22 0.68 15.89 0.03 0.19 0.03 0.00
SRM_1831_300s_100_repeat_Rh_FE_D1_0_42 13.97 3.69 0.93 64.20 0.21 0.69 16.04 0.04 0.20 0.03 0.00
SRM_1831_300s_100_repeat_Rh_FE_D1_0_43 14.09 3.59 0.94 64.17 0.22 0.70 16.03 0.04 0.20 0.03 0.00
SRM_1831_300s_100_repeat_Rh_FE_D1_0_44 14.23 3.63 0.94 64.11 0.21 0.68 15.95 0.04 0.19 0.03 0.00
SRM_1831_300s_100_repeat_Rh_FE_D1_0_45 14.51 3.62 0.89 63.94 0.22 0.69 15.86 0.03 0.20 0.03 0.00
SRM_1831_300s_100_repeat_Rh_FE_D1_0_46 14.55 3.69 0.96 63.81 0.22 0.68 15.84 0.04 0.19 0.03 0.00
SRM_1831_300s_100_repeat_Rh_FE_D1_0_47 14.30 3.59 0.93 64.10 0.21 0.69 15.91 0.03 0.20 0.03 0.00
SRM_1831_300s_100_repeat_Rh_FE_D1_0_48 14.05 3.71 0.93 64.16 0.21 0.69 15.97 0.04 0.20 0.03 0.00
SRM_1831_300s_100_repeat_Rh_FE_D1_0_49 14.02 3.72 0.92 64.17 0.21 0.69 16.00 0.03 0.20 0.03 0.00
SRM_1831_300s_100_repeat_Rh_FE_D1_0_5  13.96 3.64 0.96 64.26 0.22 0.69 16.02 0.03 0.19 0.03 0.00
SRM_1831_300s_100_repeat_Rh_FE_D1_0_50 14.88 3.84 0.96 63.57 0.21 0.67 15.62 0.03 0.19 0.03 0.00
SRM_1831_300s_100_repeat_Rh_FE_D1_0_51 14.16 3.61 0.95 64.15 0.21 0.69 15.97 0.03 0.19 0.03 0.00
SRM_1831_300s_100_repeat_Rh_FE_D1_0_52 13.94 3.65 0.93 64.29 0.21 0.69 16.03 0.04 0.20 0.03 0.00
SRM_1831_300s_100_repeat_Rh_FE_D1_0_53 14.30 3.71 0.95 63.98 0.21 0.68 15.90 0.03 0.19 0.03 0.00
SRM_1831_300s_100_repeat_Rh_FE_D1_0_54 14.12 3.66 0.97 64.12 0.21 0.69 15.96 0.03 0.20 0.03 0.00
SRM_1831_300s_100_repeat_Rh_FE_D1_0_55 14.09 3.79 0.96 64.06 0.21 0.70 15.94 0.03 0.19 0.03 0.00
SRM_1831_300s_100_repeat_Rh_FE_D1_0_56 14.34 3.60 0.89 64.07 0.21 0.69 15.94 0.03 0.19 0.03 0.00
SRM_1831_300s_100_repeat_Rh_FE_D1_0_57 14.66 3.80 0.99 63.75 0.21 0.67 15.66 0.03 0.19 0.03 0.00
SRM_1831_300s_100_repeat_Rh_FE_D1_0_58 14.43 3.71 0.96 63.89 0.21 0.69 15.86 0.03 0.19 0.03 0.00
SRM_1831_300s_100_repeat_Rh_FE_D1_0_59 14.53 3.69 0.91 63.87 0.22 0.69 15.84 0.03 0.20 0.03 0.00
SRM_1831_300s_100_repeat_Rh_FE_D1_0_6  14.22 3.80 0.96 64.00 0.21 0.69 15.87 0.03 0.19 0.03 0.00
SRM_1831_300s_100_repeat_Rh_FE_D1_0_60 14.38 3.74 0.96 63.90 0.22 0.68 15.86 0.04 0.19 0.03 0.00
SRM_1831_300s_100_repeat_Rh_FE_D1_0_61 14.01 3.74 0.91 64.12 0.22 0.70 16.04 0.03 0.20 0.03 0.00
SRM_1831_300s_100_repeat_Rh_FE_D1_0_62 14.23 3.60 0.93 64.08 0.21 0.70 15.99 0.04 0.19 0.03 0.00
SRM_1831_300s_100_repeat_Rh_FE_D1_0_63 14.12 3.72 0.91 64.14 0.21 0.69 15.94 0.03 0.19 0.03 0.00
SRM_1831_300s_100_repeat_Rh_FE_D1_0_64 14.55 3.66 0.97 63.84 0.22 0.68 15.81 0.03 0.19 0.03 0.00
SRM_1831_300s_100_repeat_Rh_FE_D1_0_65 14.35 3.69 0.95 63.99 0.21 0.69 15.87 0.04 0.19 0.03 0.00
SRM_1831_300s_100_repeat_Rh_FE_D1_0_66 14.08 3.75 0.96 64.12 0.21 0.69 15.93 0.03 0.19 0.03 0.00
SRM_1831_300s_100_repeat_Rh_FE_D1_0_67 14.40 3.63 0.94 63.99 0.22 0.68 15.89 0.03 0.19 0.03 0.00
SRM_1831_300s_100_repeat_Rh_FE_D1_0_68 13.92 3.66 0.97 64.25 0.22 0.70 16.03 0.04 0.20 0.03 0.00
SRM_1831_300s_100_repeat_Rh_FE_D1_0_69 14.40 3.69 0.95 63.95 0.22 0.68 15.86 0.03 0.19 0.03 0.00
SRM_1831_300s_100_repeat_Rh_FE_D1_0_7  13.96 3.73 0.96 64.20 0.21 0.69 16.00 0.03 0.20 0.03 0.00
SRM_1831_300s_100_repeat_Rh_FE_D1_0_70 14.14 3.70 0.90 64.14 0.22 0.69 15.95 0.03 0.20 0.03 0.00
SRM_1831_300s_100_repeat_Rh_FE_D1_0_71 14.25 3.75 0.93 64.00 0.22 0.69 15.90 0.04 0.19 0.03 0.00
SRM_1831_300s_100_repeat_Rh_FE_D1_0_72 14.07 3.71 0.93 64.17 0.22 0.69 15.95 0.03 0.19 0.03 0.00
SRM_1831_300s_100_repeat_Rh_FE_D1_0_73 13.95 3.69 0.93 64.25 0.21 0.68 16.03 0.03 0.20 0.03 0.00
SRM_1831_300s_100_repeat_Rh_FE_D1_0_74 14.05 3.67 0.91 64.21 0.21 0.68 16.00 0.03 0.19 0.03 0.00
SRM_1831_300s_100_repeat_Rh_FE_D1_0_75 14.18 3.65 0.95 64.07 0.22 0.68 15.98 0.03 0.19 0.03 0.00
SRM_1831_300s_100_repeat_Rh_FE_D1_0_76 14.15 3.60 0.93 64.15 0.21 0.70 15.99 0.04 0.20 0.03 0.00
SRM_1831_300s_100_repeat_Rh_FE_D1_0_77 14.29 3.71 0.93 64.02 0.22 0.69 15.88 0.03 0.19 0.03 0.00
SRM_1831_300s_100_repeat_Rh_FE_D1_0_78 14.40 3.87 0.97 63.84 0.21 0.68 15.76 0.03 0.19 0.03 0.00
SRM_1831_300s_100_repeat_Rh_FE_D1_0_79 14.18 3.64 0.94 64.14 0.21 0.68 15.94 0.04 0.20 0.03 0.00
SRM_1831_300s_100_repeat_Rh_FE_D1_0_8  13.89 3.66 0.93 64.29 0.22 0.68 16.07 0.04 0.20 0.03 0.00
SRM_1831_300s_100_repeat_Rh_FE_D1_0_80 14.41 3.58 0.90 64.00 0.21 0.70 15.93 0.04 0.19 0.03 0.00
SRM_1831_300s_100_repeat_Rh_FE_D1_0_81 14.21 3.61 0.97 64.10 0.21 0.69 15.95 0.04 0.19 0.03 0.00
SRM_1831_300s_100_repeat_Rh_FE_D1_0_82 14.11 3.73 0.90 64.16 0.21 0.69 15.93 0.03 0.19 0.03 0.00
SRM_1831_300s_100_repeat_Rh_FE_D1_0_83 14.08 3.71 0.95 64.14 0.22 0.68 15.96 0.03 0.20 0.03 0.00
SRM_1831_300s_100_repeat_Rh_FE_D1_0_84 13.88 3.77 0.97 64.23 0.22 0.68 15.98 0.03 0.20 0.03 0.00
SRM_1831_300s_100_repeat_Rh_FE_D1_0_85 14.39 3.80 0.95 63.92 0.21 0.68 15.79 0.04 0.19 0.03 0.00
SRM_1831_300s_100_repeat_Rh_FE_D1_0_86 14.21 3.73 0.91 64.09 0.22 0.69 15.89 0.03 0.19 0.03 0.00
SRM_1831_300s_100_repeat_Rh_FE_D1_0_87 14.05 3.78 0.92 64.12 0.22 0.68 15.96 0.03 0.19 0.03 0.00
SRM_1831_300s_100_repeat_Rh_FE_D1_0_88 14.16 3.82 0.96 64.00 0.22 0.67 15.91 0.03 0.19 0.03 0.00
SRM_1831_300s_100_repeat_Rh_FE_D1_0_89 14.45 3.63 0.96 63.97 0.21 0.68 15.85 0.03 0.19 0.03 0.00
SRM_1831_300s_100_repeat_Rh_FE_D1_0_9  14.19 3.59 0.92 64.13 0.21 0.68 16.01 0.03 0.19 0.03 0.00
SRM_1831_300s_100_repeat_Rh_FE_D1_0_90 14.03 3.74 0.95 64.13 0.22 0.69 15.97 0.03 0.19 0.03 0.00
SRM_1831_300s_100_repeat_Rh_FE_D1_0_91 14.24 3.75 0.96 63.98 0.22 0.70 15.89 0.03 0.20 0.03 0.00
SRM_1831_300s_100_repeat_Rh_FE_D1_0_92 14.22 3.63 0.96 64.09 0.22 0.69 15.94 0.03 0.19 0.03 0.00
SRM_1831_300s_100_repeat_Rh_FE_D1_0_93 14.31 3.60 0.94 64.06 0.22 0.68 15.93 0.04 0.19 0.03 0.00
SRM_1831_300s_100_repeat_Rh_FE_D1_0_94 13.94 3.68 0.93 64.28 0.22 0.68 16.00 0.04 0.20 0.03 0.00
SRM_1831_300s_100_repeat_Rh_FE_D1_0_95 14.12 3.60 0.97 64.16 0.21 0.69 15.98 0.03 0.19 0.03 0.00
SRM_1831_300s_100_repeat_Rh_FE_D1_0_96 14.14 3.75 0.90 64.09 0.21 0.70 15.95 0.03 0.19 0.03 0.00
SRM_1831_300s_100_repeat_Rh_FE_D1_0_97 14.11 3.76 0.94 64.09 0.22 0.69 15.93 0.03 0.19 0.03 0.00
SRM_1831_300s_100_repeat_Rh_FE_D1_0_98 13.96 3.72 0.95 64.24 0.21 0.69 15.97 0.03 0.19 0.03 0.00
SRM_1831_300s_100_repeat_Rh_FE_D1_0_99 14.40 3.58 0.94 64.03 0.21 0.68 15.90 0.03 0.19 0.03 0.00
------------------------------------------------------------------------------------------------
Mean value:                            14.19 3.69 0.94 64.08 0.21 0.69 15.94 0.03 0.19 0.03 0.00
Std. Abw.:                              0.23 0.07 0.02  0.16 0.00 0.01  0.09 0.00 0.00 0.00 0.00
Std. Abw. rel. [%]:                     1.60 2.01 2.49  0.24 2.12 0.99  0.58 3.20 0.86 1.92 0.00
Conf. interval:                         0.02 0.01 0.00  0.02 0.00 0.00  0.01 0.00 0.00 0.00 0.00
