ROI net sum

Spectrum                                 Na   Mg    Al      Si    S     K      Ca   Ti    Fe    Sr    Rh
--------------------------------------------------------------------------------------------------------
SRM_1831_300s_100_repeat_Rh_FE_D2_0_0  8781 9352 13021 1082963 8307 28460 1088349 4069 69386 23029 71607
SRM_1831_300s_100_repeat_Rh_FE_D2_0_1  8796 9063 12756 1078180 8458 28717 1084536 4199 70372 22606 72265
SRM_1831_300s_100_repeat_Rh_FE_D2_0_10 8842 9318 12825 1075552 8285 28819 1085237 4265 69732 22292 72740
SRM_1831_300s_100_repeat_Rh_FE_D2_0_11 8768 9268 12849 1076587 8437 29353 1083416 4345 69382 21952 71964
SRM_1831_300s_100_repeat_Rh_FE_D2_0_12 8783 9102 13030 1076086 8085 29048 1084629 4333 69906 23068 71456
SRM_1831_300s_100_repeat_Rh_FE_D2_0_13 8702 9431 12837 1077281 8198 28921 1082178 4209 70552 22657 72082
SRM_1831_300s_100_repeat_Rh_FE_D2_0_14 8676 9372 12660 1077475 8170 28643 1083028 4309 69920 22618 71215
SRM_1831_300s_100_repeat_Rh_FE_D2_0_15 9069 9191 12791 1078774 8295 28623 1085858 4643 69277 22526 71613
SRM_1831_300s_100_repeat_Rh_FE_D2_0_16 8747 9293 12728 1079486 8268 28641 1083746 4360 70405 22506 71832
SRM_1831_300s_100_repeat_Rh_FE_D2_0_17 8848 9260 12657 1079267 8078 28940 1084787 4314 69851 22781 72093
SRM_1831_300s_100_repeat_Rh_FE_D2_0_18 8691 9301 12798 1078684 8277 29164 1084406 4409 70384 23023 72244
SRM_1831_300s_100_repeat_Rh_FE_D2_0_19 8883 9175 12503 1079368 7879 28725 1087166 4303 69278 22723 72216
SRM_1831_300s_100_repeat_Rh_FE_D2_0_2  8877 9133 12994 1078768 8149 29095 1084573 4168 70422 22284 71932
SRM_1831_300s_100_repeat_Rh_FE_D2_0_20 8820 9315 12713 1078252 7772 28943 1084711 4027 70517 22294 72104
SRM_1831_300s_100_repeat_Rh_FE_D2_0_21 8856 9175 12825 1079486 8336 29043 1084102 4244 70648 22774 72666
SRM_1831_300s_100_repeat_Rh_FE_D2_0_22 8954 9262 12800 1080923 8116 28871 1085303 3946 69903 22414 71589
SRM_1831_300s_100_repeat_Rh_FE_D2_0_23 8891 9367 13014 1079898 8190 29010 1085604 4222 69879 22574 72494
SRM_1831_300s_100_repeat_Rh_FE_D2_0_24 8865 9272 12976 1079343 8139 28827 1084356 4425 69845 22918 72688
SRM_1831_300s_100_repeat_Rh_FE_D2_0_25 8722 9163 12761 1078554 7985 28684 1087184 4150 69932 22853 71946
SRM_1831_300s_100_repeat_Rh_FE_D2_0_26 8969 9173 12971 1078028 7976 28875 1084211 4297 68955 22878 71633
SRM_1831_300s_100_repeat_Rh_FE_D2_0_27 8833 9282 12788 1080637 8430 28975 1086904 4288 70012 23331 72375
SRM_1831_300s_100_repeat_Rh_FE_D2_0_28 8669 9393 12766 1079359 7921 29075 1085635 4268 69933 22853 71857
SRM_1831_300s_100_repeat_Rh_FE_D2_0_29 8749 9156 12638 1077692 8094 28863 1085967 4304 69813 23792 72422
SRM_1831_300s_100_repeat_Rh_FE_D2_0_3  8780 9243 13124 1077720 8110 28999 1085286 4318 69608 23502 71374
SRM_1831_300s_100_repeat_Rh_FE_D2_0_30 8757 9289 12566 1080373 8156 28920 1087000 4341 70351 22945 72045
SRM_1831_300s_100_repeat_Rh_FE_D2_0_31 8922 9462 12917 1077242 8054 28824 1082695 4130 68653 23411 71812
SRM_1831_300s_100_repeat_Rh_FE_D2_0_32 8812 9506 13040 1081650 8378 29068 1086490 4297 69773 22530 71805
SRM_1831_300s_100_repeat_Rh_FE_D2_0_33 8685 9166 12915 1080185 8239 28841 1087694 3921 69976 22140 71762
SRM_1831_300s_100_repeat_Rh_FE_D2_0_34 9015 9346 12971 1080035 8318 29290 1085419 4288 70438 23275 73076
SRM_1831_300s_100_repeat_Rh_FE_D2_0_35 8822 9400 12672 1077771 8062 28950 1085519 4303 69798 22589 71117
SRM_1831_300s_100_repeat_Rh_FE_D2_0_36 9008 9304 12744 1079198 8210 28932 1085669 4296 70336 23007 72137
SRM_1831_300s_100_repeat_Rh_FE_D2_0_37 8822 9294 12819 1077706 8194 28910 1087871 4271 70042 22881 71745
SRM_1831_300s_100_repeat_Rh_FE_D2_0_38 8869 9352 12679 1080154 8350 29018 1087616 4128 69778 22686 72738
SRM_1831_300s_100_repeat_Rh_FE_D2_0_39 8805 9332 12521 1077293 8116 28648 1084518 4200 70139 22505 71894
SRM_1831_300s_100_repeat_Rh_FE_D2_0_4  8812 9335 12989 1079242 8230 29172 1087492 4378 71091 23047 72028
SRM_1831_300s_100_repeat_Rh_FE_D2_0_40 8836 9352 12718 1079371 8070 28733 1086057 4169 70351 22643 72764
SRM_1831_300s_100_repeat_Rh_FE_D2_0_41 8871 9407 12687 1078170 8020 29162 1084657 4593 69677 22412 72523
SRM_1831_300s_100_repeat_Rh_FE_D2_0_42 8662 9397 12677 1078710 8271 29158 1085648 4289 69722 22754 71643
SRM_1831_300s_100_repeat_Rh_FE_D2_0_43 8750 9256 12905 1079130 8334 29133 1084259 4107 69909 22650 72242
SRM_1831_300s_100_repeat_Rh_FE_D2_0_44 8746 9264 12827 1075543 8433 29072 1084060 4274 69639 23104 71798
SRM_1831_300s_100_repeat_Rh_FE_D2_0_45 8811 9144 12703 1079358 8392 28975 1085698 4510 69865 22472 71929
SRM_1831_300s_100_repeat_Rh_FE_D2_0_46 8775 9312 12882 1079351 8212 29082 1086110 4216 69575 22488 72545
SRM_1831_300s_100_repeat_Rh_FE_D2_0_47 8778 9155 12635 1079332 8316 28584 1085559 4091 69538 22465 72381
SRM_1831_300s_100_repeat_Rh_FE_D2_0_48 8923 9337 12960 1079004 8184 29155 1085558 4218 69729 23520 72320
SRM_1831_300s_100_repeat_Rh_FE_D2_0_49 8830 9330 12812 1079119 8149 28615 1087432 4394 70238 23562 72045
SRM_1831_300s_100_repeat_Rh_FE_D2_0_5  8957 9402 12935 1080982 8297 29078 1088601 4182 70278 23306 72098
SRM_1831_300s_100_repeat_Rh_FE_D2_0_50 8648 9216 12689 1078992 8237 28827 1086037 4361 69680 22735 72228
SRM_1831_300s_100_repeat_Rh_FE_D2_0_51 8837 9192 12768 1080226 8342 28673 1085438 4197 70118 23185 72194
SRM_1831_300s_100_repeat_Rh_FE_D2_0_52 8787 9278 12883 1079519 8230 29015 1086875 4234 70586 22437 71835
SRM_1831_300s_100_repeat_Rh_FE_D2_0_53 8797 9250 13001 1076458 8127 28988 1084863 4311 70461 22033 70889
SRM_1831_300s_100_repeat_Rh_FE_D2_0_54 8772 9270 12911 1077786 8386 29123 1085763 4137 69974 22555 71846
SRM_1831_300s_100_repeat_Rh_FE_D2_0_55 9016 9483 13075 1079822 8342 28930 1085460 4274 70290 22818 71864
SRM_1831_300s_100_repeat_Rh_FE_D2_0_56 8761 9387 12717 1079693 8148 29215 1085377 4169 69810 22667 72148
SRM_1831_300s_100_repeat_Rh_FE_D2_0_57 8933 9281 12823 1081138 8220 28826 1087575 4399 69479 23113 71550
SRM_1831_300s_100_repeat_Rh_FE_D2_0_58 8950 9285 12532 1080579 8040 29127 1087159 4376 70327 22697 71536
SRM_1831_300s_100_repeat_Rh_FE_D2_0_59 8982 9289 12833 1080423 8344 29200 1087423 4229 69782 22751 72362
SRM_1831_300s_100_repeat_Rh_FE_D2_0_6  8755 9285 12815 1077303 8061 29139 1086119 4084 68984 22606 72388
SRM_1831_300s_100_repeat_Rh_FE_D2_0_60 8863 9317 12899 1080881 8106 28987 1087345 4442 69717 22739 73029
SRM_1831_300s_100_repeat_Rh_FE_D2_0_61 8879 9286 12586 1079861 8328 29064 1088481 4477 69381 22952 71886
SRM_1831_300s_100_repeat_Rh_FE_D2_0_62 8779 9152 12723 1078856 8277 28946 1087513 4357 69206 23094 71432
SRM_1831_300s_100_repeat_Rh_FE_D2_0_63 8815 9195 12907 1080324 8296 29194 1087063 4390 69848 23494 72184
SRM_1831_300s_100_repeat_Rh_FE_D2_0_64 8836 9487 13022 1078203 8391 28856 1084318 4362 69669 22765 72095
SRM_1831_300s_100_repeat_Rh_FE_D2_0_65 8972 9368 12599 1078646 8439 28956 1088212 4275 70043 22519 72535
SRM_1831_300s_100_repeat_Rh_FE_D2_0_66 8701 9280 12961 1078189 8428 28999 1084783 4575 69796 22783 71661
SRM_1831_300s_100_repeat_Rh_FE_D2_0_67 8934 9223 12669 1082241 8324 29003 1087513 4456 70330 22672 71375
SRM_1831_300s_100_repeat_Rh_FE_D2_0_68 8771 9213 12923 1079056 8367 29494 1086513 4259 69509 22859 72212
SRM_1831_300s_100_repeat_Rh_FE_D2_0_69 8675 9161 12454 1079201 8029 28826 1087262 4496 70043 22902 71977
SRM_1831_300s_100_repeat_Rh_FE_D2_0_7  8796 9347 12755 1078585 8167 29093 1084003 4264 69669 22511 72229
SRM_1831_300s_100_repeat_Rh_FE_D2_0_70 8978 9280 12546 1080772 8019 29021 1086612 4185 70149 23317 71737
SRM_1831_300s_100_repeat_Rh_FE_D2_0_71 8937 9303 12782 1080059 8302 28823 1087041 4577 70286 23027 73350
SRM_1831_300s_100_repeat_Rh_FE_D2_0_72 8927 9404 12967 1079384 8256 29258 1087346 4714 70333 22817 72310
SRM_1831_300s_100_repeat_Rh_FE_D2_0_73 9090 9244 12805 1079083 8370 28897 1086388 4193 69796 22871 72207
SRM_1831_300s_100_repeat_Rh_FE_D2_0_74 8839 9519 12886 1080138 8169 28867 1084819 4448 70069 22973 71751
SRM_1831_300s_100_repeat_Rh_FE_D2_0_75 8821 9160 12747 1078729 8085 28838 1085954 4292 69629 22506 72738
SRM_1831_300s_100_repeat_Rh_FE_D2_0_76 8898 9329 12879 1080545 8135 28513 1086777 4173 69725 22270 72412
SRM_1831_300s_100_repeat_Rh_FE_D2_0_77 8831 9248 12883 1077610 8116 29257 1085326 4072 69418 23365 71887
SRM_1831_300s_100_repeat_Rh_FE_D2_0_78 8751 9207 12796 1077329 8118 28843 1086622 4561 70104 22210 71833
SRM_1831_300s_100_repeat_Rh_FE_D2_0_79 8899 9252 12875 1082095 8322 29153 1087043 4467 70204 22579 72269
SRM_1831_300s_100_repeat_Rh_FE_D2_0_8  8643 9047 12617 1076345 7966 28892 1082899 4539 69641 23163 72054
SRM_1831_300s_100_repeat_Rh_FE_D2_0_80 8805 9473 12847 1080902 8179 28780 1086541 4387 70201 22657 71751
SRM_1831_300s_100_repeat_Rh_FE_D2_0_81 8654 9200 13058 1080478 8325 28864 1085250 4419 70189 22997 72313
SRM_1831_300s_100_repeat_Rh_FE_D2_0_82 8744 9378 12773 1080355 8269 29012 1086941 4478 70183 23137 71892
SRM_1831_300s_100_repeat_Rh_FE_D2_0_83 8822 9254 12732 1078956 8031 29148 1086407 4292 69589 23112 71754
SRM_1831_300s_100_repeat_Rh_FE_D2_0_84 8731 9388 12692 1079128 8290 28743 1084354 4408 69713 23000 72471
SRM_1831_300s_100_repeat_Rh_FE_D2_0_85 8874 9227 12739 1081124 8051 29011 1086547 4215 70086 22675 72157
SRM_1831_300s_100_repeat_Rh_FE_D2_0_86 8805 9216 12909 1079810 8264 28792 1085941 4256 69304 23306 71723
SRM_1831_300s_100_repeat_Rh_FE_D2_0_87 8839 9341 13018 1080641 8207 28922 1086968 4274 69610 22835 72339
SRM_1831_300s_100_repeat_Rh_FE_D2_0_88 8889 9223 12737 1081066 8448 29022 1087571 4468 70455 24038 71655
SRM_1831_300s_100_repeat_Rh_FE_D2_0_89 8904 9249 12643 1079214 8477 29168 1085727 4362 70028 22663 71922
SRM_1831_300s_100_repeat_Rh_FE_D2_0_9  8770 9231 12996 1075279 8123 28844 1082331 4344 68990 22941 72075
SRM_1831_300s_100_repeat_Rh_FE_D2_0_90 8802 9329 12727 1079740 8081 28878 1086501 4321 69967 23122 73220
SRM_1831_300s_100_repeat_Rh_FE_D2_0_91 9070 9240 12938 1081302 8123 28949 1085756 4325 69542 22857 72061
SRM_1831_300s_100_repeat_Rh_FE_D2_0_92 8707 9433 12946 1080518 8222 28808 1084674 4258 69829 22418 71769
SRM_1831_300s_100_repeat_Rh_FE_D2_0_93 8802 9139 12633 1073560 7993 28861 1081254 4403 69333 22910 71597
SRM_1831_300s_100_repeat_Rh_FE_D2_0_94 8882 9041 12531 1080651 8020 28805 1085686 4523 69731 22847 71923
SRM_1831_300s_100_repeat_Rh_FE_D2_0_95 8609 9256 12670 1079974 8176 28927 1085464 4341 69861 22256 71980
SRM_1831_300s_100_repeat_Rh_FE_D2_0_96 8840 9321 12800 1079651 8278 28822 1086571 4004 70323 22621 71900
SRM_1831_300s_100_repeat_Rh_FE_D2_0_97 8767 9170 12729 1077469 8034 29148 1087719 4282 69848 22586 71783
SRM_1831_300s_100_repeat_Rh_FE_D2_0_98 8854 9177 12398 1078593 8245 28562 1083282 4173 69933 23229 72111
SRM_1831_300s_100_repeat_Rh_FE_D2_0_99 8796 9232 12886 1077634 8428 28952 1084248 4130 69457 22379 71767


Mean value:                            8827 9280 12801 1079114 8207 28945 1085764 4300 69890 22812 72050
Std. Abw.:                               99  100   151    1588  144   190    1495  146   411   374   430
Std. Abw. rel. [%]:                    1.12 1.08  1.18    0.15 1.76  0.66    0.14 3.41  0.59  1.64  0.60
Conf. interval:                          10   10    15     159   14    19     150   15    41    37    43
