ROI sum

Spectrum                                  Na    Mg    Al      Si     S    Cl     K      Ca    Ti     V    Mn    Fe    Ni    Zn    Rb    Sr    Zr     Rh    Cd
-------------------------------------------------------------------------------------------------------------------------------------------------------------
SRM_1831_300s_100_repeat_Rh_FE_D1_0_0  10009 10704 14096 1030844 10502 23050 31524 1036422  9828 11473 20724 91129 38968 59307 69871 80417 55873  95531  9631
SRM_1831_300s_100_repeat_Rh_FE_D1_0_1   9785 10795 13993 1030228 10383 23050 31597 1036156 10002 11461 20528 91274 38331 59699 70086 79977 55937  96044  9507
SRM_1831_300s_100_repeat_Rh_FE_D1_0_10  9947 10677 14061 1024260 10500 23188 31293 1032948  9823 11486 20387 90630 38490 59159 69698 80404 55482  95946  9823
SRM_1831_300s_100_repeat_Rh_FE_D1_0_11  9885 10574 14077 1026752 10516 23130 31359 1033405  9836 11310 20531 91372 38659 59213 69460 80302 55137  95688  9656
SRM_1831_300s_100_repeat_Rh_FE_D1_0_12  9952 10643 14140 1026507 10283 23084 31433 1034248  9886 11567 20643 90929 38816 59316 69578 80464 56128  95577  9526
SRM_1831_300s_100_repeat_Rh_FE_D1_0_13  9891 10802 13884 1024282 10411 23023 31376 1033866 10048 11350 20850 91463 38811 59409 69927 80092 55378  95519  9521
SRM_1831_300s_100_repeat_Rh_FE_D1_0_14  9962 10580 13847 1026561 10418 23001 30990 1031411  9942 11429 20690 90898 38704 58893 69632 79874 55623  95299  9513
SRM_1831_300s_100_repeat_Rh_FE_D1_0_15  9847 10774 14111 1026691 10482 23011 31447 1035588  9990 11459 20627 90535 38586 59688 69688 80080 55685  95462  9557
SRM_1831_300s_100_repeat_Rh_FE_D1_0_16  9790 10615 13954 1027763 10652 23173 31208 1034811  9858 11483 20717 91243 38673 59525 69944 80184 55617  95505  9444
SRM_1831_300s_100_repeat_Rh_FE_D1_0_17  9757 10514 13918 1026906 10405 23082 31624 1034087  9945 11549 20675 90731 38680 59645 69522 80488 55775  95598  9630
SRM_1831_300s_100_repeat_Rh_FE_D1_0_18 10046 10709 13927 1028248 10558 22840 31499 1035042  9873 11560 20591 91503 38585 59082 69645 80269 56201  95973  9309
SRM_1831_300s_100_repeat_Rh_FE_D1_0_19 10027 10508 14088 1028941 10641 23079 31336 1034324  9944 11526 20642 91199 38661 59852 69724 80703 55697  96322  9609
SRM_1831_300s_100_repeat_Rh_FE_D1_0_2   9630 10664 13838 1030239 10621 22918 31494 1036344  9746 11560 20689 90801 38318 59810 70051 80472 55346  96043  9635
SRM_1831_300s_100_repeat_Rh_FE_D1_0_20  9948 10795 14244 1028231 10429 22859 31411 1035254 10005 11423 20562 90431 38532 59720 70428 80075 55928  95915  9527
SRM_1831_300s_100_repeat_Rh_FE_D1_0_21  9988 10797 14087 1028283 10413 23263 31318 1036555  9808 11532 20694 91320 38386 59379 70006 80570 56235  95939  9598
SRM_1831_300s_100_repeat_Rh_FE_D1_0_22  9704 10554 14070 1028476 10494 23100 31315 1035928  9842 11430 20504 91330 38591 59470 69716 80891 55739  96212  9736
SRM_1831_300s_100_repeat_Rh_FE_D1_0_23  9912 10768 14084 1028158 10388 22972 31410 1035199  9849 11562 20606 90848 38738 59917 69665 80759 56230  96214  9604
SRM_1831_300s_100_repeat_Rh_FE_D1_0_24 10033 10694 14064 1027474 10568 23003 31702 1035675  9836 11619 20668 91056 39034 59177 69739 80463 55468  95753  9556
SRM_1831_300s_100_repeat_Rh_FE_D1_0_25  9917 10587 14012 1027073 10374 23107 31091 1037948  9919 11632 20788 91398 38403 59560 70199 80345 55405  96462  9616
SRM_1831_300s_100_repeat_Rh_FE_D1_0_26  9911 10708 13885 1028128 10548 23307 31448 1035152  9865 11571 20742 91241 38605 59520 69776 80287 55463  96194  9606
SRM_1831_300s_100_repeat_Rh_FE_D1_0_27 10133 10707 13961 1028425 10350 22777 31734 1036198  9827 11605 20597 91373 38732 59505 70054 79952 55613  95951  9703
SRM_1831_300s_100_repeat_Rh_FE_D1_0_28  9543 10858 13891 1029735 10521 22962 31491 1036491  9759 11535 20798 91141 38568 59254 70041 79989 55680  96446  9592
SRM_1831_300s_100_repeat_Rh_FE_D1_0_29  9931 10657 13938 1027780 10494 23013 31281 1035563  9954 11540 20833 90688 38770 59051 70395 80113 55933  96096  9458
SRM_1831_300s_100_repeat_Rh_FE_D1_0_3   9832 10683 13898 1028974 10308 23080 31151 1037148  9665 11720 20770 91707 38600 59591 69720 80478 55857  95842  9501
SRM_1831_300s_100_repeat_Rh_FE_D1_0_30 10026 10950 14071 1025303 10332 22997 31416 1034102 10047 11276 20887 91212 38379 59640 69322 80339 55419  95618  9554
SRM_1831_300s_100_repeat_Rh_FE_D1_0_31  9851 10696 13947 1027638 10585 23350 31096 1036693  9923 11490 20510 90743 38775 59647 70058 80315 55502  96239  9465
SRM_1831_300s_100_repeat_Rh_FE_D1_0_32  9893 10521 14038 1028555 10610 23290 31457 1033844  9895 11591 20677 91245 38534 59974 70015 80360 55502  95955  9856
SRM_1831_300s_100_repeat_Rh_FE_D1_0_33  9853 10667 14065 1028456 10387 22790 31300 1037037  9838 11452 20774 91383 38741 59363 69445 80991 55389  96402  9758
SRM_1831_300s_100_repeat_Rh_FE_D1_0_34 10044 10944 13785 1026818 10535 23159 31153 1036103  9916 11438 20573 91177 38782 59542 69691 80502 55422  96134  9651
SRM_1831_300s_100_repeat_Rh_FE_D1_0_35  9837 10539 14046 1030003 10403 23166 31433 1035442  9924 11576 20798 91287 38803 59899 69775 80028 55816  96003  9597
SRM_1831_300s_100_repeat_Rh_FE_D1_0_36  9892 10748 14154 1024854 10441 23002 31543 1035159  9963 11457 20673 90854 38720 58969 69790 80298 55763  95747  9410
SRM_1831_300s_100_repeat_Rh_FE_D1_0_37 10010 10661 13775 1028322 10468 23048 31469 1036203  9852 11395 20569 91735 38570 59649 70049 80039 55429  95927  9605
SRM_1831_300s_100_repeat_Rh_FE_D1_0_38  9780 10638 13999 1028358 10599 23181 31156 1037409  9969 11664 20597 90817 38656 59445 70032 80742 55710  95577  9486
SRM_1831_300s_100_repeat_Rh_FE_D1_0_39  9831 10708 13806 1026942 10458 22795 30994 1035688  9772 11573 20936 91205 38134 59028 70283 80104 55459  96256  9454
SRM_1831_300s_100_repeat_Rh_FE_D1_0_4   9876 10516 14000 1029277 10492 23077 31373 1035043 10028 11479 20709 90809 38792 59656 69723 80364 55964  95905  9583
SRM_1831_300s_100_repeat_Rh_FE_D1_0_40  9757 10707 13851 1027091 10568 22615 31351 1032493  9768 11525 20619 91142 38259 59256 69836 80636 55368  95757  9568
SRM_1831_300s_100_repeat_Rh_FE_D1_0_41 10005 10642 13796 1028950 10492 23168 31387 1035145  9777 11263 20894 91215 38655 59544 70054 80366 55930  96869  9411
SRM_1831_300s_100_repeat_Rh_FE_D1_0_42  9829 10625 14070 1027358 10536 23226 31261 1035208 10017 11336 20964 90576 38528 59154 69618 80149 55319  95623  9510
SRM_1831_300s_100_repeat_Rh_FE_D1_0_43  9806 10523 14003 1025027 10440 23009 31605 1034275  9942 11423 20874 91032 38740 59399 69860 79599 55326  95644  9487
SRM_1831_300s_100_repeat_Rh_FE_D1_0_44  9896 10578 14009 1027100 10482 23112 31187 1034482  9784 11619 20728 90769 38679 59618 69955 80237 55514  96170  9461
SRM_1831_300s_100_repeat_Rh_FE_D1_0_45 10027 10501 13884 1025214 10720 22908 31410 1032134  9853 11281 20633 91248 38418 59445 69757 80033 55739  95971  9659
SRM_1831_300s_100_repeat_Rh_FE_D1_0_46 10092 10655 14140 1025842 10612 22820 31493 1035704  9951 11301 20514 90776 38804 59813 70162 80712 55814  95928  9635
SRM_1831_300s_100_repeat_Rh_FE_D1_0_47  9920 10563 13976 1031240 10311 23098 31643 1034841  9756 11351 20773 91309 39154 59841 70467 80245 55691  96218  9574
SRM_1831_300s_100_repeat_Rh_FE_D1_0_48  9855 10726 13932 1029427 10570 23136 31381 1035654  9889 11524 20557 90894 38789 59322 70026 80837 55540  96128  9695
SRM_1831_300s_100_repeat_Rh_FE_D1_0_49  9845 10751 13872 1028533 10478 22812 31298 1036204  9812 11507 20638 91272 38728 59363 69976 80631 55925  96431  9452
SRM_1831_300s_100_repeat_Rh_FE_D1_0_5   9727 10541 13988 1029723 10537 23028 31444 1035664  9753 11615 20920 90668 38390 59769 70315 80837 55939  95666  9652
SRM_1831_300s_100_repeat_Rh_FE_D1_0_50 10177 10787 13999 1029017 10466 23011 31410 1034743 10023 11446 20535 91018 38521 59506 69992 80427 55734  95388  9481
SRM_1831_300s_100_repeat_Rh_FE_D1_0_51  9819 10553 14099 1028996 10377 23010 31591 1035361  9853 11548 20584 90689 38511 59884 70216 79558 55468  95561  9656
SRM_1831_300s_100_repeat_Rh_FE_D1_0_52  9883 10688 14009 1030363 10277 22848 31310 1035148  9984 11402 20698 90978 38598 59276 70282 80209 55610  95231  9694
SRM_1831_300s_100_repeat_Rh_FE_D1_0_53  9945 10732 14107 1025377 10470 22981 31180 1034308  9793 11464 20829 90951 38428 59325 69946 80543 55724  96134  9609
SRM_1831_300s_100_repeat_Rh_FE_D1_0_54  9958 10717 14118 1028569 10471 22953 31427 1036119  9874 11351 20985 91232 38889 59080 70338 80616 55683  96076  9520
SRM_1831_300s_100_repeat_Rh_FE_D1_0_55  9847 10894 14038 1027885 10528 22836 31679 1036145  9764 11581 20982 90960 38916 59872 70048 80526 55673  95190  9575
SRM_1831_300s_100_repeat_Rh_FE_D1_0_56 10020 10700 13812 1028110 10364 22690 31440 1035518  9859 11471 20494 91074 38806 59380 69678 80304 55382  95640  9556
SRM_1831_300s_100_repeat_Rh_FE_D1_0_57 10074 10768 14158 1031024 10563 23047 31336 1034838  9895 11519 20874 90859 39018 59200 70024 80377 55391  96025  9664
SRM_1831_300s_100_repeat_Rh_FE_D1_0_58  9952 10693 14182 1027100 10433 22983 31522 1036321  9809 11453 20961 91468 38581 60013 69776 80443 55489  96189  9708
SRM_1831_300s_100_repeat_Rh_FE_D1_0_59 10053 10658 13989 1028652 10494 22803 31626 1036095  9887 11489 20703 91349 38715 59656 69728 80556 55795  96045  9505
SRM_1831_300s_100_repeat_Rh_FE_D1_0_6   9982 10882 14145 1028001 10401 22986 31585 1035174  9972 11392 20460 91140 38506 60086 69723 80096 55459  96162  9704
SRM_1831_300s_100_repeat_Rh_FE_D1_0_60  9980 10725 14028 1026266 10527 23122 31297 1035395  9917 11459 20542 91121 38365 59348 70128 80531 55208  96158  9735
SRM_1831_300s_100_repeat_Rh_FE_D1_0_61  9860 10833 13906 1027089 10382 22937 31780 1037726  9962 11506 21003 91279 38990 59120 69820 80628 55494  95907  9539
SRM_1831_300s_100_repeat_Rh_FE_D1_0_62  9803 10557 13937 1027700 10586 23040 31626 1036508  9919 11550 20757 91229 38676 59691 69147 80263 55978  95933  9472
SRM_1831_300s_100_repeat_Rh_FE_D1_0_63  9916 10761 13932 1029525 10413 23003 31380 1034559  9831 11391 20753 91200 38647 59954 70107 80330 55767  95764  9494
SRM_1831_300s_100_repeat_Rh_FE_D1_0_64 10078 10632 14123 1029747 10631 23033 31462 1036971  9899 11583 20649 91287 38821 59477 70132 80045 55954  95999  9396
SRM_1831_300s_100_repeat_Rh_FE_D1_0_65 10055 10684 14030 1028793 10424 23114 31179 1035726 10091 11323 20904 91410 38675 59967 69810 80620 55882  95451  9530
SRM_1831_300s_100_repeat_Rh_FE_D1_0_66  9879 10744 14171 1028819 10398 23036 31530 1035032  9953 11469 20729 91584 38569 60085 69727 80576 55805  96005  9550
SRM_1831_300s_100_repeat_Rh_FE_D1_0_67  9962 10570 13828 1028596 10530 23089 31349 1036645  9884 11602 20735 91144 38662 59134 69906 80210 55436  95277  9545
SRM_1831_300s_100_repeat_Rh_FE_D1_0_68  9894 10771 14270 1029495 10579 23127 31622 1036114  9914 11663 20978 91238 38791 59352 69701 79985 55395  95881  9661
SRM_1831_300s_100_repeat_Rh_FE_D1_0_69  9973 10593 14021 1028376 10567 22842 31350 1035068  9845 11369 20920 90755 38892 59285 69779 80703 55262  95832  9549
SRM_1831_300s_100_repeat_Rh_FE_D1_0_7   9714 10651 14020 1027185 10365 22857 31597 1035560  9778 11368 20517 90778 38880 59435 69476 80141 55871  95945  9642
SRM_1831_300s_100_repeat_Rh_FE_D1_0_70  9910 10770 13863 1030432 10613 23298 31647 1037074  9907 11370 20497 91434 38715 59314 69883 80259 55380  95664  9681
SRM_1831_300s_100_repeat_Rh_FE_D1_0_71  9889 10687 14002 1027429 10573 22888 31477 1034410  9766 11561 20467 91158 38568 59211 69698 80338 55553  96248  9763
SRM_1831_300s_100_repeat_Rh_FE_D1_0_72  9845 10648 13899 1028886 10492 23296 31384 1035296  9768 11471 20926 90791 38751 59353 69574 80641 55906  95524  9565
SRM_1831_300s_100_repeat_Rh_FE_D1_0_73  9819 10701 13847 1028452 10339 23151 31298 1035042  9891 11406 20921 91359 38687 59796 70222 80205 55043  95664  9645
SRM_1831_300s_100_repeat_Rh_FE_D1_0_74  9837 10639 13811 1029291 10423 23005 31483 1035075  9938 11613 20690 90677 38983 59289 70089 80812 55454  95928  9468
SRM_1831_300s_100_repeat_Rh_FE_D1_0_75  9855 10635 14054 1027552 10603 23019 31101 1035889  9767 11459 20766 91221 38445 59411 69761 79997 55742  96102  9512
SRM_1831_300s_100_repeat_Rh_FE_D1_0_76  9892 10587 14092 1028084 10476 22961 31337 1035204  9892 11485 20841 91121 38706 59094 69795 79723 55996  96305  9493
SRM_1831_300s_100_repeat_Rh_FE_D1_0_77  9939 10617 13857 1028166 10672 22903 31584 1034078  9725 11759 20620 91108 38666 59624 70184 79793 55569  95600  9587
SRM_1831_300s_100_repeat_Rh_FE_D1_0_78 10007 10878 14077 1026717 10562 22908 31643 1031922  9744 11704 20805 91417 38613 59560 69631 80628 55648  95439  9568
SRM_1831_300s_100_repeat_Rh_FE_D1_0_79  9961 10588 13875 1029822 10376 22866 31227 1034658  9977 11552 20557 91185 38327 59773 69695 80039 55370  95538  9714
SRM_1831_300s_100_repeat_Rh_FE_D1_0_8   9792 10663 13829 1025884 10540 22909 31267 1033642  9928 11577 20879 91023 38751 59915 70004 80269 55581  95886  9607
SRM_1831_300s_100_repeat_Rh_FE_D1_0_80  9963 10469 13752 1028708 10417 22912 31838 1036508 10042 11728 20762 91072 38387 59714 70155 80775 55632  96153  9559
SRM_1831_300s_100_repeat_Rh_FE_D1_0_81  9957 10593 14248 1030923 10334 23228 31385 1038019 10132 11462 20972 90758 38741 59630 70059 80663 55461  96223  9663
SRM_1831_300s_100_repeat_Rh_FE_D1_0_82  9738 10755 13866 1030552 10431 22854 31470 1035162  9883 11493 20646 91046 38630 59265 69807 79992 55898  95927  9510
SRM_1831_300s_100_repeat_Rh_FE_D1_0_83  9846 10704 14008 1029114 10488 22982 31222 1034913  9892 11493 20735 91106 38506 60087 69882 80126 55743  96181  9670
SRM_1831_300s_100_repeat_Rh_FE_D1_0_84  9722 10679 14041 1030295 10564 22915 31405 1035651  9901 11410 20685 91570 38297 59414 70064 80633 55607  96386  9603
SRM_1831_300s_100_repeat_Rh_FE_D1_0_85 10102 10772 13939 1029255 10459 23134 31366 1034113  9912 11579 20812 91201 38706 59343 70291 80477 56070  95334  9637
SRM_1831_300s_100_repeat_Rh_FE_D1_0_86  9939 10795 13955 1031031 10610 23223 31653 1035187  9885 11582 20465 90956 38600 59338 70096 80510 55483  95727  9501
SRM_1831_300s_100_repeat_Rh_FE_D1_0_87  9881 10829 13894 1028960 10578 23179 31325 1036905  9941 11456 20669 91302 38828 59986 70351 80507 55427  96276  9641
SRM_1831_300s_100_repeat_Rh_FE_D1_0_88  9937 10859 14125 1027576 10531 22761 31028 1036442  9841 11384 20658 91280 39068 59168 69469 80385 55962  95976  9543
SRM_1831_300s_100_repeat_Rh_FE_D1_0_89 10069 10642 14243 1031228 10349 23407 31075 1036380  9995 11504 20751 91144 38338 59379 69893 80602 55866  95960  9532
SRM_1831_300s_100_repeat_Rh_FE_D1_0_9   9849 10482 13940 1025910 10507 22905 31035 1034737  9884 11554 21013 90618 38462 58985 69515 80235 55236  96144  9605
SRM_1831_300s_100_repeat_Rh_FE_D1_0_90  9914 10855 14030 1028559 10565 23282 31317 1035183  9878 11538 20807 90682 38613 59617 70153 80281 55826  95802  9468
SRM_1831_300s_100_repeat_Rh_FE_D1_0_91  9968 10698 13951 1027572 10647 22948 31766 1035671  9842 11278 20562 91356 38880 58940 70302 80417 55533  96151  9532
SRM_1831_300s_100_repeat_Rh_FE_D1_0_92 10047 10658 14179 1028797 10541 23124 31363 1035500  9635 11424 20508 90469 38265 59459 70487 80236 55669  95814  9648
SRM_1831_300s_100_repeat_Rh_FE_D1_0_93 10021 10498 14025 1028732 10652 23247 31211 1034982  9840 11592 20581 90710 38378 59428 69599 80093 55461  95531  9546
SRM_1831_300s_100_repeat_Rh_FE_D1_0_94  9766 10654 13957 1028885 10698 22906 31300 1033986  9875 11556 21042 90876 38518 59425 69925 80293 55654  96298  9728
SRM_1831_300s_100_repeat_Rh_FE_D1_0_95  9827 10493 14024 1027754 10330 23299 31656 1034874  9802 11616 20525 90567 38721 59301 70299 80417 55750  95799  9632
SRM_1831_300s_100_repeat_Rh_FE_D1_0_96  9871 10757 13682 1027216 10474 23034 31491 1034559  9927 11329 20626 90970 38652 59071 69491 80196 55674  95679  9536
SRM_1831_300s_100_repeat_Rh_FE_D1_0_97  9859 10881 14056 1029293 10576 23055 31604 1035301  9910 11389 20603 90929 38827 59280 69981 80664 55675  95603  9653
SRM_1831_300s_100_repeat_Rh_FE_D1_0_98  9702 10690 13953 1028302 10464 23369 31482 1033062  9805 11390 20604 90533 38697 59606 69928 80005 55132  95561  9434
SRM_1831_300s_100_repeat_Rh_FE_D1_0_99  9939 10507 13967 1027283 10507 23339 31353 1033321  9869 11367 20863 90470 38792 59945 70003 79776 55786  95486  9655
SRM_1831_300s_100_repeat_Rh_FE_D2_0_0  10350 11296 15237 1085189 10891 25176 32804 1093055 10396 12198 21893 95636 40342 61793 73746 82774 58903  99169  9921
SRM_1831_300s_100_repeat_Rh_FE_D2_0_1  10369 11021 15016 1080493 11124 25051 33045 1089191 10424 12174 21782 95953 39937 61481 72992 81939 58221  99625  9684
SRM_1831_300s_100_repeat_Rh_FE_D2_0_10 10405 11265 15072 1077853 11001 24965 33147 1089887 10467 12065 21790 95345 40132 61505 73284 81996 58544  99523  9772
SRM_1831_300s_100_repeat_Rh_FE_D2_0_11 10315 11194 15061 1078829 10984 24966 33595 1088008 10530 12137 21681 95476 39692 61501 73822 81907 58550  99433  9681
SRM_1831_300s_100_repeat_Rh_FE_D2_0_12 10357 11067 15302 1078419 10747 24618 33249 1089189 10580 12224 21881 95722 39781 61729 73181 82344 58546  98929  9918
SRM_1831_300s_100_repeat_Rh_FE_D2_0_13 10252 11355 15046 1079526 10790 24643 33230 1086873 10514 12301 21751 96119 39822 61774 73382 82184 58166  99030  9697
SRM_1831_300s_100_repeat_Rh_FE_D2_0_14 10241 11325 14928 1079823 10958 24521 33017 1087750 10538 12315 21739 95476 39495 62035 74006 82266 58753  98762  9829
SRM_1831_300s_100_repeat_Rh_FE_D2_0_15 10617 11109 14987 1080998 10918 24712 33001 1090552 10650 12143 21569 95284 39948 61452 73305 82071 58004  99165  9702
SRM_1831_300s_100_repeat_Rh_FE_D2_0_16 10298 11229 14970 1081794 10980 24541 32888 1088287 10400 12372 21839 96224 40141 61643 73784 81675 58474  99264  9909
SRM_1831_300s_100_repeat_Rh_FE_D2_0_17 10407 11214 14934 1081630 10887 24800 33241 1089398 10480 12165 21983 95917 39921 61772 73753 82356 58522  99521  9748
SRM_1831_300s_100_repeat_Rh_FE_D2_0_18 10225 11212 15003 1080943 10928 24798 33418 1089020 10463 11998 22004 95931 40331 62285 73670 82549 58425  99697  9903
SRM_1831_300s_100_repeat_Rh_FE_D2_0_19 10498 11207 14885 1081862 10794 24738 33083 1091862 10483 12104 21802 95323 39930 62050 73922 82525 58208  99631  9764
SRM_1831_300s_100_repeat_Rh_FE_D2_0_2  10428 11072 15246 1081099 10888 24874 33451 1089299 10471 12151 21817 96010 40141 62457 73338 82110 58237  99684  9746
SRM_1831_300s_100_repeat_Rh_FE_D2_0_20 10384 11275 14994 1080615 10597 24482 33238 1089321 10378 12267 21667 96036 40002 62163 73775 82080 58606  99605  9615
SRM_1831_300s_100_repeat_Rh_FE_D2_0_21 10408 11118 15082 1081815 11130 24570 33366 1088766 10478 12244 21715 96155 38436 62360 74158 82250 58675  99608  9679
SRM_1831_300s_100_repeat_Rh_FE_D2_0_22 10499 11193 15042 1083236 10887 24755 33196 1089937 10309 12152 21951 96141 39934 62312 73069 82210 58353  99428  9958
SRM_1831_300s_100_repeat_Rh_FE_D2_0_23 10429 11293 15257 1082223 10989 25027 33404 1090357 10409 12270 21879 95790 40193 62211 73509 82437 58743  99700  9631
SRM_1831_300s_100_repeat_Rh_FE_D2_0_24 10410 11211 15240 1081701 10905 24620 33033 1088865 10502 12250 21904 95756 39830 62171 73588 82235 58637  99746  9929
SRM_1831_300s_100_repeat_Rh_FE_D2_0_25 10300 11136 15049 1080912 10791 24835 33053 1091891 10429 12166 21828 95699 40264 62502 73757 82663 58718  99596 10023
SRM_1831_300s_100_repeat_Rh_FE_D2_0_26 10467 11061 15184 1080339 10748 24884 33288 1088984 10538 12270 21477 94906 39917 62020 73653 82101 58386  99195  9758
SRM_1831_300s_100_repeat_Rh_FE_D2_0_27 10364 11184 14965 1082829 11034 24807 33242 1091442 10580 12215 21944 95840 39838 62404 73705 82723 58398  99518  9777
SRM_1831_300s_100_repeat_Rh_FE_D2_0_28 10207 11320 15007 1081675 10730 24665 33410 1090276 10495 12211 21954 95673 39727 62015 73782 82474 58679  99157  9674
SRM_1831_300s_100_repeat_Rh_FE_D2_0_29 10291 11092 14899 1080046 10922 25026 33189 1090557 10524 12298 21796 95880 40446 62539 73823 83361 58911  99720  9787
SRM_1831_300s_100_repeat_Rh_FE_D2_0_3  10356 11209 15388 1080021 10813 24773 33221 1089809 10474 12259 21731 95519 40014 61822 73603 82906 58587  98988  9603
SRM_1831_300s_100_repeat_Rh_FE_D2_0_30 10344 11276 14871 1082745 10864 24970 33204 1091603 10567 12372 21854 95678 40163 61600 74092 82685 59006  99463  9733
SRM_1831_300s_100_repeat_Rh_FE_D2_0_31 10465 11399 15174 1079580 10835 24829 33121 1087278 10364 12265 21698 94773 39788 61546 73439 82709 58537  99107  9801
SRM_1831_300s_100_repeat_Rh_FE_D2_0_32 10337 11394 15198 1083830 10947 24815 33386 1091149 10599 12094 21749 95553 40106 62569 74127 82395 58442  99290  9776
SRM_1831_300s_100_repeat_Rh_FE_D2_0_33 10265 11134 15179 1082485 10952 24653 33212 1092396 10262 12209 21969 95902 39464 61852 73712 81836 58384  99360 10116
SRM_1831_300s_100_repeat_Rh_FE_D2_0_34 10558 11267 15183 1082294 10908 24880 33522 1089982 10585 12313 21763 96101 39843 62207 73598 82886 58738 100452  9840
SRM_1831_300s_100_repeat_Rh_FE_D2_0_35 10391 11369 14972 1080163 10949 24757 33350 1090227 10389 12134 21827 95858 40042 62224 73845 82032 58481  98942  9952
SRM_1831_300s_100_repeat_Rh_FE_D2_0_36 10570 11250 14992 1081504 10932 24686 33275 1090322 10519 12123 21776 95846 39718 61751 73358 82544 58071  99010  9830
SRM_1831_300s_100_repeat_Rh_FE_D2_0_37 10373 11230 15057 1080002 10871 24746 33210 1092524 10521 12138 21714 95990 39952 61923 74117 82532 58634  99209  9626
SRM_1831_300s_100_repeat_Rh_FE_D2_0_38 10398 11253 14865 1082379 10971 24785 33258 1092188 10405 12407 21667 95629 39687 61865 73859 82303 58426  99979  9955
SRM_1831_300s_100_repeat_Rh_FE_D2_0_39 10359 11272 14768 1079608 10859 24821 33052 1089246 10460 12302 22029 95911 39902 61712 73839 82270 58568  99747  9670
SRM_1831_300s_100_repeat_Rh_FE_D2_0_4  10348 11254 15213 1081533 10892 24565 33492 1092178 10498 12175 21847 96416 39895 62068 73798 82730 59216  99548  9683
SRM_1831_300s_100_repeat_Rh_FE_D2_0_40 10408 11320 15004 1081734 10891 24837 33154 1090835 10402 12153 22088 96237 39721 62203 73266 82282 58561 100242  9837
SRM_1831_300s_100_repeat_Rh_FE_D2_0_41 10459 11410 15044 1080650 10948 24254 33569 1089403 10834 12369 21690 95741 39936 61648 73239 82208 58741  99941  9713
SRM_1831_300s_100_repeat_Rh_FE_D2_0_42 10217 11336 14919 1081013 10964 24927 33398 1090170 10473 12320 21771 95390 40096 61907 73330 82135 58491  99072  9550
SRM_1831_300s_100_repeat_Rh_FE_D2_0_43 10267 11136 15063 1081324 10896 24648 33386 1088892 10334 12133 21804 95464 40081 61718 73677 82344 58015  99618  9836
SRM_1831_300s_100_repeat_Rh_FE_D2_0_44 10286 11167 14993 1077716 10968 24686 33352 1088667 10532 12262 21673 95655 39939 61648 73009 82390 58242  98838  9885
SRM_1831_300s_100_repeat_Rh_FE_D2_0_45 10346 11057 14910 1081614 11065 25031 33203 1090264 10612 12319 21784 95498 39943 62023 73803 82203 58326  99595  9880
SRM_1831_300s_100_repeat_Rh_FE_D2_0_46 10352 11294 15196 1081755 11017 24601 33400 1090776 10425 12176 21947 95712 40099 61662 73600 82258 59084 100081  9911
SRM_1831_300s_100_repeat_Rh_FE_D2_0_47 10325 11088 14871 1081624 10969 24643 32958 1090328 10419 12054 21712 95218 39944 62086 73820 82040 58458  99781 10029
SRM_1831_300s_100_repeat_Rh_FE_D2_0_48 10454 11241 15152 1081241 10833 24883 33444 1090181 10461 12225 21827 95642 39549 61606 73898 82278 58643  99657  9754
SRM_1831_300s_100_repeat_Rh_FE_D2_0_49 10377 11259 15040 1081403 10849 24808 32938 1092091 10706 12296 21611 96072 39754 62061 73861 83123 58770  99385  9807
SRM_1831_300s_100_repeat_Rh_FE_D2_0_5  10486 11308 15136 1083237 10977 24626 33397 1093228 10446 12390 21632 95888 39682 62419 74175 82705 58855  99360  9909
SRM_1831_300s_100_repeat_Rh_FE_D2_0_50 10195 11154 14944 1081327 11003 24563 33168 1090733 10622 12149 21764 95384 40152 61992 73924 82403 58506  99671  9881
SRM_1831_300s_100_repeat_Rh_FE_D2_0_51 10405 11142 15011 1082513 11023 25050 33070 1090216 10549 12368 22065 95748 40055 61473 73824 82771 58211  99786  9788
SRM_1831_300s_100_repeat_Rh_FE_D2_0_52 10323 11201 15124 1081846 11010 25122 33400 1091607 10617 12424 21862 96131 39740 61814 73849 82119 58497  99367  9865
SRM_1831_300s_100_repeat_Rh_FE_D2_0_53 10344 11176 15221 1078726 10823 24542 33294 1089477 10581 12383 21827 96152 39813 61523 72870 82002 58878  98555  9664
SRM_1831_300s_100_repeat_Rh_FE_D2_0_54 10334 11227 15184 1080129 11138 24741 33510 1090484 10429 12375 21684 95862 40025 61972 73915 82456 58431  99570  9949
SRM_1831_300s_100_repeat_Rh_FE_D2_0_55 10547 11386 15268 1082065 11019 24733 33255 1090107 10643 12056 21832 95938 40122 62330 73722 82417 58403  99482  9800
SRM_1831_300s_100_repeat_Rh_FE_D2_0_56 10311 11327 14972 1082027 10908 24899 33622 1090120 10395 12128 21666 95644 39998 61454 73500 82191 58151  99659  9717
SRM_1831_300s_100_repeat_Rh_FE_D2_0_57 10487 11214 15045 1083401 10885 24960 33170 1092266 10740 12347 21694 95233 40015 62249 73979 82651 58183  99359  9766
SRM_1831_300s_100_repeat_Rh_FE_D2_0_58 10530 11270 14852 1082999 10939 24967 33504 1091812 10486 12297 21599 96224 38429 61730 73364 82228 58616  99341  9680
SRM_1831_300s_100_repeat_Rh_FE_D2_0_59 10528 11223 15078 1082740 11094 24704 33504 1092081 10579 12322 21883 95730 40396 62015 73533 82383 58041  99990  9787
SRM_1831_300s_100_repeat_Rh_FE_D2_0_6  10317 11240 15084 1079640 10780 24789 33510 1090839 10497 12137 21570 95183 40103 62088 73741 82216 58671 100048  9776
SRM_1831_300s_100_repeat_Rh_FE_D2_0_60 10390 11235 15143 1083221 10842 24986 33226 1091862 10585 12310 22081 95652 39940 62025 73814 82526 58291  99968  9960
SRM_1831_300s_100_repeat_Rh_FE_D2_0_61 10448 11243 14851 1082191 11045 24788 33350 1093054 10600 12233 22123 95406 40012 61673 73797 82400 58540  99295  9542
SRM_1831_300s_100_repeat_Rh_FE_D2_0_62 10350 11108 14976 1081153 10923 24988 33190 1092099 10632 12114 22027 95204 39842 61947 73877 82708 58628  98654  9878
SRM_1831_300s_100_repeat_Rh_FE_D2_0_63 10379 11152 15176 1082657 10998 24586 33572 1091793 10517 12522 22029 95731 39868 61810 73632 82873 58533  99406  9768
SRM_1831_300s_100_repeat_Rh_FE_D2_0_64 10354 11370 15184 1080406 10984 24979 33196 1089015 10505 12265 21903 95720 40636 62002 73672 82159 58272  99375  9817
SRM_1831_300s_100_repeat_Rh_FE_D2_0_65 10516 11296 14829 1080936 11115 25120 33241 1092801 10651 12093 21883 96000 38448 61972 73606 82283 58047  99771  9800
SRM_1831_300s_100_repeat_Rh_FE_D2_0_66 10254 11209 15171 1080424 11059 24746 33251 1089336 10572 12143 22012 95474 40171 62087 73380 82298 58637  99180 10082
SRM_1831_300s_100_repeat_Rh_FE_D2_0_67 10505 11174 14910 1084517 10979 24488 33365 1092208 10672 12301 21632 96396 40106 61896 73330 82513 58188  99120  9900
SRM_1831_300s_100_repeat_Rh_FE_D2_0_68 10290 11096 15076 1081231 10917 24597 33666 1090935 10522 12158 21514 95402 40269 62052 73536 82684 57942  99410  9649
SRM_1831_300s_100_repeat_Rh_FE_D2_0_69 10259 11145 14763 1081591 10822 24840 33190 1091951 10504 12019 21991 95386 39916 61845 73337 82276 58364  99193  9776
SRM_1831_300s_100_repeat_Rh_FE_D2_0_7  10341 11273 14983 1080874 10871 24395 33492 1088781 10594 12211 21479 95770 39720 62145 73710 82016 58319  99554  9757
SRM_1831_300s_100_repeat_Rh_FE_D2_0_70 10537 11240 14841 1083172 10882 24779 33245 1091116 10177 12310 21769 95780 39488 61742 73343 82815 58242  99476  9616
SRM_1831_300s_100_repeat_Rh_FE_D2_0_71 10488 11245 15038 1082392 11022 24963 33129 1091651 10634 11967 21939 96092 40017 61768 73709 82671 58492 100436  9804
SRM_1831_300s_100_repeat_Rh_FE_D2_0_72 10456 11315 15185 1081668 10984 24824 33598 1092044 10739 12099 22157 96180 40155 62291 73912 82620 58191  99085  9630
SRM_1831_300s_100_repeat_Rh_FE_D2_0_73 10640 11185 15066 1081430 11111 24723 33187 1091025 10462 12179 21754 95738 40039 62254 73469 82483 58489  99597  9733
SRM_1831_300s_100_repeat_Rh_FE_D2_0_74 10350 11407 15078 1082400 10875 25046 33229 1089546 10642 12383 21821 95591 40232 61924 73718 82569 58541  99557  9679
SRM_1831_300s_100_repeat_Rh_FE_D2_0_75 10335 11046 14923 1080954 10752 24489 33161 1090560 10402 12049 21817 95416 39869 61923 73551 82270 58272  99729  9769
SRM_1831_300s_100_repeat_Rh_FE_D2_0_76 10439 11258 15124 1082873 10943 24695 32912 1091498 10377 12347 21938 95609 40214 61987 73585 81913 58554 100053  9760
SRM_1831_300s_100_repeat_Rh_FE_D2_0_77 10379 11190 15152 1079977 10954 24637 33622 1089999 10280 12266 22062 95160 40099 61459 74570 82482 58595  99491  9803
SRM_1831_300s_100_repeat_Rh_FE_D2_0_78 10312 11161 15068 1079679 10896 24808 33167 1091259 10792 12141 21847 95924 39748 61689 73596 82049 58800  99501  9812
SRM_1831_300s_100_repeat_Rh_FE_D2_0_79 10388 11109 15022 1084297 10952 24735 33359 1091503 10647 12426 21833 95927 39773 61922 73185 82261 58319 100178  9838
SRM_1831_300s_100_repeat_Rh_FE_D2_0_8  10218 11025 14928 1078754 10818 24769 33116 1087384 10633 12338 21767 95431 39895 61565 73162 82366 58872  99484  9834
SRM_1831_300s_100_repeat_Rh_FE_D2_0_80 10368 11420 15096 1083210 10911 25101 33093 1091179 10419 12284 22148 95844 40089 62201 73651 82141 58615  99573  9854
SRM_1831_300s_100_repeat_Rh_FE_D2_0_81 10200 11113 15241 1082676 10924 24712 33231 1090007 10551 12113 21973 95960 40043 62311 73609 82641 58299  99425  9749
SRM_1831_300s_100_repeat_Rh_FE_D2_0_82 10297 11317 15021 1082674 11018 24893 33336 1091635 10547 12254 22008 96140 39912 61866 73607 82736 57947  99614  9849
SRM_1831_300s_100_repeat_Rh_FE_D2_0_83 10371 11200 15006 1081325 10864 24646 33414 1090982 10575 12235 21635 95463 40094 61606 73762 82627 58260  99369  9710
SRM_1831_300s_100_repeat_Rh_FE_D2_0_84 10241 11276 14886 1081399 10991 25073 33082 1089058 10463 12001 21718 95697 40105 62038 73627 82647 58271  99608  9733
SRM_1831_300s_100_repeat_Rh_FE_D2_0_85 10407 11146 14973 1083444 10789 24966 33366 1091233 10313 12054 21906 95861 40144 62176 74125 82228 58209  99590  9717
SRM_1831_300s_100_repeat_Rh_FE_D2_0_86 10344 11130 15112 1082056 10860 24846 33094 1090620 10413 12124 21739 95346 40082 61768 73761 82206 58497  99068  9736
SRM_1831_300s_100_repeat_Rh_FE_D2_0_87 10349 11225 15194 1082871 10880 24742 33233 1091560 10445 12241 21894 95624 40168 62248 73545 82213 58443  99676  9900
SRM_1831_300s_100_repeat_Rh_FE_D2_0_88 10432 11147 14961 1083351 11163 24900 33310 1092162 10660 12233 21900 96135 40184 61706 73839 83196 58881  99150  9889
SRM_1831_300s_100_repeat_Rh_FE_D2_0_89 10446 11167 14850 1081462 11157 24777 33505 1090394 10656 12176 21857 95749 39909 62060 73514 82265 58466  99670  9900
SRM_1831_300s_100_repeat_Rh_FE_D2_0_9  10336 11185 15257 1077604 10833 24676 33147 1087024 10686 12131 21778 95104 39821 61724 73362 82456 58781  99666  9853
SRM_1831_300s_100_repeat_Rh_FE_D2_0_90 10403 11337 15074 1082187 10958 24664 33242 1091206 10645 12081 21873 95702 39692 61919 73871 82663 58212 100551  9836
SRM_1831_300s_100_repeat_Rh_FE_D2_0_91 10628 11186 15194 1083630 10887 24832 33278 1090412 10602 12197 21941 95554 40026 61435 73689 82559 58631  99597  9703
SRM_1831_300s_100_repeat_Rh_FE_D2_0_92 10242 11349 15161 1082793 10884 24889 33069 1089248 10392 12359 21828 95632 39486 61774 73869 82147 58597  99329  9778
SRM_1831_300s_100_repeat_Rh_FE_D2_0_93 10367 11107 14940 1075974 10863 24571 33108 1085780 10645 12198 21690 95026 39683 61743 73519 81756 57942  98966  9715
SRM_1831_300s_100_repeat_Rh_FE_D2_0_94 10491 11067 14900 1083118 10885 24922 33185 1090394 10611 12145 22002 95634 40051 61951 73765 82315 58277  99457  9685
SRM_1831_300s_100_repeat_Rh_FE_D2_0_95 10210 11264 15007 1082391 10980 24947 33165 1090023 10558 12310 21927 95678 39934 61928 74188 82070 58074  99513  9930
SRM_1831_300s_100_repeat_Rh_FE_D2_0_96 10398 11267 15054 1081972 10992 24815 33153 1091247 10281 12265 21747 96102 39751 62326 73754 82465 58428  99082  9814
SRM_1831_300s_100_repeat_Rh_FE_D2_0_97 10295 11087 14966 1079792 10773 24592 33424 1092286 10538 12046 21822 95262 38251 62097 73416 82195 58057  98862  9761
SRM_1831_300s_100_repeat_Rh_FE_D2_0_98 10410 11118 14637 1080878 10961 24683 32826 1087827 10374 12240 21858 95430 39878 61821 73770 82738 58179  98972  9715
SRM_1831_300s_100_repeat_Rh_FE_D2_0_99 10369 11200 15172 1079994 11162 24769 33160 1088758 10365 12425 21804 95440 39516 62380 73680 81754 58490  99317  9734


Mean value:                            10142 10949 14519 1054813 10709 23909 32332 1062844 10198 11856 21269 93385 39272 60715 71781 81359 57052  97686  9687
Std. Abw.:                               259   288   543   26722   242   892   948   27666   334   383   579  2347   693  1261  1901  1067  1437   1829   148
Std. Abw. rel. [%]:                     2.55  2.63  3.74    2.53  2.26  3.73  2.93    2.60  3.27  3.23  2.72  2.51  1.77  2.08  2.65  1.31  2.52   1.87  1.53
Conf. interval:                           18    20    38    1890    17    63    67    1956    24    27    41   166    49    89   134    75   102    129    10
