Net counts

Spectrum                                    Si      Ca    Rh
------------------------------------------------------------
SRM_1831_300s_100_repeat_Rh_FE_D1_0_0  1112374 1237020 78912
SRM_1831_300s_100_repeat_Rh_FE_D1_0_1  1111904 1237905 79185
SRM_1831_300s_100_repeat_Rh_FE_D1_0_10 1105829 1233636 79457
SRM_1831_300s_100_repeat_Rh_FE_D1_0_11 1107590 1233792 78714
SRM_1831_300s_100_repeat_Rh_FE_D1_0_12 1107316 1235131 79068
SRM_1831_300s_100_repeat_Rh_FE_D1_0_13 1104730 1232709 79030
SRM_1831_300s_100_repeat_Rh_FE_D1_0_14 1107910 1231601 79626
SRM_1831_300s_100_repeat_Rh_FE_D1_0_15 1108090 1237311 79087
SRM_1831_300s_100_repeat_Rh_FE_D1_0_16 1108973 1234506 78689
SRM_1831_300s_100_repeat_Rh_FE_D1_0_17 1108353 1235371 79020
SRM_1831_300s_100_repeat_Rh_FE_D1_0_18 1110210 1236272 79257
SRM_1831_300s_100_repeat_Rh_FE_D1_0_19 1110678 1234655 79623
SRM_1831_300s_100_repeat_Rh_FE_D1_0_2  1111903 1236814 80035
SRM_1831_300s_100_repeat_Rh_FE_D1_0_20 1109760 1236202 79571
SRM_1831_300s_100_repeat_Rh_FE_D1_0_21 1109317 1237822 79810
SRM_1831_300s_100_repeat_Rh_FE_D1_0_22 1110844 1237395 80023
SRM_1831_300s_100_repeat_Rh_FE_D1_0_23 1110003 1236316 80150
SRM_1831_300s_100_repeat_Rh_FE_D1_0_24 1109120 1236556 80061
SRM_1831_300s_100_repeat_Rh_FE_D1_0_25 1109142 1239241 79961
SRM_1831_300s_100_repeat_Rh_FE_D1_0_26 1109949 1236172 79710
SRM_1831_300s_100_repeat_Rh_FE_D1_0_27 1110045 1237697 79606
SRM_1831_300s_100_repeat_Rh_FE_D1_0_28 1111447 1237408 80020
SRM_1831_300s_100_repeat_Rh_FE_D1_0_29 1108292 1236190 79603
SRM_1831_300s_100_repeat_Rh_FE_D1_0_3  1110797 1237738 78732
SRM_1831_300s_100_repeat_Rh_FE_D1_0_30 1106719 1233427 79314
SRM_1831_300s_100_repeat_Rh_FE_D1_0_31 1108555 1237312 80483
SRM_1831_300s_100_repeat_Rh_FE_D1_0_32 1109971 1235444 79946
SRM_1831_300s_100_repeat_Rh_FE_D1_0_33 1109965 1237566 80568
SRM_1831_300s_100_repeat_Rh_FE_D1_0_34 1108087 1237266 80719
SRM_1831_300s_100_repeat_Rh_FE_D1_0_35 1111718 1236104 79627
SRM_1831_300s_100_repeat_Rh_FE_D1_0_36 1107069 1235737 79359
SRM_1831_300s_100_repeat_Rh_FE_D1_0_37 1109197 1237071 79418
SRM_1831_300s_100_repeat_Rh_FE_D1_0_38 1109548 1238587 79615
SRM_1831_300s_100_repeat_Rh_FE_D1_0_39 1108474 1236747 80054
SRM_1831_300s_100_repeat_Rh_FE_D1_0_4  1111289 1235759 79597
SRM_1831_300s_100_repeat_Rh_FE_D1_0_40 1108305 1232451 79620
SRM_1831_300s_100_repeat_Rh_FE_D1_0_41 1110700 1235412 80395
SRM_1831_300s_100_repeat_Rh_FE_D1_0_42 1108763 1236536 79794
SRM_1831_300s_100_repeat_Rh_FE_D1_0_43 1106547 1234680 79245
SRM_1831_300s_100_repeat_Rh_FE_D1_0_44 1108584 1234070 79756
SRM_1831_300s_100_repeat_Rh_FE_D1_0_45 1107251 1232727 79908
SRM_1831_300s_100_repeat_Rh_FE_D1_0_46 1106758 1236077 79644
SRM_1831_300s_100_repeat_Rh_FE_D1_0_47 1112644 1236376 79782
SRM_1831_300s_100_repeat_Rh_FE_D1_0_48 1111210 1236473 79922
SRM_1831_300s_100_repeat_Rh_FE_D1_0_49 1109669 1236317 80139
SRM_1831_300s_100_repeat_Rh_FE_D1_0_5  1111883 1237087 79636
SRM_1831_300s_100_repeat_Rh_FE_D1_0_50 1110318 1235685 78788
SRM_1831_300s_100_repeat_Rh_FE_D1_0_51 1111149 1237021 79431
SRM_1831_300s_100_repeat_Rh_FE_D1_0_52 1111650 1235811 78283
SRM_1831_300s_100_repeat_Rh_FE_D1_0_53 1106712 1234370 79400
SRM_1831_300s_100_repeat_Rh_FE_D1_0_54 1110207 1236256 79863
SRM_1831_300s_100_repeat_Rh_FE_D1_0_55 1109704 1236841 78984
SRM_1831_300s_100_repeat_Rh_FE_D1_0_56 1109987 1236075 78707
SRM_1831_300s_100_repeat_Rh_FE_D1_0_57 1113143 1234818 79320
SRM_1831_300s_100_repeat_Rh_FE_D1_0_58 1108771 1236996 79523
SRM_1831_300s_100_repeat_Rh_FE_D1_0_59 1110587 1238320 79773
SRM_1831_300s_100_repeat_Rh_FE_D1_0_6  1110407 1235548 79225
SRM_1831_300s_100_repeat_Rh_FE_D1_0_60 1108726 1236698 79595
SRM_1831_300s_100_repeat_Rh_FE_D1_0_61 1108611 1239080 79601
SRM_1831_300s_100_repeat_Rh_FE_D1_0_62 1109363 1237770 79537
SRM_1831_300s_100_repeat_Rh_FE_D1_0_63 1111417 1235582 79776
SRM_1831_300s_100_repeat_Rh_FE_D1_0_64 1111384 1238708 79779
SRM_1831_300s_100_repeat_Rh_FE_D1_0_65 1110143 1235193 78767
SRM_1831_300s_100_repeat_Rh_FE_D1_0_66 1110633 1235497 79054
SRM_1831_300s_100_repeat_Rh_FE_D1_0_67 1110166 1236677 78900
SRM_1831_300s_100_repeat_Rh_FE_D1_0_68 1110753 1235915 80002
SRM_1831_300s_100_repeat_Rh_FE_D1_0_69 1109255 1235689 79259
SRM_1831_300s_100_repeat_Rh_FE_D1_0_7  1108648 1234641 79599
SRM_1831_300s_100_repeat_Rh_FE_D1_0_70 1112498 1237047 79966
SRM_1831_300s_100_repeat_Rh_FE_D1_0_71 1108803 1235878 79189
SRM_1831_300s_100_repeat_Rh_FE_D1_0_72 1110629 1234236 78765
SRM_1831_300s_100_repeat_Rh_FE_D1_0_73 1110106 1236278 79236
SRM_1831_300s_100_repeat_Rh_FE_D1_0_74 1110211 1235325 78927
SRM_1831_300s_100_repeat_Rh_FE_D1_0_75 1107964 1236956 79202
SRM_1831_300s_100_repeat_Rh_FE_D1_0_76 1109780 1236276 80387
SRM_1831_300s_100_repeat_Rh_FE_D1_0_77 1109303 1234160 78789
SRM_1831_300s_100_repeat_Rh_FE_D1_0_78 1107890 1231654 78830
SRM_1831_300s_100_repeat_Rh_FE_D1_0_79 1111345 1235788 79182
SRM_1831_300s_100_repeat_Rh_FE_D1_0_8  1107493 1234452 79677
SRM_1831_300s_100_repeat_Rh_FE_D1_0_80 1110322 1237737 79994
SRM_1831_300s_100_repeat_Rh_FE_D1_0_81 1112873 1239442 79522
SRM_1831_300s_100_repeat_Rh_FE_D1_0_82 1112194 1234815 80322
SRM_1831_300s_100_repeat_Rh_FE_D1_0_83 1109747 1235244 79855
SRM_1831_300s_100_repeat_Rh_FE_D1_0_84 1111225 1235459 79972
SRM_1831_300s_100_repeat_Rh_FE_D1_0_85 1110128 1233802 78947
SRM_1831_300s_100_repeat_Rh_FE_D1_0_86 1112035 1234342 78517
SRM_1831_300s_100_repeat_Rh_FE_D1_0_87 1110478 1236891 80173
SRM_1831_300s_100_repeat_Rh_FE_D1_0_88 1109217 1237463 79939
SRM_1831_300s_100_repeat_Rh_FE_D1_0_89 1112023 1237340 80076
SRM_1831_300s_100_repeat_Rh_FE_D1_0_9  1107105 1235710 80392
SRM_1831_300s_100_repeat_Rh_FE_D1_0_90 1110445 1236698 79592
SRM_1831_300s_100_repeat_Rh_FE_D1_0_91 1109856 1236624 79992
SRM_1831_300s_100_repeat_Rh_FE_D1_0_92 1110464 1236682 79674
SRM_1831_300s_100_repeat_Rh_FE_D1_0_93 1109666 1235735 79038
SRM_1831_300s_100_repeat_Rh_FE_D1_0_94 1110353 1233154 79544
SRM_1831_300s_100_repeat_Rh_FE_D1_0_95 1108790 1234065 79443
SRM_1831_300s_100_repeat_Rh_FE_D1_0_96 1109414 1235677 79619
SRM_1831_300s_100_repeat_Rh_FE_D1_0_97 1110621 1235772 79368
SRM_1831_300s_100_repeat_Rh_FE_D1_0_98 1110374 1233138 78899
SRM_1831_300s_100_repeat_Rh_FE_D1_0_99 1108377 1233385 79015
SRM_1831_300s_100_repeat_Rh_FE_D2_0_0  1179147 1310701 82398
SRM_1831_300s_100_repeat_Rh_FE_D2_0_1  1174334 1306455 82764
SRM_1831_300s_100_repeat_Rh_FE_D2_0_10 1172572 1308027 82805
SRM_1831_300s_100_repeat_Rh_FE_D2_0_11 1172609 1305995 81574
SRM_1831_300s_100_repeat_Rh_FE_D2_0_12 1171504 1306752 81613
SRM_1831_300s_100_repeat_Rh_FE_D2_0_13 1172866 1303441 81834
SRM_1831_300s_100_repeat_Rh_FE_D2_0_14 1174482 1305979 81611
SRM_1831_300s_100_repeat_Rh_FE_D2_0_15 1175242 1308869 82197
SRM_1831_300s_100_repeat_Rh_FE_D2_0_16 1176364 1306251 82508
SRM_1831_300s_100_repeat_Rh_FE_D2_0_17 1175219 1307940 82047
SRM_1831_300s_100_repeat_Rh_FE_D2_0_18 1174519 1306712 83249
SRM_1831_300s_100_repeat_Rh_FE_D2_0_19 1175664 1310471 82235
SRM_1831_300s_100_repeat_Rh_FE_D2_0_2  1175746 1306845 82408
SRM_1831_300s_100_repeat_Rh_FE_D2_0_20 1174736 1307464 82329
SRM_1831_300s_100_repeat_Rh_FE_D2_0_21 1175743 1306183 82438
SRM_1831_300s_100_repeat_Rh_FE_D2_0_22 1177841 1308340 81948
SRM_1831_300s_100_repeat_Rh_FE_D2_0_23 1176787 1309108 82241
SRM_1831_300s_100_repeat_Rh_FE_D2_0_24 1175563 1307263 82799
SRM_1831_300s_100_repeat_Rh_FE_D2_0_25 1174760 1309467 81982
SRM_1831_300s_100_repeat_Rh_FE_D2_0_26 1174561 1308208 81770
SRM_1831_300s_100_repeat_Rh_FE_D2_0_27 1176669 1308534 82483
SRM_1831_300s_100_repeat_Rh_FE_D2_0_28 1175086 1308573 82080
SRM_1831_300s_100_repeat_Rh_FE_D2_0_29 1173655 1308350 82366
SRM_1831_300s_100_repeat_Rh_FE_D2_0_3  1173786 1307814 81204
SRM_1831_300s_100_repeat_Rh_FE_D2_0_30 1176964 1310669 82463
SRM_1831_300s_100_repeat_Rh_FE_D2_0_31 1172960 1304223 82249
SRM_1831_300s_100_repeat_Rh_FE_D2_0_32 1177423 1309890 81827
SRM_1831_300s_100_repeat_Rh_FE_D2_0_33 1177220 1310578 82463
SRM_1831_300s_100_repeat_Rh_FE_D2_0_34 1176426 1308270 83564
SRM_1831_300s_100_repeat_Rh_FE_D2_0_35 1173832 1309042 81160
SRM_1831_300s_100_repeat_Rh_FE_D2_0_36 1175397 1309095 82420
SRM_1831_300s_100_repeat_Rh_FE_D2_0_37 1174847 1311213 81860
SRM_1831_300s_100_repeat_Rh_FE_D2_0_38 1176627 1311243 82487
SRM_1831_300s_100_repeat_Rh_FE_D2_0_39 1174125 1307455 82713
SRM_1831_300s_100_repeat_Rh_FE_D2_0_4  1175860 1311516 82032
SRM_1831_300s_100_repeat_Rh_FE_D2_0_40 1175768 1310175 83471
SRM_1831_300s_100_repeat_Rh_FE_D2_0_41 1175233 1307611 82623
SRM_1831_300s_100_repeat_Rh_FE_D2_0_42 1174424 1309138 81874
SRM_1831_300s_100_repeat_Rh_FE_D2_0_43 1175906 1307799 83025
SRM_1831_300s_100_repeat_Rh_FE_D2_0_44 1171163 1306481 81438
SRM_1831_300s_100_repeat_Rh_FE_D2_0_45 1176607 1308168 82322
SRM_1831_300s_100_repeat_Rh_FE_D2_0_46 1176257 1308917 82803
SRM_1831_300s_100_repeat_Rh_FE_D2_0_47 1175589 1308137 82774
SRM_1831_300s_100_repeat_Rh_FE_D2_0_48 1174648 1307957 82337
SRM_1831_300s_100_repeat_Rh_FE_D2_0_49 1175821 1309890 82842
SRM_1831_300s_100_repeat_Rh_FE_D2_0_5  1177281 1311786 82136
SRM_1831_300s_100_repeat_Rh_FE_D2_0_50 1176217 1310584 82208
SRM_1831_300s_100_repeat_Rh_FE_D2_0_51 1176428 1309098 82538
SRM_1831_300s_100_repeat_Rh_FE_D2_0_52 1175863 1309602 82473
SRM_1831_300s_100_repeat_Rh_FE_D2_0_53 1172731 1306772 80935
SRM_1831_300s_100_repeat_Rh_FE_D2_0_54 1174321 1308325 82427
SRM_1831_300s_100_repeat_Rh_FE_D2_0_55 1175750 1308710 82164
SRM_1831_300s_100_repeat_Rh_FE_D2_0_56 1177011 1308728 82042
SRM_1831_300s_100_repeat_Rh_FE_D2_0_57 1177661 1310627 82412
SRM_1831_300s_100_repeat_Rh_FE_D2_0_58 1177868 1310287 81986
SRM_1831_300s_100_repeat_Rh_FE_D2_0_59 1176705 1310635 82509
SRM_1831_300s_100_repeat_Rh_FE_D2_0_6  1173014 1308839 82947
SRM_1831_300s_100_repeat_Rh_FE_D2_0_60 1177397 1310868 84103
SRM_1831_300s_100_repeat_Rh_FE_D2_0_61 1176532 1312153 82341
SRM_1831_300s_100_repeat_Rh_FE_D2_0_62 1176030 1311346 80901
SRM_1831_300s_100_repeat_Rh_FE_D2_0_63 1177005 1309267 82474
SRM_1831_300s_100_repeat_Rh_FE_D2_0_64 1174246 1304473 81719
SRM_1831_300s_100_repeat_Rh_FE_D2_0_65 1175489 1311345 82569
SRM_1831_300s_100_repeat_Rh_FE_D2_0_66 1174719 1307328 82081
SRM_1831_300s_100_repeat_Rh_FE_D2_0_67 1178727 1311265 81864
SRM_1831_300s_100_repeat_Rh_FE_D2_0_68 1175657 1310456 81881
SRM_1831_300s_100_repeat_Rh_FE_D2_0_69 1175885 1310141 81997
SRM_1831_300s_100_repeat_Rh_FE_D2_0_7  1174755 1306379 81998
SRM_1831_300s_100_repeat_Rh_FE_D2_0_70 1178215 1308867 81984
SRM_1831_300s_100_repeat_Rh_FE_D2_0_71 1176352 1309950 83700
SRM_1831_300s_100_repeat_Rh_FE_D2_0_72 1176454 1310456 82493
SRM_1831_300s_100_repeat_Rh_FE_D2_0_73 1175766 1309061 82019
SRM_1831_300s_100_repeat_Rh_FE_D2_0_74 1176578 1307271 82441
SRM_1831_300s_100_repeat_Rh_FE_D2_0_75 1175074 1307963 82912
SRM_1831_300s_100_repeat_Rh_FE_D2_0_76 1177420 1309815 82872
SRM_1831_300s_100_repeat_Rh_FE_D2_0_77 1173477 1309973 81687
SRM_1831_300s_100_repeat_Rh_FE_D2_0_78 1173975 1310631 82080
SRM_1831_300s_100_repeat_Rh_FE_D2_0_79 1178283 1310668 82533
SRM_1831_300s_100_repeat_Rh_FE_D2_0_8  1173262 1305344 81993
SRM_1831_300s_100_repeat_Rh_FE_D2_0_80 1177569 1310599 82504
SRM_1831_300s_100_repeat_Rh_FE_D2_0_81 1176306 1307456 81964
SRM_1831_300s_100_repeat_Rh_FE_D2_0_82 1177386 1311353 82330
SRM_1831_300s_100_repeat_Rh_FE_D2_0_83 1174666 1308744 81763
SRM_1831_300s_100_repeat_Rh_FE_D2_0_84 1175057 1307498 82759
SRM_1831_300s_100_repeat_Rh_FE_D2_0_85 1177871 1309396 82533
SRM_1831_300s_100_repeat_Rh_FE_D2_0_86 1176368 1308486 81568
SRM_1831_300s_100_repeat_Rh_FE_D2_0_87 1177573 1310262 82986
SRM_1831_300s_100_repeat_Rh_FE_D2_0_88 1176885 1310877 81949
SRM_1831_300s_100_repeat_Rh_FE_D2_0_89 1175823 1307449 82581
SRM_1831_300s_100_repeat_Rh_FE_D2_0_9  1172206 1305447 82583
SRM_1831_300s_100_repeat_Rh_FE_D2_0_90 1176988 1309546 83167
SRM_1831_300s_100_repeat_Rh_FE_D2_0_91 1177444 1308270 82337
SRM_1831_300s_100_repeat_Rh_FE_D2_0_92 1176704 1307297 82050
SRM_1831_300s_100_repeat_Rh_FE_D2_0_93 1170490 1303393 81877
SRM_1831_300s_100_repeat_Rh_FE_D2_0_94 1177565 1309089 82028
SRM_1831_300s_100_repeat_Rh_FE_D2_0_95 1176023 1307287 82564
SRM_1831_300s_100_repeat_Rh_FE_D2_0_96 1175965 1310684 82040
SRM_1831_300s_100_repeat_Rh_FE_D2_0_97 1173346 1311491 81240
SRM_1831_300s_100_repeat_Rh_FE_D2_0_98 1174818 1306433 82217
SRM_1831_300s_100_repeat_Rh_FE_D2_0_99 1173728 1306951 81732
------------------------------------------------------------
Mean value:                            1142632 1272297 80903
Std. Abw.:                               33047   36519  1475
Std. Abw. rel. [%]:                       2.89    2.87  1.82
Conf. interval:                           2337    2582   104
