ROI net sum

Spectrum                          Na    Mg    Al      Si     S     K      Ca    Ti     Fe    Sr     Rh
------------------------------------------------------------------------------------------------------
SRM_1831_300s_20x20det_2_0_0   13639 14379 19733 1656012 12265 44195 1641549  6464 103962 34178 110630
SRM_1831_300s_20x20det_2_0_1   13708 14124 19715 1652840 12515 43725 1639687  6488 105666 33885 110999
SRM_1831_300s_20x20det_2_0_10  13848 14361 19645 1658659 12691 44475 1649559  6319 105685 35151 111397
SRM_1831_300s_20x20det_2_0_11  13697 14283 19531 1659162 12315 44451 1650692  6545 105045 34394 111120
SRM_1831_300s_20x20det_2_0_12  13593 14089 19493 1660864 12702 43932 1652584  6222 106000 34367 111882
SRM_1831_300s_20x20det_2_0_13  13629 14156 19745 1659573 12248 44146 1650132  6250 104792 34506 111867
SRM_1831_300s_20x20det_2_0_14  13681 14226 19800 1660400 12461 44267 1651932  6385 105669 34076 111473
SRM_1831_300s_20x20det_2_0_15  13664 14327 19590 1656038 12663 44562 1648864  6147 105744 34000 112053
SRM_1831_300s_20x20det_2_0_16  13669 14199 19902 1659863 12563 44044 1649488  6321 105166 35043 111379
SRM_1831_300s_20x20det_2_0_17  13667 14379 19865 1658558 12726 43966 1645826  6752 104874 34152 111551
SRM_1831_300s_20x20det_2_0_18  13834 14363 20202 1655988 12901 44012 1648370  6245 105046 34101 110905
SRM_1831_300s_20x20det_2_0_19  13794 14258 19665 1660350 12522 43784 1650119  6663 105443 34405 111378
SRM_1831_300s_20x20det_2_0_2    2542  2607  3520  300556  2361  7920  298564  1247  19401  6891  20277
SRM_1831_300s_20x20det_2_0_3   13717 14146 19768 1655511 12460 43950 1642400  6667 104662 33964 112156
SRM_1831_300s_20x20det_2_0_4   13769 14122 19881 1658250 12613 43832 1646708  6617 104659 34697 111700
SRM_1831_300s_20x20det_2_0_5   13645 14425 19729 1656492 12715 43700 1646800  6614 107133 34134 111277
SRM_1831_300s_20x20det_2_0_6   13555 14200 20084 1663642 12512 44319 1653369  6501 105681 33950 111213
SRM_1831_300s_20x20det_2_0_7   13695 14239 19912 1661931 12552 44115 1651974  6562 105644 34204 111962
SRM_1831_300s_20x20det_2_0_8   13776 14322 19840 1660637 12635 44241 1651097  6378 105293 34595 111385
SRM_1831_300s_20x20det_2_0_9   13327 13846 19283 1617732 12642 44043 1645565  6657 105839 33951 111746
SRM_1831_300s_20x20det_2_10_0  13732 14112 19996 1655619 12651 43945 1646644  6634 105704 34251 111636
SRM_1831_300s_20x20det_2_10_1  13447 14295 19937 1654969 12595 43950 1648318  6257 105174 34367 111562
SRM_1831_300s_20x20det_2_10_10 13113 13880 19178 1626512 12761 44183 1642177  6244 104580 34992 111243
SRM_1831_300s_20x20det_2_10_11 13576 14224 19854 1657118 12734 44508 1649042  6643 104904 34507 109489
SRM_1831_300s_20x20det_2_10_12 13647 14349 19759 1656542 12301 44088 1648493  6739 105168 34650 110263
SRM_1831_300s_20x20det_2_10_13 13546 14241 19784 1653687 12596 44208 1645424  6471 105591 34857 110654
SRM_1831_300s_20x20det_2_10_14 13547 14202 19564 1654657 12373 43349 1647629  6285 104928 34379 111158
SRM_1831_300s_20x20det_2_10_15 13716 14037 19760 1660098 12532 44099 1649255  6402 105184 33856 110641
SRM_1831_300s_20x20det_2_10_16 13861 14369 19888 1658089 12425 43961 1646950  6122 105793 34664 111434
SRM_1831_300s_20x20det_2_10_17 13669 14190 19714 1652867 12548 44293 1646413  6289 104165 35399 111028
SRM_1831_300s_20x20det_2_10_18 13497 14400 19526 1655787 12479 44217 1648104  6578 105105 34530 111296
SRM_1831_300s_20x20det_2_10_19 13560 14183 19713 1654776 12489 43781 1648892  6631 105975 34363 111499
SRM_1831_300s_20x20det_2_10_2  13546 14565 19771 1658578 12450 44076 1649556  6617 105616 33578 111178
SRM_1831_300s_20x20det_2_10_3  13651 14080 19775 1658559 12538 44551 1645462  6444 105480 34816 110973
SRM_1831_300s_20x20det_2_10_4  13561 14138 19933 1657113 12822 43948 1647707  6518 105701 34353 111146
SRM_1831_300s_20x20det_2_10_5  13764 14124 19756 1656454 12379 44007 1647920  6714 105462 33869 110142
SRM_1831_300s_20x20det_2_10_6  13485 13901 19724 1656083 12542 44002 1645527  6446 105069 34330 110500
SRM_1831_300s_20x20det_2_10_7  13586 14087 19733 1657731 12837 43983 1648676  5936 104824 34580 110300
SRM_1831_300s_20x20det_2_10_8  13785 14311 20066 1655113 12600 44077 1648941  6611 104454 34812 111158
SRM_1831_300s_20x20det_2_10_9   8424  8957 12310 1033635  8041 27532 1028355  4093  65282 22135  69321
SRM_1831_300s_20x20det_2_11_0  13657 14069 20080 1651897 12528 44117 1643719  6391 104544 34374 112047
SRM_1831_300s_20x20det_2_11_1  13811 14314 19718 1654551 12742 44033 1646389  6213 104867 34391 111327
SRM_1831_300s_20x20det_2_11_10 13608 14330 19725 1658512 12570 43621 1648945  6582 104612 35197 110818
SRM_1831_300s_20x20det_2_11_11 13702 14185 19829 1658504 12520 44277 1650162  6770 104962 34342 110513
SRM_1831_300s_20x20det_2_11_12 13585 14327 19679 1658469 12693 44271 1649071  6842 105511 33901 110255
SRM_1831_300s_20x20det_2_11_13 13761 14151 19707 1655671 12625 43780 1649310  6884 105907 34630 110545
SRM_1831_300s_20x20det_2_11_14 13444 13988 19956 1656583 12195 43868 1650768  6584 105797 34315 110615
SRM_1831_300s_20x20det_2_11_15 13644 14245 19744 1658541 12513 44517 1650514  6276 104746 33865 111471
SRM_1831_300s_20x20det_2_11_16  6199  6515  9231  774923  6029 20318  772102  3149  50109 16650  52621
SRM_1831_300s_20x20det_2_11_17 13555 14103 19471 1650417 12644 43840 1648608  6017 105572 34091 110132
SRM_1831_300s_20x20det_2_11_18 13536 14344 19673 1657604 12972 43994 1646671  6248 105649 34399 110465
SRM_1831_300s_20x20det_2_11_19 13634 14092 19843 1653485 12630 44398 1648825  6382 104569 34706 110973
SRM_1831_300s_20x20det_2_11_2  13617 14086 19900 1655176 12536 44149 1647871  6237 106102 35450 111096
SRM_1831_300s_20x20det_2_11_3   4536  4812  6657  551185  4119 14692  548257  2398  35506 11824  37097
SRM_1831_300s_20x20det_2_11_4  13890 14186 19929 1654343 12750 44196 1648725  6537 105238 34482 110399
SRM_1831_300s_20x20det_2_11_5  13808 14276 19828 1658134 12563 44423 1650217  6452 105255 34717 110858
SRM_1831_300s_20x20det_2_11_6  13883 14150 19737 1655420 12485 44236 1647119  6657 104866 34482 111067
SRM_1831_300s_20x20det_2_11_7  13508 14331 19707 1658888 12461 43825 1647012  6256 105066 34753 110493
SRM_1831_300s_20x20det_2_11_8  13461 13898 19638 1654847 12391 43720 1647829  6696 104988 34470 110372
SRM_1831_300s_20x20det_2_11_9   8227  8491 11845  994219  7450 26587  989558  4118  63336 21111  66637
SRM_1831_300s_20x20det_2_12_0  13750 14443 19679 1657270 12570 43819 1647470  6568 104913 33697 111776
SRM_1831_300s_20x20det_2_12_1   5741  6140  8253  695509  5271 18716  692360  2855  44129 14824  47018
SRM_1831_300s_20x20det_2_12_10 13537 14224 19586 1659860 12459 44017 1650133  6706 105272 34469 110828
SRM_1831_300s_20x20det_2_12_11 13929 14294 19423 1653787 12050 44083 1647908  6237 105255 34773 109687
SRM_1831_300s_20x20det_2_12_12 13440 14271 19624 1652426 12475 44120 1644934  6444 105219 34689 110511
SRM_1831_300s_20x20det_2_12_13 13394 14200 19789 1657214 12536 43933 1649643  6444 103979 34919 111226
SRM_1831_300s_20x20det_2_12_14 13770 14287 19928 1657460 12554 44365 1649018  6268 104442 34996 109990
SRM_1831_300s_20x20det_2_12_15 13512 14230 19871 1653135 12587 43147 1647723  6499 105168 34280 110396
SRM_1831_300s_20x20det_2_12_16 13538 14135 19489 1653678 12223 43975 1648255  6393 105175 34024 110988
SRM_1831_300s_20x20det_2_12_17 13526 14023 19808 1656099 12339 44030 1647069  6406 105749 34479 110619
SRM_1831_300s_20x20det_2_12_18 13765 14295 19221 1655365 12340 44247 1648825  6470 105346 34432 110685
SRM_1831_300s_20x20det_2_12_19 10263 10573 14550 1234265  9089 32975 1227935  4886  78819 25574  82255
SRM_1831_300s_20x20det_2_12_2  13284 14361 19922 1657091 12573 44139 1649583  6420 105024 34232 111070
SRM_1831_300s_20x20det_2_12_3  13508 14235 19835 1656260 12669 43993 1647816  6369 105050 34243 110591
SRM_1831_300s_20x20det_2_12_4  13503 14402 19902 1658020 12548 43552 1648828  6061 105624 34311 111186
SRM_1831_300s_20x20det_2_12_5   9311  9773 13766 1152451  8855 30577 1147836  4583  73988 24222  76742
SRM_1831_300s_20x20det_2_12_6  13710 14387 19967 1653407 12591 43844 1646975  6059 105245 34378 110772
SRM_1831_300s_20x20det_2_12_7  13407 14237 19823 1655287 12354 43592 1645355  6297 105238 34784 110424
SRM_1831_300s_20x20det_2_12_8  13514 14015 19696 1657717 12483 43844 1648576  6733 105949 34735 112028
SRM_1831_300s_20x20det_2_12_9  13371 14451 19753 1657807 12714 44341 1648022  6624 105310 34597 110193
SRM_1831_300s_20x20det_2_13_0   6609  6757  9489  804079  5916 21449  799352  3242  51460 16749  54331
SRM_1831_300s_20x20det_2_13_1  13568 14232 19815 1655065 12206 44218 1646464  6878 105134 34625 110541
SRM_1831_300s_20x20det_2_13_10 13730 14364 20000 1660858 12429 43611 1650716  6539 105547 34531 110664
SRM_1831_300s_20x20det_2_13_11 13684 14240 19692 1660514 12647 44286 1650832  6287 106058 34398 111362
SRM_1831_300s_20x20det_2_13_12 13449 14154 19707 1651501 12688 44051 1648266  6264 104496 34030 111486
SRM_1831_300s_20x20det_2_13_13 13505 14152 19747 1659912 12250 44036 1650236  6234 104728 34606 110425
SRM_1831_300s_20x20det_2_13_14 13856 14379 19584 1658873 12989 44399 1649135  6656 105826 35020 110992
SRM_1831_300s_20x20det_2_13_15 13451 14138 20011 1658985 12655 43774 1650788  6124 105712 34445 110585
SRM_1831_300s_20x20det_2_13_16 13711 14286 19819 1658692 12790 43858 1649954  6354 105449 34049 110692
SRM_1831_300s_20x20det_2_13_17 13658 14112 19815 1658633 12542 44308 1647657  6637 104591 34950 110537
SRM_1831_300s_20x20det_2_13_18 13620 14555 19810 1660439 12531 44399 1649029  6206 104802 34532 111034
SRM_1831_300s_20x20det_2_13_19 13728 14235 19987 1659928 12545 43767 1650588  6407 104945 34797 111478
SRM_1831_300s_20x20det_2_13_2  13612 14326 19878 1655619 12682 44278 1645892  6415 105278 34676 110537
SRM_1831_300s_20x20det_2_13_3  13452 14190 19595 1655272 12666 43677 1647002  6568 105033 35100 110464
SRM_1831_300s_20x20det_2_13_4  13424 14519 19748 1653469 12759 43679 1644840  6373 104735 34118 110862
SRM_1831_300s_20x20det_2_13_5  13641 14167 19855 1658574 12653 43796 1649176  6249 104716 35009 111337
SRM_1831_300s_20x20det_2_13_6  13761 14307 19838 1656630 12602 44084 1649909  6155 105500 34236 110292
SRM_1831_300s_20x20det_2_13_7  13562 14220 19738 1656669 12741 44259 1649942  6289 105786 34885 110262
SRM_1831_300s_20x20det_2_13_8  13945 14253 19665 1657527 12829 44205 1649098  6496 104574 34603 111772
SRM_1831_300s_20x20det_2_13_9  13591 14264 19845 1659033 12466 44072 1651541  6055 105136 34432 110654
SRM_1831_300s_20x20det_2_14_0  14052 14375 19798 1658728 12320 43614 1650271  6191 105190 34166 111551
SRM_1831_300s_20x20det_2_14_1  13807 14389 19496 1658008 12440 44418 1647104  6447 104836 35146 111372
SRM_1831_300s_20x20det_2_14_10 13555 14379 19782 1656947 12723 44491 1648956  6403 105084 34421 110972
SRM_1831_300s_20x20det_2_14_11 13690 14465 19762 1657195 12784 43958 1650080  6683 106083 34688 110880
SRM_1831_300s_20x20det_2_14_12  1337  1469  1936  162032  1224  4272  161904   684  10748  3897  11106
SRM_1831_300s_20x20det_2_14_13 13627 14351 19998 1661907 12856 44228 1653506  6262 105734 34725 110878
SRM_1831_300s_20x20det_2_14_14 13462 14236 19515 1657532 12711 44233 1646473  6443 105190 33925 110858
SRM_1831_300s_20x20det_2_14_15 13687 14215 19658 1658005 12679 44301 1650391  6611 104696 34746 110635
SRM_1831_300s_20x20det_2_14_16 13676 14172 20191 1658445 12922 44244 1648234  6470 105389 33943 110960
SRM_1831_300s_20x20det_2_14_17 13409 14282 19840 1656348 12526 43992 1646717  6455 105260 34172 110356
SRM_1831_300s_20x20det_2_14_18 13793 13884 19616 1659867 12417 44129 1649894  6347 104463 34315 111451
SRM_1831_300s_20x20det_2_14_19 13593 14213 19590 1657067 12548 43949 1648744  6349 104994 34809 111139
SRM_1831_300s_20x20det_2_14_2  13526 14344 19878 1656479 12313 44287 1644885  6689 104331 34596 110790
SRM_1831_300s_20x20det_2_14_3  13723 14402 19756 1658560 12797 43536 1649104  6632 105538 34750 111824
SRM_1831_300s_20x20det_2_14_4  13557 14228 19687 1659121 13112 44155 1644985  6210 105210 34550 110512
SRM_1831_300s_20x20det_2_14_5  13544 14259 19669 1657923 12305 44217 1646283  6359 105383 34096 110557
SRM_1831_300s_20x20det_2_14_6  13574 14287 19769 1656711 12724 44157 1645287  6533 105621 34113 110906
SRM_1831_300s_20x20det_2_14_7  13794 14374 19659 1656691 12507 44140 1646960  6185 104424 34203 110244
SRM_1831_300s_20x20det_2_14_8  13361 14358 19759 1657301 12519 43997 1649360  6276 104756 34722 110203
SRM_1831_300s_20x20det_2_14_9   8664  8785 12357 1043586  8177 28352 1065206  4468  68649 22250  72326
SRM_1831_300s_20x20det_2_15_0  13796 14351 19662 1658111 12420 44026 1648104  6472 104483 34322 112095
SRM_1831_300s_20x20det_2_15_1   7895  8273 11441  970667  7305 25576  967034  3865  61949 20385  65399
SRM_1831_300s_20x20det_2_15_10 11231 11912 16579 1384609 10677 36548 1378909  5099  88024 29192  91912
SRM_1831_300s_20x20det_2_15_11 13572 14216 19866 1656185 12691 44282 1647928  6316 104691 35268 110946
SRM_1831_300s_20x20det_2_15_12 13518 14284 19919 1656909 12703 43687 1646685  6514 106374 33545 111050
SRM_1831_300s_20x20det_2_15_13  2777  2918  3964  335590  2582  8975  334980  1436  21637  7621  22940
SRM_1831_300s_20x20det_2_15_14 13674 13797 19593 1650592 12403 44469 1647138  6364 105562 33891 110888
SRM_1831_300s_20x20det_2_15_15 13574 14291 20221 1664154 12511 44319 1651370  6463 105183 33997 110905
SRM_1831_300s_20x20det_2_15_16 13511 14110 19619 1661673 12644 44267 1650235  6528 105719 34665 111309
SRM_1831_300s_20x20det_2_15_17 13579 14193 19813 1659769 12375 44179 1649116  6330 104705 35350 110631
SRM_1831_300s_20x20det_2_15_18 13637 14029 19677 1657729 12432 43855 1648385  6659 105732 34543 110691
SRM_1831_300s_20x20det_2_15_19 13742 14100 19746 1659809 12464 43808 1649601  6482 104856 34428 111174
SRM_1831_300s_20x20det_2_15_2  13683 14260 19616 1655514 12471 43777 1645261  6701 104360 34413 110822
SRM_1831_300s_20x20det_2_15_3  13764 14338 19911 1655607 12620 44193 1647128  6110 104674 34150 111053
SRM_1831_300s_20x20det_2_15_4  13675 14443 19784 1657412 12543 43957 1646923  6192 104947 35186 110439
SRM_1831_300s_20x20det_2_15_5  13561 14241 19654 1658454 12759 43944 1645115  6434 105762 34517 110240
SRM_1831_300s_20x20det_2_15_6  13658 14230 19902 1658332 12913 44171 1648953  6751 105710 34767 110654
SRM_1831_300s_20x20det_2_15_7  13336 14126 19451 1658027 12354 44554 1649157  6438 104811 34421 110490
SRM_1831_300s_20x20det_2_15_8  13733 14090 19926 1659076 12451 44183 1646982  6447 105605 34567 111015
SRM_1831_300s_20x20det_2_15_9  13855 14154 19754 1658458 12536 44174 1649964  6451 104941 34751 110925
SRM_1831_300s_20x20det_2_16_0  13900 14356 20112 1658778 12869 44170 1648783  6215 105097 34284 111711
SRM_1831_300s_20x20det_2_16_1   1608  1670  2202  186003  1537  4900  184799   906  12004  4712  12399
SRM_1831_300s_20x20det_2_16_10 13697 14361 19444 1661362 12859 44141 1649438  6457 105776 34991 110734
SRM_1831_300s_20x20det_2_16_11 13837 14313 20006 1658127 12628 44082 1648066  6698 105559 34826 111371
SRM_1831_300s_20x20det_2_16_12 13679 14058 19977 1658186 12530 43972 1649834  6322 105386 35316 111050
SRM_1831_300s_20x20det_2_16_13 13623 13981 19602 1638457 15894 43430 1644861  6437 105332 33537 110885
SRM_1831_300s_20x20det_2_16_14 13700 14362 20109 1659988 12553 43948 1648179  6706 105319 35025 109607
SRM_1831_300s_20x20det_2_16_15 13751 14423 19769 1658511 12533 44026 1650912  6563 105434 35242 111129
SRM_1831_300s_20x20det_2_16_16 13724 14393 20004 1657911 12576 43613 1648230  6357 105209 34251 110708
SRM_1831_300s_20x20det_2_16_17 13704 14416 19944 1657729 12672 44139 1648086  6386 105740 34564 110916
SRM_1831_300s_20x20det_2_16_18  9850 10387 14418 1221820  9278 32595 1211919  4888  77421 25073  81957
SRM_1831_300s_20x20det_2_16_19 13641 14397 20239 1661192 12927 44593 1652452  6467 105034 34622 111458
SRM_1831_300s_20x20det_2_16_2  13834 14158 19562 1655841 12614 44303 1647478  6552 105067 34567 110437
SRM_1831_300s_20x20det_2_16_3  10320 10740 14589 1243719  9193 32959 1235657  4883  78492 25789  82249
SRM_1831_300s_20x20det_2_16_4  13627 14090 19627 1658373 12573 43606 1650401  6574 105188 35093 111051
SRM_1831_300s_20x20det_2_16_5  13669 14125 19863 1658045 12396 44100 1649806  6373 104891 34485 110911
SRM_1831_300s_20x20det_2_16_6  13567 14136 19643 1655940 12423 44055 1647855  6483 106166 34312 110481
SRM_1831_300s_20x20det_2_16_7  13632 14362 19719 1656741 12721 44264 1647862  6621 104120 34196 110243
SRM_1831_300s_20x20det_2_16_8  13679 14172 19658 1656506 12305 43695 1646864  6528 105331 35543 110240
SRM_1831_300s_20x20det_2_16_9  13474 13859 19294 1625792 12251 43118 1617139  5959 103472 34173 108942
SRM_1831_300s_20x20det_2_17_0  13871 14188 19986 1659596 12671 43654 1650304  6352 105027 34086 112194
SRM_1831_300s_20x20det_2_17_1  13700 14188 19801 1661628 12675 44046 1649193  6284 105445 34383 111578
SRM_1831_300s_20x20det_2_17_10 13447 14355 19812 1659296 12473 44231 1650960  6826 104744 35091 109907
SRM_1831_300s_20x20det_2_17_11 13651 14381 19895 1662992 12874 44431 1649730  6418 105825 34662 111762
SRM_1831_300s_20x20det_2_17_12 13781 14294 19798 1659389 12581 44207 1647577  6302 104938 35529 110697
SRM_1831_300s_20x20det_2_17_13 13489 13908 19630 1660019 12428 44573 1653533  6559 105910 34283 111787
SRM_1831_300s_20x20det_2_17_14  8848  9149 12735 1074658  8101 28663 1067606  4078  68366 22609  72559
SRM_1831_300s_20x20det_2_17_15 13919 14303 19721 1657601 12664 44142 1652416  6224 104740 34371 110482
SRM_1831_300s_20x20det_2_17_16 13730 14133 19812 1659380 12660 44187 1649398  6316 104891 34104 110189
SRM_1831_300s_20x20det_2_17_17 13708 14137 19769 1660535 12407 43905 1651148  6675 105161 34572 111272
SRM_1831_300s_20x20det_2_17_18 13593 14343 19770 1657945 12675 44444 1651234  6831 104971 33434 110291
SRM_1831_300s_20x20det_2_17_19 11049 11613 16062 1352496 10447 36404 1347396  5249  85634 28975  90569
SRM_1831_300s_20x20det_2_17_2  13832 14303 19833 1660213 12677 44557 1650138  6439 104996 34674 111446
SRM_1831_300s_20x20det_2_17_3  13645 14304 19985 1660518 12654 43571 1652794  6320 104399 33746 110889
SRM_1831_300s_20x20det_2_17_4  13804 14255 19739 1660910 12710 44288 1650014  6263 105067 34211 110375
SRM_1831_300s_20x20det_2_17_5  13869 14396 19880 1661525 12461 44218 1652006  6779 106300 34424 111668
SRM_1831_300s_20x20det_2_17_6  13806 14426 19887 1663677 12656 43867 1651644  6290 105298 34093 110809
SRM_1831_300s_20x20det_2_17_7  13764 14346 19455 1661485 12522 44537 1653998  6435 104463 35066 110568
SRM_1831_300s_20x20det_2_17_8  13813 14316 19751 1660588 12464 44045 1652996  6640 104945 34309 110434
SRM_1831_300s_20x20det_2_17_9  13536 14241 19681 1656952 12291 44105 1650137  6233 106009 35145 110515
SRM_1831_300s_20x20det_2_18_0  13776 14229 19796 1658694 12457 44346 1648225  6440 104736 33877 112824
SRM_1831_300s_20x20det_2_18_1  13769 14191 19748 1657426 12675 43649 1649515  6326 105397 35115 111904
SRM_1831_300s_20x20det_2_18_10 13554 14242 19781 1658144 12516 44089 1646223  6351 104784 34203 111171
SRM_1831_300s_20x20det_2_18_11 13835 14185 19784 1661144 12656 43815 1648287  6394 105327 34354 109798
SRM_1831_300s_20x20det_2_18_12 13589 14324 19820 1658491 12534 44074 1651907  6537 105603 34830 110085
SRM_1831_300s_20x20det_2_18_13 13891 14196 19886 1659519 12815 44055 1648257  6389 105643 34342 111252
SRM_1831_300s_20x20det_2_18_14 13612 14361 19653 1659670 12376 43980 1650756  6454 105014 34226 110585
SRM_1831_300s_20x20det_2_18_15 13520 14173 19592 1658307 12438 43975 1646940  6169 105527 35394 110852
SRM_1831_300s_20x20det_2_18_16 13677 14183 19688 1659040 12601 44271 1649537  6500 105472 34378 111057
SRM_1831_300s_20x20det_2_18_17 13530 14370 19760 1658933 12568 44110 1645212  6212 105081 33996 110886
SRM_1831_300s_20x20det_2_18_18 13529 14086 19829 1658115 12548 44055 1649319  6528 104861 33979 111824
SRM_1831_300s_20x20det_2_18_19 13531 14197 20017 1651123 12491 43629 1641086  6898 104902 34537 110524
SRM_1831_300s_20x20det_2_18_2  13767 14135 19929 1656026 12296 43966 1646312  6127 104341 34297 111600
SRM_1831_300s_20x20det_2_18_3  13711 14244 19579 1658282 12525 44219 1647993  6481 104684 34618 110759
SRM_1831_300s_20x20det_2_18_4  13618 14016 19721 1658053 12777 44160 1646897  6395 105342 34719 110798
SRM_1831_300s_20x20det_2_18_5  13848 13970 19722 1651983 12484 43925 1641867  6811 104527 33492 110250
SRM_1831_300s_20x20det_2_18_6  13621 14097 19815 1656443 12626 43992 1646723  6325 105022 34110 110459
SRM_1831_300s_20x20det_2_18_7  13542 14114 19244 1648926 12371 43778 1645947  6329 105723 35288 110804
SRM_1831_300s_20x20det_2_18_8  13608 14180 19779 1658242 12426 44033 1648062  6293 104690 34851 110964
SRM_1831_300s_20x20det_2_18_9  13609 14279 20043 1656879 13080 44340 1647822  6466 104797 34347 110970
SRM_1831_300s_20x20det_2_19_0  13920 14175 19561 1654176 12151 43949 1647386  6389 105002 34653 111802
SRM_1831_300s_20x20det_2_19_1  13667 14292 19993 1655265 12825 43834 1645429  6543 105849 34672 109978
SRM_1831_300s_20x20det_2_19_10 13669 14304 19798 1656208 12521 43709 1648656  6485 105518 34521 110567
SRM_1831_300s_20x20det_2_19_11 13706 14353 19729 1660605 12660 43772 1650619  6199 105414 34206 110202
SRM_1831_300s_20x20det_2_19_12 13655 14127 20003 1663813 12886 44371 1652414  6510 105507 34573 111201
SRM_1831_300s_20x20det_2_19_13 13665 14174 19558 1663839 12650 43913 1651377  6204 104907 34091 111845
SRM_1831_300s_20x20det_2_19_14 13244 13953 19633 1661645 12199 44073 1648556  6323 105964 34020 110655
SRM_1831_300s_20x20det_2_19_15 13784 14235 19511 1658836 12631 43946 1650515  6531 104402 34690 110112
SRM_1831_300s_20x20det_2_19_16 13588 14248 19400 1662422 12544 44291 1647193  6434 105261 35591 111189
SRM_1831_300s_20x20det_2_19_17 13494 14244 19826 1663069 12709 44454 1649676  6302 105285 34910 110217
SRM_1831_300s_20x20det_2_19_18 13823 14551 19983 1662080 12804 44173 1650341  6548 104521 34519 110626
SRM_1831_300s_20x20det_2_19_19 13557 14273 19516 1661051 12527 44106 1652229  6679 105474 35477 110126
SRM_1831_300s_20x20det_2_19_2  13779 14232 19822 1656317 12493 44099 1647249  6147 105380 34503 111607
SRM_1831_300s_20x20det_2_19_3  13787 14416 19793 1657029 12471 44256 1648105  6287 104859 34473 109839
SRM_1831_300s_20x20det_2_19_4  13608 14184 19750 1658436 12658 44274 1650465  6423 104941 33983 109872
SRM_1831_300s_20x20det_2_19_5  13432 14120 20029 1657051 12446 44606 1648931  6479 105365 34978 110181
SRM_1831_300s_20x20det_2_19_6  13630 14071 19747 1658059 12462 44342 1650777  6393 104294 34928 110959
SRM_1831_300s_20x20det_2_19_7  13579 14291 19641 1658108 12762 44256 1647672  6553 105280 34696 110573
SRM_1831_300s_20x20det_2_19_8  13676 13974 19850 1656375 12375 43583 1647346  6310 105356 34320 111271
SRM_1831_300s_20x20det_2_19_9  13849 14228 19754 1659922 12509 44125 1651142  6345 105687 35210 110652
SRM_1831_300s_20x20det_2_1_0   13567 14195 19683 1652084 12750 44244 1648626  6445 105886 34373 111539
SRM_1831_300s_20x20det_2_1_1   13843 13979 19548 1660208 12701 44147 1649862  6526 105774 34790 110846
SRM_1831_300s_20x20det_2_1_10  13653 14183 19914 1653561 12583 44262 1649845  6250 105776 34296 109953
SRM_1831_300s_20x20det_2_1_11  13433 14312 19634 1655583 12359 44138 1647842  6450 105354 34184 111489
SRM_1831_300s_20x20det_2_1_12  13531 14028 19426 1652176 12666 43651 1646354  6132 105662 35039 110586
SRM_1831_300s_20x20det_2_1_13  13586 14134 19595 1654855 12613 44214 1648417  6501 105053 34770 111655
SRM_1831_300s_20x20det_2_1_14  13687 14176 19791 1655435 12682 43857 1647759  6370 104843 34656 111231
SRM_1831_300s_20x20det_2_1_15  13757 14297 19537 1658228 12351 43974 1649570  6177 104828 34320 111152
SRM_1831_300s_20x20det_2_1_16  13773 14246 20184 1652126 12659 44459 1646205  6399 104741 33852 110334
SRM_1831_300s_20x20det_2_1_17  13409 14121 19708 1654222 12839 43856 1644117  6217 105346 34107 110631
SRM_1831_300s_20x20det_2_1_18  13556 14517 19823 1654355 12742 44146 1643828  6932 105847 34714 111406
SRM_1831_300s_20x20det_2_1_19  13710 14176 19592 1656618 12531 44045 1649385  6688 105227 34359 111083
SRM_1831_300s_20x20det_2_1_2   13818 14102 19700 1657011 12672 44085 1652395  6610 104322 34309 110855
SRM_1831_300s_20x20det_2_1_3   13726 14326 19989 1655908 12567 43861 1645859  6331 105409 34131 110544
SRM_1831_300s_20x20det_2_1_4    8593  8804 12341 1045184  7848 28091 1042055  3953  66587 22176  69698
SRM_1831_300s_20x20det_2_1_5   13993 14292 19873 1653906 12396 43988 1646667  6779 104453 33979 112443
SRM_1831_300s_20x20det_2_1_6   13488 14366 19763 1654674 12437 44087 1648238  6510 104871 33861 110278
SRM_1831_300s_20x20det_2_1_7   13695 13973 19684 1655781 12531 43994 1649690  6497 105363 34789 110282
SRM_1831_300s_20x20det_2_1_8   13712 14155 19915 1656464 12703 44048 1649572  6049 105216 34422 110478
SRM_1831_300s_20x20det_2_1_9   13724 14139 19710 1654673 12244 44182 1647092  6278 104794 34574 110923
SRM_1831_300s_20x20det_2_2_0   13682 14387 19676 1653641 12524 44247 1645997  6481 104465 34357 112456
SRM_1831_300s_20x20det_2_2_1   13451 14373 19545 1655183 12450 44049 1645290  6699 105095 35588 111338
SRM_1831_300s_20x20det_2_2_10  13436 14283 19236 1657148 12355 44212 1647957  6242 104878 34597 110955
SRM_1831_300s_20x20det_2_2_11   9219  9473 13223 1101033  8293 29310 1098937  4453  70271 23102  73727
SRM_1831_300s_20x20det_2_2_12  13526 14102 19517 1654882 12335 44228 1646652  6336 105466 33441 110820
SRM_1831_300s_20x20det_2_2_13  13544 14149 19506 1657646 12380 43989 1646808  6169 104871 35214 110841
SRM_1831_300s_20x20det_2_2_14  13531 14172 19540 1655740 12847 44301 1648017  6252 104605 34533 111135
SRM_1831_300s_20x20det_2_2_15  13448 14251 19745 1656658 12202 44043 1645764  6299 105313 34002 111118
SRM_1831_300s_20x20det_2_2_16  13506 14283 19390 1653159 12598 43920 1647126  6283 104808 34741 110536
SRM_1831_300s_20x20det_2_2_17  13676 14291 19833 1656424 12571 43829 1647415  6632 105351 34611 111176
SRM_1831_300s_20x20det_2_2_18  13612 14262 19812 1652936 12555 43876 1648496  6436 104894 34858 110994
SRM_1831_300s_20x20det_2_2_19  13481 14222 19976 1656452 12837 44376 1648984  6520 105169 34628 110329
SRM_1831_300s_20x20det_2_2_2   13505 14411 19525 1652656 12705 43952 1645406  6648 104954 34926 110395
SRM_1831_300s_20x20det_2_2_3   13686 14437 19678 1653897 12494 43870 1647840  6283 104613 34864 110612
SRM_1831_300s_20x20det_2_2_4   13781 14265 19465 1655880 12609 43963 1646053  6013 104302 34331 110224
SRM_1831_300s_20x20det_2_2_5     560   647   907   71544   645  1944   71767   398   4703  1946   4810
SRM_1831_300s_20x20det_2_2_6   13475 14354 19860 1654717 12442 44071 1646724  6498 105583 35018 110806
SRM_1831_300s_20x20det_2_2_7    4350  4495  6351  527469  4078 14114  524789  2160  33826 11809  35934
SRM_1831_300s_20x20det_2_2_8   13747 14281 19897 1656455 12393 44023 1649986  6526 105290 34426 110580
SRM_1831_300s_20x20det_2_2_9   13795 13951 20030 1653865 12641 44031 1647777  6318 105218 33996 111022
SRM_1831_300s_20x20det_2_3_0   13885 14273 19731 1658339 12782 44400 1648062  6260 105132 35040 112608
SRM_1831_300s_20x20det_2_3_1   13826 14365 19759 1655578 12636 44358 1647632  6431 105522 34248 111541
SRM_1831_300s_20x20det_2_3_10  13313 14441 19867 1658072 12410 44275 1647906  6711 103852 34582 110451
SRM_1831_300s_20x20det_2_3_11  13627 14112 19473 1656181 12317 44309 1650098  6642 105719 34025 110597
SRM_1831_300s_20x20det_2_3_12  13690 14290 19713 1654233 12485 43893 1646558  6548 104991 34054 110914
SRM_1831_300s_20x20det_2_3_13  13811 14288 19925 1656379 12734 44539 1649807  6706 105763 33936 110383
SRM_1831_300s_20x20det_2_3_14  13453 14164 19400 1652729 12521 43971 1645388  6366 104480 34867 110349
SRM_1831_300s_20x20det_2_3_15  13686 14285 19673 1658175 12510 43997 1649835  6382 105776 34358 110023
SRM_1831_300s_20x20det_2_3_16  13401 14300 19734 1656311 12441 43983 1649839  6437 105258 33937 109741
SRM_1831_300s_20x20det_2_3_17  13735 14506 19433 1655836 12446 44293 1649930  6236 105606 34834 110683
SRM_1831_300s_20x20det_2_3_18  13833 14205 19985 1656824 12302 44002 1650460  6267 104345 33795 109992
SRM_1831_300s_20x20det_2_3_19  13448 14498 19541 1656872 12447 44218 1649281  6286 106266 34099 110686
SRM_1831_300s_20x20det_2_3_2   13451 14432 19920 1656360 12533 43861 1649774  6443 105422 34624 111943
SRM_1831_300s_20x20det_2_3_3   13714 14082 20258 1655226 12317 43661 1647484  6738 104305 34241 110273
SRM_1831_300s_20x20det_2_3_4   10516 10903 15076 1278769  9857 34124 1272602  5016  80581 27294  86239
SRM_1831_300s_20x20det_2_3_5   13994 14364 19885 1656847 12903 44294 1651001  6451 104979 34342 110988
SRM_1831_300s_20x20det_2_3_6   13513 13945 19809 1654175 12692 44032 1650063  6979 105103 34587 111011
SRM_1831_300s_20x20det_2_3_7   13575 14276 19647 1656373 12425 44207 1648448  6714 105207 34498 111672
SRM_1831_300s_20x20det_2_3_8   13711 14307 19657 1657691 12520 43910 1649841  6471 105275 34638 111794
SRM_1831_300s_20x20det_2_3_9   13675 14083 19579 1655913 12442 43912 1647729  6412 104652 33805 111125
SRM_1831_300s_20x20det_2_4_0   13792 14193 19848 1656860 12322 44043 1650405  6444 105708 34511 112315
SRM_1831_300s_20x20det_2_4_1   13584 13992 19567 1656203 12388 44203 1649667  6617 105028 34613 111292
SRM_1831_300s_20x20det_2_4_10  13718 14290 20074 1655013 12786 43722 1647236  6750 104395 34545 111152
SRM_1831_300s_20x20det_2_4_11  13659 14087 19796 1656339 12385 44286 1647365  6664 104729 34411 110391
SRM_1831_300s_20x20det_2_4_12  13706 14221 19460 1652890 12649 44444 1646769  6232 105536 34576 110396
SRM_1831_300s_20x20det_2_4_13  13566 13999 19439 1654660 12460 43910 1646272  6364 104829 34571 110936
SRM_1831_300s_20x20det_2_4_14  13819 14412 19664 1654639 12496 44420 1645813  6685 106021 33895 110718
SRM_1831_300s_20x20det_2_4_15  13542 14058 19619 1656916 12393 44225 1649915  6491 105587 34153 110234
SRM_1831_300s_20x20det_2_4_16  13407 14104 19496 1629600 12779 43845 1645950  6309 105499 34714 110774
SRM_1831_300s_20x20det_2_4_17  13756 14239 19683 1655163 12523 44266 1648059  6147 105825 34481 110627
SRM_1831_300s_20x20det_2_4_18  13663 14273 19676 1657668 12662 44106 1649608  6372 105443 33913 110061
SRM_1831_300s_20x20det_2_4_19  13707 14085 19660 1656734 12664 43655 1648236  6371 105606 34397 110530
SRM_1831_300s_20x20det_2_4_2   13742 14272 19699 1652135 12670 44076 1648074  6300 105212 34078 110707
SRM_1831_300s_20x20det_2_4_3   13475 14167 19751 1652966 12468 43996 1645517  6527 105356 34902 110982
SRM_1831_300s_20x20det_2_4_4   13611 14188 19923 1650567 12264 43802 1643379  6326 105253 34330 110205
SRM_1831_300s_20x20det_2_4_5   13595 14020 19642 1650556 12304 44210 1643812  6116 105701 34747 110032
SRM_1831_300s_20x20det_2_4_6   13458 14385 19812 1654218 12383 43986 1644477  6231 104426 34962 110765
SRM_1831_300s_20x20det_2_4_7   13565 14052 19541 1654394 12356 43835 1646230  5941 105581 34039 110328
SRM_1831_300s_20x20det_2_4_8   13463 14057 19692 1653441 12558 43649 1647264  6407 105656 34356 111031
SRM_1831_300s_20x20det_2_4_9   13665 14018 19762 1652037 12875 44178 1648453  6373 104177 33942 110380
SRM_1831_300s_20x20det_2_5_0   13677 14263 19893 1653955 12450 44459 1645935  6606 105385 33137 111310
SRM_1831_300s_20x20det_2_5_1   13736 14077 19581 1656537 12526 44114 1648077  6464 104804 34361 111241
SRM_1831_300s_20x20det_2_5_10  13490 14319 19954 1658412 12779 43873 1650979  6135 105390 34599 112014
SRM_1831_300s_20x20det_2_5_11  13707 14090 19711 1655979 12680 43790 1651705  6421 105100 34954 110772
SRM_1831_300s_20x20det_2_5_12  13799 14123 20081 1653684 12933 44063 1646503  6293 104882 34513 109807
SRM_1831_300s_20x20det_2_5_13   9115  9437 13278 1103343  8460 29584 1099113  4363  70218 23255  74209
SRM_1831_300s_20x20det_2_5_14  13619 14181 19674 1656286 12668 43895 1653563  6433 104879 34262 110554
SRM_1831_300s_20x20det_2_5_15  13836 14164 19644 1654864 12639 44155 1648214  6002 104845 34395 111875
SRM_1831_300s_20x20det_2_5_16  13575 14202 19618 1656952 12273 44014 1646476  6545 104663 34399 110345
SRM_1831_300s_20x20det_2_5_17  13821 14283 19675 1655357 12478 44087 1646664  6380 105566 34395 111274
SRM_1831_300s_20x20det_2_5_18  13387 14121 19464 1656886 12404 44091 1646786  6321 104942 34738 110253
SRM_1831_300s_20x20det_2_5_19  13661 14336 19484 1655783 12571 44210 1647854  6369 105285 34265 111135
SRM_1831_300s_20x20det_2_5_2   13704 14142 19761 1652345 12640 44396 1647258  6433 104757 34010 110902
SRM_1831_300s_20x20det_2_5_3   13606 14282 19516 1651561 12436 44503 1644979  6861 105274 34166 110377
SRM_1831_300s_20x20det_2_5_4   12825 13821 18998 1599509 12368 43906 1640366  6380 105095 34391 110288
SRM_1831_300s_20x20det_2_5_5   13563 13916 19843 1655524 12581 43942 1647741  6204 105583 33533 110321
SRM_1831_300s_20x20det_2_5_6   13327 13867 19563 1657601 12666 44014 1647680  6517 105325 34497 110343
SRM_1831_300s_20x20det_2_5_7   13472 14028 19603 1657211 12666 44115 1647892  6615 105513 34388 110326
SRM_1831_300s_20x20det_2_5_8   13651 14396 19785 1655910 12477 44456 1647282  6032 104486 35706 110895
SRM_1831_300s_20x20det_2_5_9   13349 14268 19662 1655650 12211 43760 1650330  6233 105568 35392 111331
SRM_1831_300s_20x20det_2_6_0    7770  8011 11308  949629  7120 25284  945996  3860  60877 19621  63954
SRM_1831_300s_20x20det_2_6_1   13727 14206 19981 1649735 12605 44192 1647555  6349 104185 34437 111528
SRM_1831_300s_20x20det_2_6_10  13526 14322 19543 1654515 12764 44307 1645830  6456 104440 33771 110140
SRM_1831_300s_20x20det_2_6_11  13543 14305 19658 1656433 12484 44146 1647524  6603 105933 35013 110599
SRM_1831_300s_20x20det_2_6_12  13799 14311 19831 1655579 12571 44066 1649539  6379 105226 34928 110479
SRM_1831_300s_20x20det_2_6_13  12594 13301 18211 1545419 11643 41185 1540434  6028  98214 32155 102864
SRM_1831_300s_20x20det_2_6_14  13570 14231 19958 1657898 12661 44152 1648943  6523 105380 35190 111165
SRM_1831_300s_20x20det_2_6_15  13580 14122 19511 1658448 12544 44121 1649970  6505 105295 34770 110854
SRM_1831_300s_20x20det_2_6_16  13377 14095 19775 1652812 12459 44031 1646127  6541 105120 34949 110736
SRM_1831_300s_20x20det_2_6_17  13764 14269 19672 1656832 12008 43943 1646984  6563 104580 34125 110546
SRM_1831_300s_20x20det_2_6_18   1475  1631  2242  186041  1517  5008  185217   882  12243  4404  12775
SRM_1831_300s_20x20det_2_6_19  13441 14061 19599 1655223 12639 44169 1649834  6653 105510 35030 110607
SRM_1831_300s_20x20det_2_6_2   13557 14317 19783 1655488 12229 44785 1645237  6529 104294 34367 110342
SRM_1831_300s_20x20det_2_6_3   12459 13264 17746 1498905 11368 40086 1490703  5636  94980 31611 100223
SRM_1831_300s_20x20det_2_6_4   13625 14312 19933 1655881 12550 43497 1647182  6419 105475 34762 110609
SRM_1831_300s_20x20det_2_6_5   13649 14052 19704 1653673 12406 43889 1643388  6259 105769 33796 110785
SRM_1831_300s_20x20det_2_6_6   13542 14258 19717 1656147 12794 43816 1646135  6324 104641 34447 110456
SRM_1831_300s_20x20det_2_6_7   13577 14123 19929 1655666 12534 44218 1648567  6046 104352 34545 110426
SRM_1831_300s_20x20det_2_6_8   13392 14231 19601 1655634 12334 44078 1647717  6496 104769 34284 110144
SRM_1831_300s_20x20det_2_6_9   13870 14130 19741 1656164 12251 44205 1649408  6109 104824 35251 109867
SRM_1831_300s_20x20det_2_7_0   13705 14163 19624 1655009 12719 44088 1648007  6186 104593 34645 111285
SRM_1831_300s_20x20det_2_7_1   13611 14080 19518 1657935 12662 43909 1645072  6363 105633 34110 110770
SRM_1831_300s_20x20det_2_7_10  13494 14165 19476 1659354 12516 43967 1650727  6807 104936 35453 110846
SRM_1831_300s_20x20det_2_7_11  13823 14357 19672 1656147 12398 44170 1646918  6202 104923 34122 111549
SRM_1831_300s_20x20det_2_7_12  13652 14237 19869 1657784 12620 43933 1649543  5933 106225 35196 110398
SRM_1831_300s_20x20det_2_7_13  10513 10999 15201 1269568  9624 33895 1261544  4776  81186 26433  84547
SRM_1831_300s_20x20det_2_7_14  13662 14387 19892 1658216 12777 43966 1647853  6559 105433 34863 110893
SRM_1831_300s_20x20det_2_7_15  13511 14200 19759 1654095 12429 44080 1650013  6245 105695 35100 110879
SRM_1831_300s_20x20det_2_7_16  13332 14004 19749 1654215 12348 43794 1645835  6502 105328 34451 110544
SRM_1831_300s_20x20det_2_7_17  13542 14185 19817 1658134 12589 43834 1651543  6479 105024 34925 111616
SRM_1831_300s_20x20det_2_7_18  13860 14292 19654 1654377 12310 44303 1648040  6552 104080 34429 109782
SRM_1831_300s_20x20det_2_7_19  13615 14112 19795 1654208 12588 44252 1647714  6312 105094 35072 110529
SRM_1831_300s_20x20det_2_7_2   13848 14424 19649 1655302 12617 43985 1646821  6430 105082 34976 110708
SRM_1831_300s_20x20det_2_7_3   13596 14212 19575 1655582 12204 44033 1650735  6399 105175 33766 110398
SRM_1831_300s_20x20det_2_7_4   13697 14382 20009 1656968 12476 44083 1649697  6238 105805 34175 110516
SRM_1831_300s_20x20det_2_7_5   13506 14272 19805 1657783 12542 44285 1647892  6473 105321 34456 110669
SRM_1831_300s_20x20det_2_7_6   13616 14204 19612 1656646 12658 43564 1650931  6339 105333 34164 110847
SRM_1831_300s_20x20det_2_7_7   13586 14258 19665 1655169 12452 44479 1646471  6226 104992 33881 110509
SRM_1831_300s_20x20det_2_7_8   13626 14150 19386 1658591 12297 44113 1649123  6370 105173 34013 111347
SRM_1831_300s_20x20det_2_7_9   13529 14246 19732 1656294 12860 43979 1646636  6433 106131 34597 110356
SRM_1831_300s_20x20det_2_8_0   13499 14477 19857 1658459 12408 44016 1648974  6446 105330 34152 112051
SRM_1831_300s_20x20det_2_8_1   13465 14189 19849 1657681 12396 44055 1650696  6174 105868 33999 110974
SRM_1831_300s_20x20det_2_8_10  13468 14266 19473 1656172 12728 44265 1650899  6510 105289 34661 111076
SRM_1831_300s_20x20det_2_8_11  13615 14092 19782 1656198 12748 44288 1645493  6259 105728 33733 111004
SRM_1831_300s_20x20det_2_8_12  13690 14328 19852 1654910 12199 43504 1647154  6084 105664 34666 111044
SRM_1831_300s_20x20det_2_8_13  13591 13955 19537 1653686 12548 43683 1645525  6469 105448 34573 109910
SRM_1831_300s_20x20det_2_8_14  13611 14137 19845 1653559 12655 43916 1645960  6499 104170 33744 110541
SRM_1831_300s_20x20det_2_8_15  13744 14074 19580 1656716 12603 43871 1651099  6137 105462 34282 111447
SRM_1831_300s_20x20det_2_8_16   4293  4503  6119  518934  3999 13643  517295  2102  33533 11266  34975
SRM_1831_300s_20x20det_2_8_17  13493 14212 19763 1655625 12588 44015 1644839  6066 104534 33509 110327
SRM_1831_300s_20x20det_2_8_18  13766 14364 19853 1656042 12841 44432 1650502  6513 105308 34043 110743
SRM_1831_300s_20x20det_2_8_19  13885 14239 19879 1660574 12721 44064 1651457  6287 104571 34591 111264
SRM_1831_300s_20x20det_2_8_2   13781 14184 19893 1655954 12748 44054 1648733  6597 105079 34800 111999
SRM_1831_300s_20x20det_2_8_3   13299 14208 19896 1659909 12229 43926 1649741  6095 104671 34913 111707
SRM_1831_300s_20x20det_2_8_4   13538 14090 19677 1660220 12533 44171 1651460  6492 105862 33933 110521
SRM_1831_300s_20x20det_2_8_5   13700 14176 19719 1657966 12251 43946 1648515  5862 105451 33929 110937
SRM_1831_300s_20x20det_2_8_6   13575 14076 19765 1657682 12367 43778 1648339  6542 106009 34353 110816
SRM_1831_300s_20x20det_2_8_7   13718 14298 19845 1659959 12687 44187 1650574  5977 105592 34593 111765
SRM_1831_300s_20x20det_2_8_8   13533 14090 19491 1658116 12525 44216 1648790  6325 105343 34150 111787
SRM_1831_300s_20x20det_2_8_9   13694 14329 19639 1658090 12642 44389 1649277  6412 104318 34262 110398
SRM_1831_300s_20x20det_2_9_0   13487 14123 19518 1653466 12311 44050 1648890  6513 104557 34771 111287
SRM_1831_300s_20x20det_2_9_1   10967 11383 15675 1311646 10207 34740 1304213  5189  83371 27564  88170
SRM_1831_300s_20x20det_2_9_10  13629 14301 19842 1656097 12696 43922 1649431  6746 105967 34304 111169
SRM_1831_300s_20x20det_2_9_11  13590 14479 19706 1656817 12337 43840 1651943  6197 104594 34266 110785
SRM_1831_300s_20x20det_2_9_12   2679  2803  3811  330991  2621  8583  328972  1504  21245  7351  22271
SRM_1831_300s_20x20det_2_9_13  13520 14174 19603 1657672 12423 44554 1649407  6363 105219 34628 110584
SRM_1831_300s_20x20det_2_9_14  13632 13977 20115 1655141 12511 43997 1648094  6375 105457 34420 111259
SRM_1831_300s_20x20det_2_9_15  13364 14138 19557 1654509 12352 43703 1643044  6238 105218 34465 110292
SRM_1831_300s_20x20det_2_9_16  13484 14334 19713 1657520 12685 44308 1649393  6387 105302 34285 110492
SRM_1831_300s_20x20det_2_9_17  13415 14324 20003 1643847 12813 44122 1646457  6813 105534 34803 110837
SRM_1831_300s_20x20det_2_9_18  13584 13976 19809 1657281 12625 44034 1649435  6694 105651 35248 110471
SRM_1831_300s_20x20det_2_9_19  13562 14309 19754 1657427 12294 43963 1648221  6450 105386 34173 110234
SRM_1831_300s_20x20det_2_9_2   12932 13393 18863 1608517 12350 43955 1642990  6390 105627 34091 111607
SRM_1831_300s_20x20det_2_9_3   13488 13981 19802 1655767 12591 43992 1649247  6220 105468 34114 110704
SRM_1831_300s_20x20det_2_9_4   13362 14278 19682 1652096 12505 43891 1644252  6380 105147 35114 110184
SRM_1831_300s_20x20det_2_9_5   13736 14398 20076 1656122 12784 44296 1648721  6369 106013 34490 111670
SRM_1831_300s_20x20det_2_9_6   13551 14358 19731 1654781 12644 44205 1649418  6936 105489 34590 110056
SRM_1831_300s_20x20det_2_9_7   13522 14354 19743 1654597 12588 44261 1650253  6498 104773 34390 110530
SRM_1831_300s_20x20det_2_9_8    1991  2030  2917  245680  1756  6458  244982  1166  16030  5739  16610
SRM_1831_300s_20x20det_2_9_9   13881 14380 19635 1658365 12716 43656 1648639  6235 104942 34759 110915


Mean value:                    13076 13644 18938 1589105 12057 42285 1581564  6168 100948 33113 106394
Std. Abw.:                      2095  2185  3037  253892  1933  6756  252453   972  16047  5194  16941
Std. Abw. rel. [%]:            16.02 16.01 16.03   15.98 16.03 15.98   15.96 15.75  15.90 15.69  15.92
Conf. interval:                  105   109   152   12695    97   338   12623    49    802   260    847
