Net counts

Spectrum                          Na    Mg    Al      Si     S     K      Ca    Ti     Fe    Sr     Rh
------------------------------------------------------------------------------------------------------
SRM_1831_300s_20x20det_2_0_0   10409 11958 16966 1828252  9669 51544 2034759  7365 129532 39971 134193
SRM_1831_300s_20x20det_2_0_1   10793 11905 17056 1825421  9953 50745 2034475  7531 130651 38998 135069
SRM_1831_300s_20x20det_2_0_10  10811 11932 16911 1831569 10283 51301 2044250  7375 131354 41073 136306
SRM_1831_300s_20x20det_2_0_11  10669 12024 16832 1832310 10050 51455 2046160  7392 130671 40320 135480
SRM_1831_300s_20x20det_2_0_12  10589 11815 16865 1833463 10131 50840 2049145  7252 131597 40186 136975
SRM_1831_300s_20x20det_2_0_13  10407 11670 16873 1832277  9734 51301 2044768  7203 130633 40089 137265
SRM_1831_300s_20x20det_2_0_14  10628 11893 17103 1833077  9841 51393 2047038  7102 131619 39536 136635
SRM_1831_300s_20x20det_2_0_15  10670 12086 16986 1828126 10212 51556 2043720  6875 132410 39684 136993
SRM_1831_300s_20x20det_2_0_16  10869 11999 17365 1831667 10084 51224 2043992  7133 131030 40757 135449
SRM_1831_300s_20x20det_2_0_17  10666 12153 17216 1831993 10066 50672 2041455  7652 130882 39855 136029
SRM_1831_300s_20x20det_2_0_18  10809 12071 17453 1829518 10330 51017 2043170  7061 130526 39927 135534
SRM_1831_300s_20x20det_2_0_19  10807 12051 17029 1833830 10024 50851 2044582  7337 130298 39831 135817
SRM_1831_300s_20x20det_2_0_2    1915  2074  2955  331630  1764  9075  369912  1163  23236  7106  24022
SRM_1831_300s_20x20det_2_0_3   10727 11802 17118 1828614 10093 51153 2036608  7048 130468 39760 136585
SRM_1831_300s_20x20det_2_0_4   10828 11866 17183 1830210 10076 51048 2042563  7615 130065 40605 136171
SRM_1831_300s_20x20det_2_0_5   10589 12047 16831 1828428 10188 50557 2041683  7387 132177 39903 135349
SRM_1831_300s_20x20det_2_0_6   10587 11869 17530 1836864  9868 51257 2049185  7406 131559 40012 136196
SRM_1831_300s_20x20det_2_0_7   10518 11871 17018 1834598 10041 51239 2048017  7493 130555 40330 137426
SRM_1831_300s_20x20det_2_0_8   10824 12045 17173 1833739 10206 51642 2046133  7027 130651 40027 136092
SRM_1831_300s_20x20det_2_0_9   10326 11574 16580 1785762  9997 51166 2039741  7592 131166 39820 136361
SRM_1831_300s_20x20det_2_10_0  10621 11822 17263 1828459 10273 51154 2042904  7401 131326 39490 135635
SRM_1831_300s_20x20det_2_10_1  10602 12064 17328 1828165  9957 50653 2043857  7154 131341 40359 135940
SRM_1831_300s_20x20det_2_10_10 10159 11584 16432 1797463 10180 51071 2036215  7049 130954 40991 135549
SRM_1831_300s_20x20det_2_10_11 10624 11960 17076 1830526 10268 51675 2044582  7321 130086 39922 133253
SRM_1831_300s_20x20det_2_10_12 10642 11999 16951 1829382  9719 51191 2045118  7438 130911 39796 134486
SRM_1831_300s_20x20det_2_10_13 10607 11954 17145 1827307 10041 51330 2042100  7190 131783 40764 135578
SRM_1831_300s_20x20det_2_10_14 10605 11864 16787 1826923  9788 50224 2043721  7063 131267 40066 136078
SRM_1831_300s_20x20det_2_10_15 10871 11823 17208 1833191 10258 51392 2046449  7150 131429 39420 135675
SRM_1831_300s_20x20det_2_10_16 10971 12296 17302 1831177  9855 51191 2041638  7055 131530 40589 135616
SRM_1831_300s_20x20det_2_10_17 10770 11993 17127 1825617 10020 51430 2041597  7192 130471 40672 135621
SRM_1831_300s_20x20det_2_10_18 10520 12166 16851 1828938  9997 51440 2045139  7415 131129 40211 136363
SRM_1831_300s_20x20det_2_10_19 10643 11972 17015 1828510 10101 50620 2045631  7381 130798 40089 136527
SRM_1831_300s_20x20det_2_10_2  10559 12273 16944 1832254 10111 50859 2046540  7422 131201 38708 135644
SRM_1831_300s_20x20det_2_10_3  10739 11783 17049 1831378 10058 51856 2040905  7239 131567 39909 135294
SRM_1831_300s_20x20det_2_10_4  10541 11870 17305 1830842 10375 51011 2043580  7165 131623 40231 135632
SRM_1831_300s_20x20det_2_10_5  10932 11909 17286 1830835  9757 51052 2044949  7327 130601 39786 134743
SRM_1831_300s_20x20det_2_10_6  10600 11617 17090 1829009 10016 50969 2040748  7265 131274 40135 134825
SRM_1831_300s_20x20det_2_10_7  10586 11810 16985 1830656 10137 51054 2045028  6823 131185 40543 134783
SRM_1831_300s_20x20det_2_10_8  10728 11864 17455 1829338 10065 51150 2044041  7332 131044 40600 135736
SRM_1831_300s_20x20det_2_10_9   6538  7504 10567 1141779  6345 31873 1275696  4457  81185 24689  84187
SRM_1831_300s_20x20det_2_11_0  10676 11819 17316 1823961 10032 51309 2038859  7244 130141 39939 136899
SRM_1831_300s_20x20det_2_11_1  10913 12012 17356 1827014 10282 51051 2042051  7020 130342 39572 135914
SRM_1831_300s_20x20det_2_11_10 10390 11894 16928 1831970 10045 50622 2044854  7457 130765 40730 135692
SRM_1831_300s_20x20det_2_11_11 10622 11810 17051 1831364 10064 51542 2044964  7384 130574 39642 134862
SRM_1831_300s_20x20det_2_11_12 10734 12174 16946 1830878 10068 51379 2045050  7325 131033 39506 134998
SRM_1831_300s_20x20det_2_11_13 10796 11906 17081 1828842 10288 50893 2046082  7418 131407 40574 135025
SRM_1831_300s_20x20det_2_11_14 10415 11703 17252 1830898  9658 50732 2047516  7381 131114 40094 135398
SRM_1831_300s_20x20det_2_11_15 10540 11935 16987 1831573  9817 51520 2047207  7073 130384 39529 136054
SRM_1831_300s_20x20det_2_11_16  4769  5383  7845  855736  4777 23290  957247  3365  61490 18648  63264
SRM_1831_300s_20x20det_2_11_17 10579 11877 16883 1822595 10093 50703 2044689  7058 131489 39414 135136
SRM_1831_300s_20x20det_2_11_18 10554 12023 16926 1830591 10272 50961 2041724  7176 131034 40565 135303
SRM_1831_300s_20x20det_2_11_19 10756 11913 17005 1826254 10083 51488 2044603  7285 130485 40162 135393
SRM_1831_300s_20x20det_2_11_2  10580 11769 17265 1828392 10021 51029 2042829  7203 132028 40369 135989
SRM_1831_300s_20x20det_2_11_3   3502  3984  5670  608636  3277 17028  679109  2358  43773 13090  44321
SRM_1831_300s_20x20det_2_11_4  10751 11799 17204 1827097 10299 51259 2043605  7330 130724 40190 134986
SRM_1831_300s_20x20det_2_11_5  10894 12022 17146 1831414 10067 51395 2044873  7141 130845 40005 136482
SRM_1831_300s_20x20det_2_11_6  10832 11800 17145 1829368 10055 51432 2044501  7475 130334 39451 135445
SRM_1831_300s_20x20det_2_11_7  10449 11958 17073 1833202 10049 50753 2043129  7002 130533 40552 134847
SRM_1831_300s_20x20det_2_11_8  10385 11632 16937 1828303  9852 50811 2044022  7485 130970 40198 135441
SRM_1831_300s_20x20det_2_11_9   6376  7053 10255 1098654  5965 30729 1226544  4540  78660 24211  80693
SRM_1831_300s_20x20det_2_12_0  10778 12122 17101 1829869  9963 50707 2044384  7290 131042 38769 135087
SRM_1831_300s_20x20det_2_12_1   4374  5041  7112  767254  4235 21598  857517  3009  54085 16486  56611
SRM_1831_300s_20x20det_2_12_10 10669 12099 17029 1833266  9872 51170 2046337  7380 130805 40150 135850
SRM_1831_300s_20x20det_2_12_11 10906 12051 16795 1826272  9703 51057 2043518  7203 131289 40462 134584
SRM_1831_300s_20x20det_2_12_12 10657 12226 17137 1825641 10073 51305 2040374  7302 131557 40402 135085
SRM_1831_300s_20x20det_2_12_13 10385 11985 17137 1830412 10093 51016 2045948  7092 130005 40626 135838
SRM_1831_300s_20x20det_2_12_14 10732 11928 17466 1830054 10006 51555 2045250  7172 129781 40973 134230
SRM_1831_300s_20x20det_2_12_15 10652 12083 17057 1826086 10242 50094 2043841  7352 131296 40008 134638
SRM_1831_300s_20x20det_2_12_16 10690 11924 16846 1826554  9633 50953 2043182  7194 130725 39772 135757
SRM_1831_300s_20x20det_2_12_17 10761 11854 17435 1829474  9760 51033 2040556  7127 131324 40570 135052
SRM_1831_300s_20x20det_2_12_18 10935 12126 16665 1828595  9918 51444 2043988  7468 131708 39852 135209
SRM_1831_300s_20x20det_2_12_19  8037  8773 12457 1363532  7193 38161 1523458  5264  97853 29529 100864
SRM_1831_300s_20x20det_2_12_2  10339 12002 17516 1830207 10079 51290 2045785  7342 130799 39454 135523
SRM_1831_300s_20x20det_2_12_3  10780 12162 17474 1829493 10123 50945 2043197  7339 130879 39421 135399
SRM_1831_300s_20x20det_2_12_4  10517 12075 17403 1831466 10170 50566 2044524  7038 131504 39903 136010
SRM_1831_300s_20x20det_2_12_5   7161  8194 11911 1273305  7199 35415 1424390  5139  91443 27920  93456
SRM_1831_300s_20x20det_2_12_6  10846 12330 17295 1826350 10122 50802 2042315  6889 131078 40341 135445
SRM_1831_300s_20x20det_2_12_7  10479 11966 17257 1828539  9791 50590 2041294  7146 130856 40241 134724
SRM_1831_300s_20x20det_2_12_8  10488 11707 16965 1831183  9960 50785 2044675  7343 131869 40518 137163
SRM_1831_300s_20x20det_2_12_9  10498 12234 17237 1831015 10115 51162 2042604  7523 131463 39804 135669
SRM_1831_300s_20x20det_2_13_0   5034  5525  8057  887495  4623 24615  990875  3572  63485 18672  65374
SRM_1831_300s_20x20det_2_13_1  10547 11981 17338 1827936  9772 51210 2040362  7706 130164 40120 135701
SRM_1831_300s_20x20det_2_13_10 10787 12114 17290 1834107 10046 50797 2047449  7209 131186 40119 134802
SRM_1831_300s_20x20det_2_13_11 10662 11964 16892 1834446 10393 51643 2048217  7208 132083 40335 136431
SRM_1831_300s_20x20det_2_13_12 10457 11870 17008 1824320  9996 51019 2044390  7002 130884 39759 137025
SRM_1831_300s_20x20det_2_13_13 10439 11735 17079 1833602  9912 51021 2047306  7073 130296 40322 135148
SRM_1831_300s_20x20det_2_13_14 10746 11954 16786 1831741 10275 51393 2045462  7707 131599 40675 135789
SRM_1831_300s_20x20det_2_13_15 10554 11871 17433 1832740 10124 50999 2046173  7069 131631 40513 135480
SRM_1831_300s_20x20det_2_13_16 10586 11948 17036 1833098 10298 50745 2046104  7118 131232 39448 135410
SRM_1831_300s_20x20det_2_13_17 10620 11820 17010 1831592 10105 51232 2043918  7458 131374 41372 135107
SRM_1831_300s_20x20det_2_13_18 10692 12262 17203 1833897  9886 51200 2044699  7244 130938 39814 136217
SRM_1831_300s_20x20det_2_13_19 10761 11908 17085 1833002 10103 50955 2046733  7288 130961 40512 136626
SRM_1831_300s_20x20det_2_13_2  10637 12036 17224 1829616 10296 51299 2041832  7159 131613 40204 135462
SRM_1831_300s_20x20det_2_13_3  10513 12024 16909 1827784 10141 50570 2042817  7400 130939 40877 134865
SRM_1831_300s_20x20det_2_13_4  10405 12186 16963 1826441 10280 50530 2040604  7295 130387 40038 135920
SRM_1831_300s_20x20det_2_13_5  10584 11855 17015 1831293 10037 50427 2046177  7027 130621 40691 136507
SRM_1831_300s_20x20det_2_13_6  10810 12099 17125 1829567 10024 51015 2045158  6996 130684 40565 134896
SRM_1831_300s_20x20det_2_13_7  10576 11922 17038 1829689 10212 51565 2045961  7151 131253 40475 135345
SRM_1831_300s_20x20det_2_13_8  11047 12032 16944 1830715 10262 51377 2045298  7357 130510 40111 137106
SRM_1831_300s_20x20det_2_13_9  10661 12081 17193 1832240 10004 51382 2047225  6768 130491 40214 135263
SRM_1831_300s_20x20det_2_14_0  11010 12097 16925 1831711  9933 50519 2046711  6953 131073 39650 135100
SRM_1831_300s_20x20det_2_14_1  10933 12181 17075 1832133  9944 51608 2043805  7062 131402 40648 136053
SRM_1831_300s_20x20det_2_14_10 10686 12135 17051 1829973 10124 51424 2044515  7048 130432 40393 134227
SRM_1831_300s_20x20det_2_14_11 10531 12055 16994 1830239 10204 50846 2047296  7521 131911 40281 135908
SRM_1831_300s_20x20det_2_14_12   984  1172  1588  178988   879  4871  200656   609  12776  3645  12710
SRM_1831_300s_20x20det_2_14_13 10611 11999 17274 1836220 10312 51543 2049985  7357 132697 39837 136407
SRM_1831_300s_20x20det_2_14_14 10423 11873 16747 1830064 10282 51574 2042120  7644 130995 39505 136033
SRM_1831_300s_20x20det_2_14_15 10705 11882 16969 1831729 10105 51386 2046365  7426 130866 40368 135418
SRM_1831_300s_20x20det_2_14_16 10700 11862 17432 1831949 10472 51511 2045665  7166 131302 39785 135787
SRM_1831_300s_20x20det_2_14_17 10524 12084 17105 1829503  9950 50796 2041426  7228 131673 39898 134921
SRM_1831_300s_20x20det_2_14_18 10837 11584 16761 1832375  9909 51082 2046269  7005 130288 39546 135776
SRM_1831_300s_20x20det_2_14_19 10706 12068 17048 1830872 10110 51185 2045068  7264 130302 39606 136390
SRM_1831_300s_20x20det_2_14_2  10562 12021 17270 1829436  9795 51313 2040444  7356 129346 40221 135119
SRM_1831_300s_20x20det_2_14_3  10869 12208 17048 1831798 10351 50414 2045230  7338 131037 40651 136417
SRM_1831_300s_20x20det_2_14_4  10583 11952 16896 1830681 10463 51246 2040531  7129 131615 40045 134803
SRM_1831_300s_20x20det_2_14_5  10545 12002 16870 1830980  9784 51221 2043231  7143 131150 39862 135511
SRM_1831_300s_20x20det_2_14_6  10689 12054 17076 1830814 10336 50886 2040229  7282 130617 39101 136502
SRM_1831_300s_20x20det_2_14_7  10965 12286 17196 1829814  9985 51361 2040778  7212 130688 40027 134505
SRM_1831_300s_20x20det_2_14_8  10448 12092 17107 1830432  9778 50831 2044379  7165 130807 40441 135168
SRM_1831_300s_20x20det_2_14_9   6696  7274 10548 1152668  6461 32541 1320529  4948  84717 25522  87520
SRM_1831_300s_20x20det_2_15_0  10796 12057 16937 1832027 10013 51179 2043100  7256 130014 39877 136353
SRM_1831_300s_20x20det_2_15_1   6079  6887  9876 1071288  5701 29383 1199306  3976  77244 22911  79153
SRM_1831_300s_20x20det_2_15_10  8685  9933 14198 1528700  8394 42337 1709683  5880 109167 33589 111854
SRM_1831_300s_20x20det_2_15_11 10584 12026 17146 1829656 10218 51170 2043298  7287 131200 40844 135756
SRM_1831_300s_20x20det_2_15_12 10522 12040 17260 1830124 10163 50574 2042879  7438 132352 39354 135329
SRM_1831_300s_20x20det_2_15_13  2121  2411  3388  370396  2037 10268  415743  1428  26382  7924  27344
SRM_1831_300s_20x20det_2_15_14 10735 11505 16911 1824006  9894 51629 2041707  7321 131646 39254 135407
SRM_1831_300s_20x20det_2_15_15 10597 11990 17488 1838083 10072 51180 2049778  7210 130891 39690 136001
SRM_1831_300s_20x20det_2_15_16 10549 11895 16912 1835035 10418 51424 2045872  7330 131573 40783 136525
SRM_1831_300s_20x20det_2_15_17 10631 12083 17308 1834316  9850 51243 2045989  7050 130127 40570 136020
SRM_1831_300s_20x20det_2_15_18 10648 11743 16977 1831285 10004 50889 2044640  7574 131715 39542 135410
SRM_1831_300s_20x20det_2_15_19 10862 11820 17124 1833883 10105 50755 2046702  7462 130899 40129 135564
SRM_1831_300s_20x20det_2_15_2  10823 12030 16741 1829478  9923 50810 2041153  7647 130313 39936 134905
SRM_1831_300s_20x20det_2_15_3  10904 12122 17318 1828650 10126 51029 2042161  6968 130406 40065 135822
SRM_1831_300s_20x20det_2_15_4  10847 12384 17288 1831718  9982 50885 2042769  6989 131126 40577 135025
SRM_1831_300s_20x20det_2_15_5  10687 12065 17059 1831926 10253 50866 2039667  7324 130764 40124 135523
SRM_1831_300s_20x20det_2_15_6  10696 11986 17260 1830967 10637 51522 2045223  7491 131417 41044 135839
SRM_1831_300s_20x20det_2_15_7  10402 11904 16962 1831607  9795 51411 2046295  7401 130847 39341 134954
SRM_1831_300s_20x20det_2_15_8  10811 11803 17180 1832673  9951 51174 2041785  7284 131924 40572 136118
SRM_1831_300s_20x20det_2_15_9  10876 11846 16992 1832471 10051 51453 2046759  7392 130970 40435 135616
SRM_1831_300s_20x20det_2_16_0  10704 11870 17286 1832000 10261 51098 2045988  7099 130490 39878 135604
SRM_1831_300s_20x20det_2_16_1   1237  1368  1867  205165  1188  5517  228902   889  14475  4450  14401
SRM_1831_300s_20x20det_2_16_10 10730 12174 16605 1835759 10116 51376 2045564  7274 131720 40513 135441
SRM_1831_300s_20x20det_2_16_11 10872 11976 17152 1831395  9878 51124 2043787  7632 131201 40734 135474
SRM_1831_300s_20x20det_2_16_12 10541 11700 17181 1831133  9976 50915 2045535  7241 131640 41364 136080
SRM_1831_300s_20x20det_2_16_13 10680 11793 16923 1809833 13840 50281 2039355  7217 131285 38548 135338
SRM_1831_300s_20x20det_2_16_14 10642 12075 17376 1832632 10174 51404 2044486  7358 131210 40778 133821
SRM_1831_300s_20x20det_2_16_15 10919 12307 17314 1832453 10068 51133 2047746  7413 131124 40882 136182
SRM_1831_300s_20x20det_2_16_16 10676 12069 17321 1832185 10025 50716 2045301  7096 131321 39570 135886
SRM_1831_300s_20x20det_2_16_17 10745 12240 17441 1832199 10262 51445 2047171  7338 131853 40124 135651
SRM_1831_300s_20x20det_2_16_18  7587  8606 12453 1349900  7510 38030 1504787  5521  96525 28578  99759
SRM_1831_300s_20x20det_2_16_19 10592 12013 17456 1836518 10451 51647 2051757  7253 130780 40157 136530
SRM_1831_300s_20x20det_2_16_2  10785 11932 16995 1828509 10232 51125 2042269  7286 130991 40227 134711
SRM_1831_300s_20x20det_2_16_3   8115  9058 12495 1373099  7306 37961 1531463  5324  97577 29322  99992
SRM_1831_300s_20x20det_2_16_4  10678 11722 16844 1831347 10025 50560 2045325  7499 130374 40969 135274
SRM_1831_300s_20x20det_2_16_5  10705 11890 17088 1831906  9811 50990 2045689  7048 130729 39815 135777
SRM_1831_300s_20x20det_2_16_6  10579 11744 17075 1828627  9801 51037 2043671  7455 131715 39962 134971
SRM_1831_300s_20x20det_2_16_7  10573 11956 17149 1830615 10394 51496 2043978  7610 130255 39646 134952
SRM_1831_300s_20x20det_2_16_8  10887 12052 17207 1829755  9974 50951 2042981  7302 130844 40510 135263
SRM_1831_300s_20x20det_2_16_9  10560 11644 16814 1795369  9763 50346 2006354  6649 128343 39848 133250
SRM_1831_300s_20x20det_2_17_0  10734 11790 17151 1833989 10168 50732 2049290  7118 131153 39707 136747
SRM_1831_300s_20x20det_2_17_1  10699 11883 17006 1836194 10104 51348 2048078  6923 131568 39683 136039
SRM_1831_300s_20x20det_2_17_10 10599 12183 17087 1833024  9851 51530 2049889  7653 130423 40260 134507
SRM_1831_300s_20x20det_2_17_11 10703 12057 17239 1838008 10485 51780 2049028  7244 131747 40145 136581
SRM_1831_300s_20x20det_2_17_12 10704 11930 16961 1833327 10180 51590 2046401  7244 131666 41118 135465
SRM_1831_300s_20x20det_2_17_13 10585 11555 16874 1834572  9991 51608 2052019  7316 132195 39811 137053
SRM_1831_300s_20x20det_2_17_14  7025  7645 10950 1187170  6471 33337 1324685  4380  84990 25649  87831
SRM_1831_300s_20x20det_2_17_15 10932 12094 16988 1831465 10228 51354 2051039  7059 130909 40275 134853
SRM_1831_300s_20x20det_2_17_16 10841 11931 17129 1834209 10100 51466 2047030  7404 131016 39737 134639
SRM_1831_300s_20x20det_2_17_17 10786 11859 17226 1834724  9929 51258 2048673  7314 131398 40530 136105
SRM_1831_300s_20x20det_2_17_18 10758 12156 17155 1832908 10202 51734 2049795  7562 130698 38596 135045
SRM_1831_300s_20x20det_2_17_19  8682  9842 14110 1494932  8325 42205 1672209  5803 106434 32645 110423
SRM_1831_300s_20x20det_2_17_2  10667 11810 17108 1834836 10405 51825 2049823  7111 131176 40282 135860
SRM_1831_300s_20x20det_2_17_3  10515 11983 17187 1834671 10330 50945 2051102  7078 129902 39716 135439
SRM_1831_300s_20x20det_2_17_4  10845 11973 17022 1834929 10191 51780 2049893  7007 131155 39743 135338
SRM_1831_300s_20x20det_2_17_5  10863 12094 17049 1837114  9900 51316 2049933  7491 132283 39649 136057
SRM_1831_300s_20x20det_2_17_6  10794 12200 17216 1839144 10095 51057 2050606  7150 131301 40020 135400
SRM_1831_300s_20x20det_2_17_7  10725 12040 16758 1835843  9967 51507 2053634  7176 130873 40695 134633
SRM_1831_300s_20x20det_2_17_8  10835 11925 17171 1834927  9878 51139 2052130  7534 130562 39435 135678
SRM_1831_300s_20x20det_2_17_9  10835 12139 17215 1830674  9908 51314 2048477  6982 131931 40665 135355
SRM_1831_300s_20x20det_2_18_0  10661 11921 16827 1833910 10087 51802 2046779  7239 130485 39028 137159
SRM_1831_300s_20x20det_2_18_1  10796 11880 17127 1831651 10248 50812 2046645  6987 131612 41370 136589
SRM_1831_300s_20x20det_2_18_10 10541 11958 17112 1832808 10091 51202 2042766  7110 130532 40133 136090
SRM_1831_300s_20x20det_2_18_11 10830 11895 17137 1834504 10093 51087 2046289  7292 131279 40681 134338
SRM_1831_300s_20x20det_2_18_12 10698 12215 17133 1832454 10090 51306 2051074  7327 131053 40742 135388
SRM_1831_300s_20x20det_2_18_13 10898 11824 17241 1834335 10449 51057 2045676  7136 131860 39824 136087
SRM_1831_300s_20x20det_2_18_14 10758 12186 17247 1835412  9874 51113 2049811  7154 130798 39527 135210
SRM_1831_300s_20x20det_2_18_15 10478 11884 16896 1832380 10005 51020 2045291  6969 130909 41128 135213
SRM_1831_300s_20x20det_2_18_16 10800 11930 16807 1834099 10012 51583 2047728  7405 132308 40173 135875
SRM_1831_300s_20x20det_2_18_17 10446 12029 17021 1833851 10295 51247 2041973  6986 131343 39370 135499
SRM_1831_300s_20x20det_2_18_18 10598 11848 17157 1832485 10039 51381 2047812  7370 131144 39797 136336
SRM_1831_300s_20x20det_2_18_19 10741 11922 17279 1823991  9896 50576 2038050  7631 130923 40024 135107
SRM_1831_300s_20x20det_2_18_2  10657 11747 17255 1829849  9914 51182 2045734  6985 129415 39275 135919
SRM_1831_300s_20x20det_2_18_3  10724 12099 16965 1832343 10016 51416 2044869  7045 131179 40472 135647
SRM_1831_300s_20x20det_2_18_4  10708 11666 17070 1831096 10053 51500 2043272  6924 131376 40355 136014
SRM_1831_300s_20x20det_2_18_5  10950 11714 17096 1825217  9983 51357 2038066  7421 130452 38876 135024
SRM_1831_300s_20x20det_2_18_6  10622 11973 17226 1830690 10025 50841 2043864  6986 130213 40591 135050
SRM_1831_300s_20x20det_2_18_7  10716 12019 16542 1821265  9772 50968 2044047  7180 132090 40653 135450
SRM_1831_300s_20x20det_2_18_8  10642 11990 17327 1832487  9877 51247 2045460  7277 130398 40362 135492
SRM_1831_300s_20x20det_2_18_9  10543 11887 17241 1829832 10636 51659 2044534  7436 131317 40315 135399
SRM_1831_300s_20x20det_2_19_0  10872 11995 16852 1828091  9931 50984 2045375  7037 130562 40289 135964
SRM_1831_300s_20x20det_2_19_1  10621 11997 17122 1829864 10339 50964 2042848  7029 131821 40280 134522
SRM_1831_300s_20x20det_2_19_10 10726 12106 17240 1830919  9957 50848 2046437  7483 131748 39650 134856
SRM_1831_300s_20x20det_2_19_11 10663 12008 16982 1835029 10248 51175 2048791  6782 131495 39978 134037
SRM_1831_300s_20x20det_2_19_12 10755 11941 17479 1838364 10535 51703 2049675  7197 131965 40126 135993
SRM_1831_300s_20x20det_2_19_13 10703 12011 16796 1838750 10002 51107 2049216  7123 130463 39833 135759
SRM_1831_300s_20x20det_2_19_14 10272 11779 17059 1836051  9611 51137 2045094  7124 132331 39459 135374
SRM_1831_300s_20x20det_2_19_15 10953 11956 16913 1833137 10233 50953 2048369  7431 129960 40099 135223
SRM_1831_300s_20x20det_2_19_16 10694 11969 16748 1836487  9951 51388 2043925  7203 131222 40977 135916
SRM_1831_300s_20x20det_2_19_17 10386 11924 17097 1837873 10414 51905 2047928  7247 131278 40862 134715
SRM_1831_300s_20x20det_2_19_18 10905 12304 17219 1836579 10342 51435 2048311  7477 130333 40162 135284
SRM_1831_300s_20x20det_2_19_19 10442 11982 16758 1834750 10126 51410 2048825  7485 131733 41236 134756
SRM_1831_300s_20x20det_2_19_2  10695 11905 17247 1830506 10215 51383 2045488  7047 131244 40285 136151
SRM_1831_300s_20x20det_2_19_3  10706 12214 17085 1831680  9975 51560 2045684  7058 130835 40475 134172
SRM_1831_300s_20x20det_2_19_4  10595 11874 17197 1832476 10308 51594 2048170  7357 130787 39922 135259
SRM_1831_300s_20x20det_2_19_5  10481 11890 17557 1831777 10015 51748 2046209  7097 131378 40334 134128
SRM_1831_300s_20x20det_2_19_6  10681 11876 17159 1832335 10016 51590 2050245  7212 130266 40582 135029
SRM_1831_300s_20x20det_2_19_7  10546 11873 16841 1832231 10392 51391 2045401  7439 131456 40557 135140
SRM_1831_300s_20x20det_2_19_8  10699 11698 17243 1830759  9869 51137 2045175  7295 131497 39682 136408
SRM_1831_300s_20x20det_2_19_9  10772 11920 17083 1834731 10098 51410 2049027  7137 130780 40555 135324
SRM_1831_300s_20x20det_2_1_0   10639 11757 16699 1824816 10080 51397 2044011  7177 131503 39823 135372
SRM_1831_300s_20x20det_2_1_1   10612 11479 16755 1832044 10218 51009 2045175  7383 131655 40391 135198
SRM_1831_300s_20x20det_2_1_10  10550 11922 17136 1826861  9932 51010 2045560  7030 131057 40387 134260
SRM_1831_300s_20x20det_2_1_11  10427 11885 16894 1828191 10042 51411 2043565  7036 130971 39718 135809
SRM_1831_300s_20x20det_2_1_12  10417 11817 16752 1824405 10201 50935 2042501  7060 131328 40546 134864
SRM_1831_300s_20x20det_2_1_13  10619 11808 16914 1826671 10168 51436 2042906  7200 130351 40588 137034
SRM_1831_300s_20x20det_2_1_14  10549 11724 17051 1827347 10152 51045 2042605  7190 130583 40232 136550
SRM_1831_300s_20x20det_2_1_15  10693 11968 16776 1832509 10108 51106 2045870  7091 130320 39518 135852
SRM_1831_300s_20x20det_2_1_16  10659 11984 17613 1824648 10250 51773 2041147  7276 130279 39099 134393
SRM_1831_300s_20x20det_2_1_17  10332 11752 16852 1826648 10412 50838 2038503  6943 130562 39930 135227
SRM_1831_300s_20x20det_2_1_18  10452 12144 17007 1826914 10501 51159 2038440  7701 131423 39947 136673
SRM_1831_300s_20x20det_2_1_19  10658 11771 16866 1828643  9966 51081 2043418  7302 130701 39749 136141
SRM_1831_300s_20x20det_2_1_2   10893 11895 17058 1829405 10132 50850 2046920  7321 129609 40079 135218
SRM_1831_300s_20x20det_2_1_3   10603 11976 17272 1827900 10132 50886 2041577  7044 131689 39823 135041
SRM_1831_300s_20x20det_2_1_4    6719  7375 10707 1154268  6395 32662 1290809  4353  82831 24998  85108
SRM_1831_300s_20x20det_2_1_5   11090 12041 17347 1826872  9925 50829 2040480  7579 130715 39231 137566
SRM_1831_300s_20x20det_2_1_6   10398 12025 17160 1827189 10005 51122 2043891  7236 130617 39357 134860
SRM_1831_300s_20x20det_2_1_7   10879 11727 16996 1828921 10008 50987 2044626  7451 131751 40322 134997
SRM_1831_300s_20x20det_2_1_8   10723 11875 17240 1829929 10304 51196 2044139  6844 131392 40237 134638
SRM_1831_300s_20x20det_2_1_9   11018 12076 17192 1827916  9780 51103 2041887  7055 130227 40061 135955
SRM_1831_300s_20x20det_2_2_0   10668 11988 17097 1825445 10064 51276 2038599  7363 130478 39901 136444
SRM_1831_300s_20x20det_2_2_1   10453 12119 17089 1827164  9976 51230 2040318  7522 130890 41370 135694
SRM_1831_300s_20x20det_2_2_10  10308 11987 16708 1831551  9857 51362 2045758  7279 131172 39886 135571
SRM_1831_300s_20x20det_2_2_11   7272  7944 11579 1216280  6435 34177 1363307  4686  87816 26400  89845
SRM_1831_300s_20x20det_2_2_12  10464 11645 16692 1828276  9859 51582 2043391  7084 131521 38755 135624
SRM_1831_300s_20x20det_2_2_13  10344 11737 16647 1831153  9843 51389 2044992  6916 131189 40338 136238
SRM_1831_300s_20x20det_2_2_14  10529 11885 16842 1829559 10066 51035 2044199  7250 130671 40054 135687
SRM_1831_300s_20x20det_2_2_15  10405 11942 17023 1830582  9848 51415 2041470  7298 131767 39646 136056
SRM_1831_300s_20x20det_2_2_16  10661 12080 16693 1825935  9989 50795 2044151  7039 130221 40812 134396
SRM_1831_300s_20x20det_2_2_17  10818 12029 17283 1830232 10034 51066 2045505  7507 132129 39817 135976
SRM_1831_300s_20x20det_2_2_18  10478 11917 17279 1825602 10090 51256 2045706  7221 131394 40243 136157
SRM_1831_300s_20x20det_2_2_19  10605 11914 17184 1830598 10031 51598 2046478  7239 130968 39873 135708
SRM_1831_300s_20x20det_2_2_2   10443 12108 16829 1824618 10283 51059 2038380  7454 130885 40922 134865
SRM_1831_300s_20x20det_2_2_3   10594 12016 16994 1826746  9987 51155 2043636  6862 130719 40118 134752
SRM_1831_300s_20x20det_2_2_4   10808 12010 16832 1828284 10149 51008 2041497  7016 130200 39818 134854
SRM_1831_300s_20x20det_2_2_5     360   458   724   78806   468  2150   88364   282   5629  1570   5309
SRM_1831_300s_20x20det_2_2_6   10387 12005 17071 1828711 10049 51174 2044125  7603 130995 40811 135370
SRM_1831_300s_20x20det_2_2_7    3384  3802  5488  582341  3115 16359  650285  2285  41766 12472  43130
SRM_1831_300s_20x20det_2_2_8   10870 11986 17254 1830217  9872 51029 2047573  7354 131071 39961 135192
SRM_1831_300s_20x20det_2_2_9   10752 11709 17407 1827696 10228 51119 2044791  6921 131316 39892 135386
SRM_1831_300s_20x20det_2_3_0   10537 11726 16783 1832322 10363 51579 2046468  7103 130864 40222 136773
SRM_1831_300s_20x20det_2_3_1   10749 11998 16985 1829017 10281 51410 2044909  7299 131770 39994 136098
SRM_1831_300s_20x20det_2_3_10  10282 12173 17051 1831198 10003 51503 2045508  7455 129942 40023 134647
SRM_1831_300s_20x20det_2_3_11  10726 11873 16839 1829344  9745 51596 2045811  7509 131133 39531 135307
SRM_1831_300s_20x20det_2_3_12  10793 12078 17139 1827252  9888 50824 2042710  7303 131433 39245 135321
SRM_1831_300s_20x20det_2_3_13  10710 11969 17064 1829601 10394 51757 2046543  7719 131025 38888 135115
SRM_1831_300s_20x20det_2_3_14  10547 11959 16771 1825824 10128 51094 2041784  7407 130702 40671 134921
SRM_1831_300s_20x20det_2_3_15  10666 11969 16956 1831592  9823 51080 2046426  7200 131062 39881 134960
SRM_1831_300s_20x20det_2_3_16  10191 11852 16994 1830405  9948 51088 2048186  7185 130858 39345 134487
SRM_1831_300s_20x20det_2_3_17  10778 12275 16903 1830334  9872 51370 2047165  7047 131235 40315 134406
SRM_1831_300s_20x20det_2_3_18  10773 11974 17394 1830384  9827 51037 2048081  7154 129888 38994 134702
SRM_1831_300s_20x20det_2_3_19  10400 12205 17070 1830967  9814 51606 2046499  7183 132427 39583 135066
SRM_1831_300s_20x20det_2_3_2   10479 12130 17061 1830213 10169 50522 2046784  7350 131557 40805 136130
SRM_1831_300s_20x20det_2_3_3   10698 11755 17505 1828365  9873 50702 2044068  7491 130132 39484 134887
SRM_1831_300s_20x20det_2_3_4    8123  9128 12996 1412810  7981 39367 1578614  5524 100332 31126 104414
SRM_1831_300s_20x20det_2_3_5   10980 12044 17236 1830193 10341 51290 2046625  6980 130259 40074 135899
SRM_1831_300s_20x20det_2_3_6   10522 11691 17112 1826911 10310 51099 2046689  7795 131209 40055 135552
SRM_1831_300s_20x20det_2_3_7   10530 11961 17213 1829452  9928 51328 2044454  7433 130805 40579 136045
SRM_1831_300s_20x20det_2_3_8   10647 11895 16877 1831409  9999 51023 2048599  7274 131390 40488 136767
SRM_1831_300s_20x20det_2_3_9   10758 11944 16807 1828997 10006 50927 2043613  7326 130425 39195 135733
SRM_1831_300s_20x20det_2_4_0   10721 11857 17185 1830812  9799 51148 2046643  7027 131344 40239 136617
SRM_1831_300s_20x20det_2_4_1   10615 11702 16735 1829807  9909 51275 2047611  7279 131045 40457 135635
SRM_1831_300s_20x20det_2_4_10  10746 11947 17375 1827723 10189 50776 2044263  7333 130787 39904 136153
SRM_1831_300s_20x20det_2_4_11  10736 11762 17096 1829317  9931 51327 2043707  7674 130498 39988 135274
SRM_1831_300s_20x20det_2_4_12  10593 11830 16666 1825819 10041 51547 2043075  7082 131351 39324 135013
SRM_1831_300s_20x20det_2_4_13  10581 11733 16804 1829018 10001 51020 2043626  7230 130792 39634 135311
SRM_1831_300s_20x20det_2_4_14  10872 12125 16983 1827705 10152 51762 2041066  7537 131697 39364 136196
SRM_1831_300s_20x20det_2_4_15  10500 11795 16998 1830289  9937 51609 2046350  7299 131770 39445 134774
SRM_1831_300s_20x20det_2_4_16  10315 11785 16802 1800121 10318 51007 2041786  7122 131699 40385 135297
SRM_1831_300s_20x20det_2_4_17  10712 11894 16946 1828508 10039 51380 2044056  6982 131880 39457 134751
SRM_1831_300s_20x20det_2_4_18  10611 11918 17157 1830988 10325 51193 2047015  7387 131416 39704 134894
SRM_1831_300s_20x20det_2_4_19  10662 11709 16998 1829754  9962 50480 2044854  7336 131866 40231 135231
SRM_1831_300s_20x20det_2_4_2   10853 12040 16991 1825367  9975 51326 2044816  7011 130609 39347 134707
SRM_1831_300s_20x20det_2_4_3   10572 11990 17050 1826963 10059 51085 2041204  7198 131232 40542 135889
SRM_1831_300s_20x20det_2_4_4   10560 11881 17312 1822842  9635 50719 2037791  7192 131459 39921 134814
SRM_1831_300s_20x20det_2_4_5   10637 11852 17192 1823090  9963 51499 2038408  6941 130732 39689 133869
SRM_1831_300s_20x20det_2_4_6   10639 12269 17223 1827774  9905 51188 2041445  7135 130268 40661 134909
SRM_1831_300s_20x20det_2_4_7   10608 11706 16822 1827813  9873 50931 2041298  6833 131630 39449 134528
SRM_1831_300s_20x20det_2_4_8   10458 11788 16853 1827411 10007 50573 2042847  7153 131179 39756 135599
SRM_1831_300s_20x20det_2_4_9   10759 11701 17179 1825446 10247 51465 2045186  7259 130168 39831 135120
SRM_1831_300s_20x20det_2_5_0   10514 11802 17105 1827995 10005 51697 2042851  7864 131534 38290 135011
SRM_1831_300s_20x20det_2_5_1   10627 11714 16610 1829253  9761 51283 2044870  7396 130620 40209 135887
SRM_1831_300s_20x20det_2_5_10  10718 12170 17284 1832081 10454 50928 2047750  7141 130884 40014 136652
SRM_1831_300s_20x20det_2_5_11  10717 11843 16995 1830202 10355 51085 2050476  7317 130953 41391 135926
SRM_1831_300s_20x20det_2_5_12  10913 11767 17114 1826794 10188 50829 2042446  7131 130885 40056 134629
SRM_1831_300s_20x20det_2_5_13   7095  7886 11545 1218617  6802 34425 1364874  4706  86933 26190  90482
SRM_1831_300s_20x20det_2_5_14  10711 11989 16998 1829570 10258 51174 2050157  7274 130760 39832 135471
SRM_1831_300s_20x20det_2_5_15  10681 11770 17008 1827874  9988 51463 2046613  6897 130054 39914 137101
SRM_1831_300s_20x20det_2_5_16  10603 11906 17074 1829608  9778 51022 2042835  7238 130549 39584 134405
SRM_1831_300s_20x20det_2_5_17  10925 12082 17025 1828869  9907 51013 2043518  7331 131047 39963 136128
SRM_1831_300s_20x20det_2_5_18  10336 11848 16955 1829678  9908 51249 2042140  7118 131372 40036 134809
SRM_1831_300s_20x20det_2_5_19  10723 12021 16800 1829584 10112 51248 2043768  7299 131462 39643 135973
SRM_1831_300s_20x20det_2_5_2   10600 11843 17008 1824745 10113 51497 2042933  7250 130220 39080 134990
SRM_1831_300s_20x20det_2_5_3   10702 12081 17069 1824867  9975 51649 2043060  7779 131083 39894 135122
SRM_1831_300s_20x20det_2_5_4    9750 11520 16358 1766792 10106 51278 2035278  7111 131005 39885 134284
SRM_1831_300s_20x20det_2_5_5   10673 11676 17116 1829148 10126 50761 2043996  7089 131396 39115 134849
SRM_1831_300s_20x20det_2_5_6   10329 11485 16647 1830366 10159 50975 2041887  7436 131114 40229 135009
SRM_1831_300s_20x20det_2_5_7   10548 11745 16871 1829573  9855 51384 2043540  7511 131250 39853 134786
SRM_1831_300s_20x20det_2_5_8   10649 12002 17123 1829514 10075 51745 2043867  7007 130611 41680 135487
SRM_1831_300s_20x20det_2_5_9   10524 12136 17181 1829119  9774 51208 2046625  7277 131359 40728 136388
SRM_1831_300s_20x20det_2_6_0    6011  6623  9688 1048776  5561 29370 1173400  4048  75666 22498  77396
SRM_1831_300s_20x20det_2_6_1   10778 11924 17277 1822227 10095 51338 2043594  7292 130099 39972 136329
SRM_1831_300s_20x20det_2_6_10  10523 12036 16842 1828026 10165 51422 2040539  7312 130251 39222 134781
SRM_1831_300s_20x20det_2_6_11  10611 12008 17050 1829915 10167 51123 2042476  7419 132108 41162 135191
SRM_1831_300s_20x20det_2_6_12  10956 12108 17288 1829488 10068 51268 2046618  7012 131550 40572 134688
SRM_1831_300s_20x20det_2_6_13   9839 11181 15799 1706932  9292 47685 1909839  6669 122059 37121 125852
SRM_1831_300s_20x20det_2_6_14  10569 11990 17291 1831083 10105 51350 2045689  7334 131146 40736 136008
SRM_1831_300s_20x20det_2_6_15  10537 11795 16892 1831887  9977 51518 2047859  7348 131077 40077 135477
SRM_1831_300s_20x20det_2_6_16  10499 11953 17204 1825567 10029 51051 2041666  7201 131001 40656 135975
SRM_1831_300s_20x20det_2_6_17  10860 12117 17187 1830193  9541 51211 2043634  7393 130607 39909 135332
SRM_1831_300s_20x20det_2_6_18   1095  1352  1890  205297  1110  5655  229717   755  14595  4143  14488
SRM_1831_300s_20x20det_2_6_19  10483 11817 16908 1828101 10134 51589 2046757  7548 131381 40740 135962
SRM_1831_300s_20x20det_2_6_2   10665 12080 16967 1829068  9800 51862 2041872  7389 129784 39880 134763
SRM_1831_300s_20x20det_2_6_3    9681 11129 15233 1655323  9031 46625 1847643  6442 118039 36063 122606
SRM_1831_300s_20x20det_2_6_4   10525 11979 17139 1829223  9903 50232 2043786  6974 131457 40355 135647
SRM_1831_300s_20x20det_2_6_5   10699 11815 16985 1827354  9924 51022 2040385  7208 132283 39374 134951
SRM_1831_300s_20x20det_2_6_6   10502 11906 17142 1828456 10047 50774 2042629  7259 130595 39894 135209
SRM_1831_300s_20x20det_2_6_7   10570 11801 17269 1828645 10131 51254 2043190  6995 130181 40253 135373
SRM_1831_300s_20x20det_2_6_8   10291 11836 16948 1828931  9923 51205 2043117  7217 130498 39899 134300
SRM_1831_300s_20x20det_2_6_9   10831 11908 17143 1830260  9896 51597 2047401  7206 130764 40943 134736
SRM_1831_300s_20x20det_2_7_0   10774 11880 16887 1828351 10194 51201 2042801  7017 130064 40267 134955
SRM_1831_300s_20x20det_2_7_1   10508 11683 16968 1831199 10059 50629 2041049  7074 131421 39336 135093
SRM_1831_300s_20x20det_2_7_10  10395 11995 16938 1833743 10096 50938 2047039  7626 130646 41137 135232
SRM_1831_300s_20x20det_2_7_11  10933 12090 16972 1830373  9840 51158 2042800  6997 130392 39500 135833
SRM_1831_300s_20x20det_2_7_12  10535 11902 17098 1830686  9941 51063 2045809  6878 132622 41168 134824
SRM_1831_300s_20x20det_2_7_13   8284  9212 13043 1403112  7773 39401 1565399  5426 101229 30442 103517
SRM_1831_300s_20x20det_2_7_14  10629 12188 17275 1832205 10214 50935 2043940  7132 131863 39846 135158
SRM_1831_300s_20x20det_2_7_15  10486 11910 17079 1826872  9964 51149 2046661  7109 131112 40800 135457
SRM_1831_300s_20x20det_2_7_16  10342 11768 17064 1827247  9901 50980 2041949  7363 131194 40086 135007
SRM_1831_300s_20x20det_2_7_17  10737 11941 17200 1830657 10089 50746 2047654  7219 131133 40417 136653
SRM_1831_300s_20x20det_2_7_18  10993 12217 17112 1827934  9911 51363 2043646  7483 129299 39663 134454
SRM_1831_300s_20x20det_2_7_19  10594 11911 17273 1828052 10196 51299 2043517  7373 131296 40593 135200
SRM_1831_300s_20x20det_2_7_2   10843 12062 16871 1827949  9992 51126 2041774  7235 130907 40774 135358
SRM_1831_300s_20x20det_2_7_3   10556 11960 16909 1828375  9750 50898 2046689  7090 130798 39070 134825
SRM_1831_300s_20x20det_2_7_4   10593 11946 17211 1830435 10063 51149 2044479  7117 131705 40004 135520
SRM_1831_300s_20x20det_2_7_5   10637 12050 17336 1832499 10162 51283 2043871  7463 131220 40513 135324
SRM_1831_300s_20x20det_2_7_6   10469 11705 16665 1830042 10017 50444 2046276  7447 130927 39553 134999
SRM_1831_300s_20x20det_2_7_7   10581 11868 16960 1827894 10024 51668 2042003  6690 130145 39068 135261
SRM_1831_300s_20x20det_2_7_8   10697 11901 16797 1832488  9520 51061 2045620  7165 131336 40083 136046
SRM_1831_300s_20x20det_2_7_9   10529 11977 17017 1829518 10475 51071 2043969  7393 132258 40731 135550
SRM_1831_300s_20x20det_2_8_0   10573 12245 17099 1832488  9998 51155 2046660  7423 131421 39680 136604
SRM_1831_300s_20x20det_2_8_1   10366 11768 17128 1830366 10014 50994 2046618  6923 131538 39647 135443
SRM_1831_300s_20x20det_2_8_10  10421 11994 16792 1829630 10136 51152 2047185  7425 130946 39750 136263
SRM_1831_300s_20x20det_2_8_11  10512 11720 16986 1828142 10055 51584 2040323  7098 131913 39065 135578
SRM_1831_300s_20x20det_2_8_12  10830 12183 17363 1827753  9640 50342 2043282  6678 131228 39532 135772
SRM_1831_300s_20x20det_2_8_13  10760 11710 16941 1826559 10140 50627 2041539  7134 130912 40133 134539
SRM_1831_300s_20x20det_2_8_14  10734 11939 17198 1826160 10089 50855 2041136  7418 129650 39786 135143
SRM_1831_300s_20x20det_2_8_15  10840 11867 16999 1829334 10094 50706 2046096  7084 131843 39601 136304
SRM_1831_300s_20x20det_2_8_16   3301  3753  5251  573583  3198 15805  641536  2299  41010 12183  42355
SRM_1831_300s_20x20det_2_8_17  10466 11888 17044 1828694 10080 51349 2041443  7118 131080 39119 135441
SRM_1831_300s_20x20det_2_8_18  10828 12153 17331 1829527 10419 51591 2047754  7435 130874 39661 135601
SRM_1831_300s_20x20det_2_8_19  10647 11881 17057 1833569 10180 51174 2048802  7088 130035 40141 135791
SRM_1831_300s_20x20det_2_8_2   10850 12034 17334 1828981 10065 51138 2043587  7622 131149 40585 136363
SRM_1831_300s_20x20det_2_8_3   10258 12004 17280 1834128 10026 51094 2046226  6894 131071 40534 137010
SRM_1831_300s_20x20det_2_8_4   10584 11851 17041 1835167  9964 51466 2048030  7314 131582 39907 135257
SRM_1831_300s_20x20det_2_8_5   10673 11732 16996 1831130  9666 51026 2044000  6621 131372 39708 136128
SRM_1831_300s_20x20det_2_8_6   10667 11766 17166 1830673 10006 50618 2044726  7369 131615 39606 135933
SRM_1831_300s_20x20det_2_8_7   10788 12056 17199 1833903 10120 51428 2046834  6876 131861 40556 136324
SRM_1831_300s_20x20det_2_8_8   10688 11965 16952 1831304 10091 51326 2046485  7062 131257 39753 136774
SRM_1831_300s_20x20det_2_8_9   10906 12181 16948 1831576 10224 51614 2044795  7187 130395 39863 134629
SRM_1831_300s_20x20det_2_9_0   10372 11776 16816 1826374  9828 51276 2045250  7420 129903 40397 136049
SRM_1831_300s_20x20det_2_9_1    8625  9588 13509 1448090  8228 40507 1617138  5601 103462 31687 107611
SRM_1831_300s_20x20det_2_9_10  10596 11912 17172 1828955 10234 50813 2045316  7654 131602 40091 135830
SRM_1831_300s_20x20det_2_9_11  10596 12282 17169 1829529  9881 50903 2047402  7204 130284 39731 135374
SRM_1831_300s_20x20det_2_9_12   2062  2371  3252  365145  2045  9803  407527  1365  25669  7656  26525
SRM_1831_300s_20x20det_2_9_13  10406 11814 16837 1830065  9822 51894 2044676  7393 131773 40158 135215
SRM_1831_300s_20x20det_2_9_14  10574 11582 17515 1828615 10135 51075 2044160  7245 131421 40414 136114
SRM_1831_300s_20x20det_2_9_15  10279 11793 16916 1827312  9883 50555 2038698  7068 130806 39982 135287
SRM_1831_300s_20x20det_2_9_16  10548 12131 17180 1830480 10301 51462 2044552  7183 131536 40163 135519
SRM_1831_300s_20x20det_2_9_17  10387 11996 17266 1815649 10083 51020 2042557  7400 131250 40358 135146
SRM_1831_300s_20x20det_2_9_18  10722 11719 17302 1830576 10104 50864 2045721  7425 131863 40821 135378
SRM_1831_300s_20x20det_2_9_19  10666 12039 17125 1830772  9722 50931 2044614  7379 131274 39797 134407
SRM_1831_300s_20x20det_2_9_2   10070 11226 16321 1777006  9823 50787 2037072  7139 131530 39649 136345
SRM_1831_300s_20x20det_2_9_3   10452 11623 17405 1829770 10186 50988 2044750  6986 131709 39648 135729
SRM_1831_300s_20x20det_2_9_4   10403 12096 16977 1824400 10099 50968 2039386  7321 130999 40661 134864
SRM_1831_300s_20x20det_2_9_5   10930 12178 17348 1828745 10050 51585 2045931  6994 132189 39971 136522
SRM_1831_300s_20x20det_2_9_6   10669 12210 17162 1828853 10277 51287 2046128  7913 131348 39775 134738
SRM_1831_300s_20x20det_2_9_7   10746 12123 17081 1826842 10199 51469 2045834  7328 130700 40124 134815
SRM_1831_300s_20x20det_2_9_8    1505  1663  2525  271390  1293  7385  303501  1165  19154  5712  19570
SRM_1831_300s_20x20det_2_9_9   10879 12059 16964 1831367 10447 50470 2044565  7225 131025 40360 135184
------------------------------------------------------------------------------------------------------
Mean value:                    10212 11454 16371 1755387  9660 49084 1961815  6947 125731 38424 129995
Std. Abw.:                      1652  1850  2640  280515  1575  7872  313235  1138  20115  6227  20874
Std. Abw. rel. [%]:            16.18 16.15 16.13   15.98 16.30 16.04   15.97 16.39  16.00 16.21  16.06
Conf. interval:                   83    93   132   14026    79   394   15662    57   1006   311   1044
